101,2022,39,1300,0,101,0.348,0.525,0.817,0.704,0.84,102,0.584,16.53,16.56,11.9,12.82,103,22.26,24.09,24.65,31.61,30.32
101,2022,39,1400,0,101,0.35,0.525,0.817,0.704,0.84,102,0.585,16.52,16.55,11.9,12.82,103,22.12,24.19,24.7,31.61,30.33
101,2022,39,1500,0,101,0.352,0.525,0.817,0.704,0.839,102,0.585,16.52,16.56,11.9,12.83,103,22.02,24.23,24.72,31.62,30.32
101,2022,39,1600,0,101,0.353,0.526,0.817,0.704,0.839,102,0.586,16.54,16.57,11.9,12.83,103,21.89,24.23,24.73,31.63,30.31
101,2022,39,1700,0,101,0.353,0.525,0.817,0.704,0.84,102,0.586,16.54,16.56,11.9,12.83,103,21.84,24.22,24.73,31.64,30.32
101,2022,39,1800,0,101,0.353,0.525,0.817,0.704,0.84,102,0.587,16.55,16.56,11.9,12.83,103,21.8,24.21,24.73,31.64,30.32
101,2022,39,1900,0,101,0.353,0.525,0.817,0.704,0.84,102,0.587,16.55,16.57,11.9,12.83,103,21.79,24.21,24.72,31.64,30.32
101,2022,39,2000,0,101,0.353,0.525,0.817,0.704,0.84,102,0.587,16.56,16.57,11.9,12.83,103,21.77,24.21,24.72,31.65,30.32
101,2022,39,2100,0,101,0.352,0.525,0.817,0.704,0.84,102,0.587,16.57,16.57,11.9,12.83,103,21.74,24.2,24.72,31.66,30.32
101,2022,39,2200,0,101,0.352,0.525,0.817,0.704,0.84,102,0.587,16.58,16.57,11.9,12.83,103,21.7,24.19,24.72,31.65,30.32
101,2022,39,2300,0,101,0.352,0.525,0.817,0.704,0.84,102,0.587,16.58,16.57,11.9,12.83,103,21.64,24.18,24.72,31.66,30.32
101,2022,40,000,0,101,0.351,0.525,0.817,0.704,0.84,102,0.586,16.58,16.57,11.9,12.83,103,21.6,24.16,24.7,31.65,30.33
101,2022,40,100,0,101,0.351,0.525,0.817,0.704,0.84,102,0.586,16.59,16.58,11.9,12.83,103,21.59,24.15,24.7,31.66,30.32
101,2022,40,200,0,101,0.351,0.525,0.817,0.704,0.84,102,0.586,16.59,16.58,11.9,12.83,103,21.59,24.13,24.68,31.66,30.33
101,2022,40,300,0,101,0.351,0.525,0.817,0.704,0.84,102,0.586,16.6,16.58,11.9,12.83,103,21.6,24.12,24.68,31.66,30.33
101,2022,40,400,0,101,0.351,0.525,0.817,0.704,0.84,102,0.586,16.6,16.58,11.9,12.83,103,21.6,24.11,24.67,31.65,30.34
101,2022,40,500,0,101,0.35,0.525,0.817,0.704,0.84,102,0.586,16.61,16.59,11.9,12.83,103,21.58,24.1,24.66,31.65,30.34
101,2022,40,600,0,101,0.35,0.525,0.817,0.704,0.84,102,0.586,16.61,16.6,11.9,12.83,103,21.53,24.09,24.65,31.64,30.34
101,2022,40,700,0,101,0.35,0.525,0.817,0.704,0.84,102,0.586,16.61,16.6,11.91,12.83,103,21.52,24.07,24.65,31.64,30.34
101,2022,40,800,0,101,0.35,0.525,0.817,0.704,0.84,102,0.586,16.61,16.6,11.9,12.83,103,21.52,24.05,24.63,31.63,30.34
101,2022,40,900,0,101,0.35,0.525,0.817,0.704,0.84,102,0.586,16.58,16.58,11.9,12.83,103,21.64,24.03,24.64,31.63,30.32
101,2022,40,1000,0,101,0.352,0.525,0.817,0.704,0.84,102,0.586,16.58,16.58,11.91,12.83,103,22.13,24.04,24.63,31.63,30.32
101,2022,40,1100,0,101,0.354,0.525,0.817,0.704,0.839,102,0.585,16.57,16.57,11.91,12.83,103,22.52,24.1,24.65,31.62,30.33
101,2022,40,1200,0,101,0.356,0.526,0.817,0.704,0.839,102,0.586,16.56,16.57,11.9,12.82,103,22.44,24.14,24.69,31.63,30.33
101,2022,40,1300,0,101,0.358,0.526,0.817,0.704,0.839,102,0.586,16.55,16.57,11.91,12.82,103,22.22,24.18,24.72,31.63,30.34
101,2022,40,1400,0,101,0.359,0.526,0.817,0.704,0.839,102,0.586,16.55,16.57,11.91,12.83,103,22.12,24.25,24.75,31.63,30.33
101,2022,40,1500,0,101,0.359,0.526,0.817,0.704,0.839,102,0.587,16.55,16.57,11.91,12.82,103,22,24.28,24.76,31.65,30.34
101,2022,40,1600,0,101,0.359,0.526,0.817,0.704,0.839,102,0.588,16.57,16.58,11.91,12.83,103,21.94,24.28,24.76,31.64,30.31
101,2022,40,1700,0,101,0.359,0.526,0.817,0.704,0.839,102,0.588,16.59,16.58,11.91,12.83,103,21.93,24.26,24.73,31.67,30.31
101,2022,40,1800,0,101,0.358,0.526,0.817,0.704,0.839,102,0.589,16.6,16.58,11.91,12.83,103,21.96,24.26,24.72,31.67,30.33
101,2022,40,1900,0,101,0.358,0.526,0.817,0.704,0.839,102,0.589,16.6,16.58,11.91,12.83,103,21.96,24.25,24.71,31.68,30.33
101,2022,40,2000,0,101,0.358,0.526,0.817,0.704,0.84,102,0.589,16.6,16.58,11.91,12.83,103,21.98,24.24,24.7,31.68,30.33
101,2022,40,2100,0,101,0.358,0.526,0.817,0.704,0.84,102,0.589,16.61,16.58,11.91,12.83,103,21.96,24.23,24.7,31.68,30.33
101,2022,40,2200,0,101,0.357,0.525,0.817,0.704,0.84,102,0.588,16.62,16.58,11.91,12.83,103,21.96,24.21,24.7,31.68,30.33
101,2022,40,2300,0,101,0.357,0.525,0.817,0.704,0.84,102,0.588,16.62,16.59,11.91,12.83,103,21.93,24.21,24.7,31.68,30.33
101,2022,41,000,0,101,0.357,0.525,0.817,0.704,0.84,102,0.587,16.62,16.59,11.91,12.83,103,21.86,24.2,24.69,31.67,30.34
101,2022,41,100,0,101,0.356,0.525,0.817,0.704,0.84,102,0.587,16.62,16.59,11.91,12.83,103,21.84,24.19,24.69,31.67,30.34
101,2022,41,200,0,101,0.356,0.525,0.817,0.704,0.84,102,0.587,16.62,16.6,11.91,12.83,103,21.79,24.17,24.68,31.68,30.34
101,2022,41,300,0,101,0.356,0.525,0.817,0.704,0.84,102,0.586,16.62,16.6,11.91,12.83,103,21.76,24.15,24.67,31.67,30.34
101,2022,41,400,0,101,0.355,0.525,0.817,0.704,0.84,102,0.586,16.62,16.6,11.91,12.83,103,21.72,24.13,24.66,31.67,30.34
101,2022,41,500,0,101,0.355,0.525,0.817,0.704,0.84,102,0.586,16.63,16.6,11.91,12.83,103,21.69,24.11,24.66,31.67,30.35
101,2022,41,600,0,101,0.355,0.525,0.817,0.704,0.84,102,0.586,16.64,16.61,11.91,12.83,103,21.64,24.1,24.65,31.66,30.35
101,2022,41,700,0,101,0.354,0.524,0.817,0.704,0.84,102,0.585,16.64,16.61,11.91,12.83,103,21.58,24.09,24.64,31.66,30.37
101,2022,41,800,0,101,0.354,0.524,0.816,0.704,0.84,102,0.585,16.63,16.61,11.91,12.83,103,21.55,24.07,24.64,31.64,30.37
101,2022,41,900,0,101,0.353,0.525,0.816,0.704,0.84,102,0.585,16.59,16.59,11.91,12.82,103,21.61,24.02,24.62,31.65,30.34
101,2022,41,1000,0,101,0.355,0.525,0.816,0.704,0.839,102,0.585,16.58,16.58,11.91,12.83,103,22.1,24.01,24.61,31.64,30.32
101,2022,41,1100,0,101,0.357,0.525,0.816,0.704,0.839,102,0.585,16.57,16.58,11.91,12.83,103,22.64,24.05,24.62,31.64,30.33
101,2022,41,1200,0,101,0.358,0.526,0.816,0.704,0.839,102,0.585,16.56,16.58,11.91,12.83,103,22.73,24.1,24.65,31.63,30.34
101,2022,41,1300,0,101,0.357,0.526,0.816,0.704,0.839,102,0.585,16.55,16.58,11.91,12.83,103,22.68,24.13,24.68,31.63,30.34
101,2022,41,1400,0,101,0.356,0.526,0.816,0.704,0.839,102,0.585,16.55,16.58,11.92,12.82,103,22.4,24.17,24.7,31.64,30.35
101,2022,41,1500,0,101,0.355,0.526,0.816,0.704,0.839,102,0.586,16.54,16.58,11.92,12.82,103,22.26,24.19,24.71,31.66,30.34
101,2022,41,1600,0,101,0.353,0.525,0.816,0.704,0.839,102,0.587,16.55,16.58,11.92,12.83,103,22.13,24.18,24.7,31.65,30.33
101,2022,41,1700,0,101,0.352,0.525,0.816,0.704,0.839,102,0.587,16.58,16.59,11.91,12.83,103,22.11,24.16,24.68,31.67,30.33
101,2022,41,1800,0,101,0.351,0.525,0.816,0.704,0.839,102,0.588,16.58,16.59,11.91,12.83,103,22.17,24.15,24.66,31.67,30.34
101,2022,41,1900,0,101,0.351,0.524,0.816,0.704,0.839,102,0.587,16.59,16.59,11.91,12.83,103,22.14,24.15,24.64,31.67,30.34
101,2022,41,2000,0,101,0.351,0.524,0.816,0.704,0.839,102,0.587,16.58,16.6,11.91,12.83,103,22.1,24.15,24.64,31.67,30.34
101,2022,41,2100,0,101,0.351,0.524,0.816,0.704,0.839,102,0.587,16.58,16.59,11.91,12.83,103,22.1,24.13,24.63,31.66,30.34
101,2022,41,2200,0,101,0.35,0.525,0.816,0.704,0.839,102,0.586,16.57,16.6,11.91,12.83,103,22.03,24.11,24.62,31.66,30.34
101,2022,41,2300,0,101,0.35,0.525,0.816,0.704,0.839,102,0.586,16.57,16.6,11.91,12.83,103,21.98,24.09,24.61,31.66,30.35
101,2022,42,000,0,101,0.35,0.525,0.816,0.704,0.839,102,0.585,16.57,16.6,11.91,12.83,103,21.93,24.08,24.61,31.66,30.36
101,2022,42,100,0,101,0.35,0.524,0.816,0.704,0.84,102,0.585,16.56,16.61,11.91,12.83,103,21.86,24.05,24.6,31.64,30.37
101,2022,42,200,0,101,0.349,0.524,0.816,0.704,0.84,102,0.585,16.57,16.61,11.91,12.83,103,21.78,24.01,24.6,31.63,30.37
101,2022,42,300,0,101,0.349,0.524,0.816,0.704,0.84,102,0.585,16.58,16.61,11.91,12.83,103,21.71,23.98,24.59,31.63,30.37
101,2022,42,400,0,101,0.348,0.524,0.816,0.704,0.84,102,0.584,16.58,16.61,11.91,12.82,103,21.55,23.94,24.57,31.62,30.38
101,2022,42,500,0,101,0.348,0.524,0.816,0.704,0.84,102,0.584,16.58,16.6,11.91,12.82,103,21.18,23.91,24.55,31.62,30.37
101,2022,42,600,0,101,0.347,0.524,0.816,0.704,0.84,102,0.584,16.58,16.6,11.91,12.82,103,20.95,23.89,24.55,31.62,30.37
101,2022,42,700,0,101,0.347,0.524,0.816,0.704,0.84,102,0.584,16.57,16.6,11.91,12.82,103,20.8,23.89,24.55,31.62,30.36
101,2022,42,800,0,101,0.346,0.524,0.816,0.704,0.84,102,0.584,16.57,16.59,11.91,12.82,103,20.67,23.88,24.55,31.62,30.36
101,2022,42,900,0,101,0.346,0.525,0.815,0.704,0.839,102,0.584,16.54,16.57,11.91,12.82,103,20.7,23.84,24.53,31.63,30.34
101,2022,42,1000,0,101,0.347,0.525,0.815,0.704,0.839,102,0.584,16.52,16.57,11.91,12.82,103,21.12,23.75,24.46,31.57,30.34
101,2022,42,1100,0,101,0.348,0.526,0.815,0.704,0.839,102,0.583,16.52,16.57,11.91,12.82,103,21.47,23.76,24.45,31.56,30.31
101,2022,42,1200,0,101,0.348,0.526,0.815,0.704,0.839,102,0.583,16.52,16.57,11.91,12.82,103,21.75,23.8,24.46,31.55,30.31
101,2022,42,1300,0,101,0.349,0.526,0.815,0.704,0.839,102,0.583,16.51,16.57,11.91,12.82,103,21.84,23.86,24.49,31.56,30.31
101,2022,42,1400,0,101,0.348,0.526,0.815,0.704,0.839,102,0.583,16.51,16.57,11.91,12.82,103,21.84,23.89,24.51,31.54,30.31
101,2022,42,1500,0,101,0.348,0.526,0.815,0.704,0.839,102,0.584,16.51,16.57,11.91,12.82,103,21.72,23.9,24.53,31.55,30.31
101,2022,42,1600,0,101,0.347,0.526,0.815,0.704,0.839,102,0.584,16.51,16.57,11.91,12.82,103,21.6,23.88,24.52,31.55,30.31
101,2022,42,1700,0,101,0.346,0.526,0.815,0.704,0.839,102,0.584,16.51,16.58,11.91,12.82,103,21.55,23.86,24.5,31.56,30.32
101,2022,42,1800,0,101,0.346,0.525,0.815,0.704,0.839,102,0.584,16.51,16.57,11.91,12.83,103,21.52,23.84,24.5,31.56,30.32
101,2022,42,1900,0,101,0.346,0.525,0.815,0.704,0.839,102,0.584,16.5,16.57,11.91,12.83,103,21.53,23.84,24.48,31.56,30.32
101,2022,42,2000,0,101,0.346,0.525,0.815,0.704,0.839,102,0.584,16.49,16.57,11.91,12.83,103,21.46,23.83,24.48,31.56,30.33
101,2022,42,2100,0,101,0.346,0.525,0.815,0.704,0.839,102,0.584,16.49,16.57,11.91,12.82,103,21.35,23.81,24.47,31.56,30.34
101,2022,42,2200,0,101,0.346,0.524,0.815,0.704,0.84,102,0.583,16.49,16.57,11.9,12.82,103,21.14,23.77,24.45,31.56,30.34
101,2022,42,2300,0,101,0.346,0.524,0.815,0.704,0.84,102,0.583,16.48,16.58,11.9,12.82,103,20.97,23.76,24.44,31.54,30.35
101,2022,43,000,0,101,0.345,0.524,0.815,0.704,0.84,102,0.583,16.48,16.58,11.91,12.82,103,20.8,23.75,24.43,31.54,30.34
101,2022,43,100,0,101,0.345,0.524,0.815,0.704,0.84,102,0.583,16.49,16.57,11.9,12.82,103,20.61,23.75,24.44,31.56,30.32
101,2022,43,200,0,101,0.344,0.524,0.815,0.704,0.84,102,0.583,16.49,16.57,11.9,12.82,103,20.33,23.76,24.46,31.6,30.31
101,2022,43,300,0,101,0.344,0.524,0.814,0.704,0.84,102,0.583,16.5,16.57,11.9,12.81,103,20.06,23.78,24.49,31.63,30.31
101,2022,43,400,0,101,0.343,0.523,0.814,0.704,0.841,102,0.583,16.5,16.56,11.9,12.81,103,19.9,23.78,24.51,31.65,30.31
101,2022,43,500,0,101,0.341,0.523,0.814,0.703,0.842,102,0.582,16.5,16.56,11.9,12.81,103,19.59,23.78,24.53,31.67,30.31
101,2022,43,600,0,101,0.34,0.523,0.814,0.703,0.841,102,0.582,16.5,16.56,11.89,12.81,103,19.16,23.78,24.54,31.7,30.3
101,2022,43,700,0,101,0.338,0.523,0.814,0.703,0.841,102,0.582,16.49,16.56,11.89,12.81,103,19.07,23.78,24.57,31.72,30.3
101,2022,43,800,0,101,0.337,0.523,0.814,0.703,0.841,102,0.582,16.49,16.56,11.89,12.81,103,18.85,23.78,24.58,31.74,30.29
101,2022,43,900,0,101,0.337,0.523,0.814,0.703,0.84,102,0.582,16.47,16.55,11.89,12.8,103,18.83,23.77,24.58,31.74,30.29
101,2022,43,1000,0,101,0.338,0.523,0.814,0.703,0.839,102,0.581,16.45,16.54,11.89,12.8,103,19,23.69,24.52,31.69,30.24
101,2022,43,1100,0,101,0.339,0.524,0.814,0.703,0.839,102,0.581,16.42,16.54,11.89,12.81,103,19.31,23.52,24.31,31.56,30.24
101,2022,43,1200,0,101,0.341,0.526,0.814,0.703,0.839,102,0.581,16.42,16.54,11.89,12.81,103,19.87,23.43,24.18,31.42,30.23
101,2022,43,1300,0,101,0.342,0.527,0.814,0.703,0.839,102,0.581,16.41,16.54,11.89,12.81,103,20.45,23.48,24.19,31.41,30.23
101,2022,43,1400,0,101,0.343,0.527,0.814,0.703,0.838,102,0.581,16.41,16.54,11.89,12.81,103,20.88,23.55,24.21,31.4,30.23
101,2022,43,1500,0,101,0.344,0.527,0.814,0.703,0.838,102,0.581,16.41,16.53,11.89,12.81,103,20.91,23.6,24.25,31.39,30.23
101,2022,43,1600,0,101,0.345,0.527,0.814,0.703,0.838,102,0.581,16.41,16.53,11.89,12.81,103,20.83,23.64,24.27,31.39,30.22
101,2022,43,1700,0,101,0.345,0.527,0.814,0.703,0.839,102,0.581,16.41,16.53,11.89,12.81,103,20.72,23.64,24.26,31.42,30.24
101,2022,43,1800,0,101,0.345,0.527,0.814,0.703,0.839,102,0.581,16.4,16.53,11.89,12.82,103,20.65,23.66,24.27,31.42,30.25
101,2022,43,1900,0,101,0.345,0.526,0.814,0.703,0.839,102,0.581,16.4,16.53,11.89,12.81,103,20.56,23.66,24.27,31.42,30.25
101,2022,43,2000,0,101,0.345,0.526,0.814,0.703,0.839,102,0.581,16.39,16.52,11.89,12.81,103,20.42,23.66,24.27,31.42,30.25
101,2022,43,2100,0,101,0.345,0.526,0.813,0.703,0.839,102,0.581,16.39,16.53,11.89,12.81,103,20.29,23.66,24.27,31.42,30.25
101,2022,43,2200,0,101,0.345,0.526,0.813,0.703,0.839,102,0.581,16.39,16.53,11.89,12.81,103,20.05,23.63,24.27,31.41,30.26
101,2022,43,2300,0,101,0.344,0.526,0.813,0.703,0.84,102,0.581,16.39,16.52,11.88,12.8,103,19.89,23.61,24.25,31.41,30.27
101,2022,44,000,0,101,0.343,0.526,0.813,0.703,0.84,102,0.581,16.39,16.52,11.88,12.8,103,19.77,23.6,24.25,31.4,30.28
101,2022,44,100,0,101,0.343,0.525,0.813,0.703,0.84,102,0.581,16.39,16.52,11.89,12.8,103,19.61,23.6,24.25,31.41,30.26
101,2022,44,200,0,101,0.342,0.525,0.813,0.703,0.84,102,0.581,16.4,16.52,11.88,12.8,103,19.42,23.6,24.26,31.42,30.25
101,2022,44,300,0,101,0.341,0.525,0.813,0.703,0.84,102,0.581,16.41,16.52,11.88,12.79,103,19.25,23.6,24.27,31.43,30.25
101,2022,44,400,0,101,0.341,0.525,0.813,0.703,0.839,102,0.581,16.41,16.51,11.88,12.8,103,19.09,23.61,24.29,31.46,30.25
101,2022,44,500,0,101,0.34,0.525,0.813,0.703,0.839,102,0.581,16.41,16.51,11.88,12.8,103,18.97,23.62,24.32,31.49,30.24
101,2022,44,600,0,101,0.339,0.525,0.813,0.703,0.839,102,0.58,16.4,16.51,11.88,12.79,103,18.83,23.62,24.34,31.52,30.24
101,2022,44,700,0,101,0.338,0.525,0.813,0.703,0.84,102,0.58,16.39,16.51,11.88,12.79,103,18.69,23.62,24.37,31.56,30.24
101,2022,44,800,0,101,0.337,0.525,0.813,0.703,0.84,102,0.58,16.39,16.51,11.88,12.79,103,18.5,23.64,24.4,31.59,30.25
101,2022,44,900,0,101,0.338,0.525,0.813,0.703,0.839,102,0.58,16.37,16.49,11.88,12.79,103,18.62,23.62,24.4,31.59,30.23
101,2022,44,1000,0,101,0.339,0.525,0.813,0.703,0.838,102,0.58,16.34,16.49,11.88,12.79,103,18.8,23.46,24.25,31.5,30.17
101,2022,44,1100,0,101,0.341,0.53,0.813,0.703,0.838,102,0.58,16.34,16.49,11.88,12.79,103,19.53,23.33,24.06,31.33,30.2
101,2022,44,1200,0,101,0.342,0.53,0.813,0.703,0.838,102,0.58,16.33,16.48,11.88,12.79,103,20.49,23.35,24.05,31.32,30.19
101,2022,44,1300,0,101,0.343,0.53,0.813,0.703,0.838,102,0.58,16.32,16.48,11.88,12.79,103,20.76,23.42,24.08,31.31,30.19
101,2022,44,1400,0,101,0.343,0.53,0.813,0.703,0.838,102,0.579,16.32,16.48,11.88,12.79,103,20.92,23.49,24.1,31.31,30.19
101,2022,44,1500,0,101,0.343,0.532,0.813,0.703,0.838,102,0.58,16.33,16.48,11.88,12.79,103,20.78,23.51,24.12,31.3,30.19
101,2022,44,1600,0,101,0.343,0.532,0.812,0.703,0.838,102,0.58,16.32,16.48,11.88,12.79,103,20.44,23.5,24.13,31.3,30.18
101,2022,44,1700,0,101,0.342,0.532,0.812,0.703,0.838,102,0.58,16.33,16.48,11.88,12.79,103,20.26,23.48,24.12,31.31,30.18
101,2022,44,1800,0,101,0.342,0.532,0.812,0.703,0.838,102,0.58,16.33,16.48,11.88,12.79,103,20.17,23.46,24.12,31.31,30.19
101,2022,44,1900,0,101,0.341,0.532,0.812,0.703,0.838,102,0.58,16.32,16.48,11.88,12.79,103,20.13,23.46,24.12,31.3,30.18
101,2022,44,2000,0,101,0.341,0.532,0.812,0.703,0.838,102,0.58,16.32,16.48,11.88,12.79,103,20.08,23.44,24.1,31.31,30.18
101,2022,44,2100,0,101,0.341,0.539,0.812,0.703,0.838,102,0.58,16.32,16.47,11.88,12.79,103,20.02,23.42,24.09,31.31,30.18
101,2022,44,2200,0,101,0.34,0.539,0.812,0.703,0.838,102,0.58,16.32,16.47,11.88,12.79,103,19.98,23.41,24.09,31.3,30.17
101,2022,44,2300,0,101,0.34,0.539,0.812,0.703,0.838,102,0.58,16.32,16.47,11.88,12.79,103,19.92,23.4,24.08,31.3,30.17
101,2022,45,000,0,101,0.34,0.539,0.812,0.703,0.838,102,0.581,16.32,16.47,11.88,12.79,103,19.9,23.38,24.06,31.3,30.17
101,2022,45,100,0,101,0.34,0.54,0.812,0.703,0.838,102,0.581,16.32,16.47,11.88,12.79,103,19.9,23.38,24.06,31.29,30.17
101,2022,45,200,0,101,0.34,0.54,0.812,0.703,0.838,102,0.581,16.32,16.47,11.88,12.79,103,19.9,23.36,24.05,31.3,30.17
101,2022,45,300,0,101,0.34,0.54,0.812,0.703,0.838,102,0.58,16.32,16.47,11.87,12.79,103,19.96,23.36,24.05,31.29,30.17
101,2022,45,400,0,101,0.339,0.54,0.812,0.703,0.838,102,0.58,16.32,16.46,11.88,12.79,103,19.96,23.36,24.04,31.29,30.17
101,2022,45,500,0,101,0.339,0.543,0.812,0.703,0.838,102,0.58,16.31,16.46,11.89,12.78,103,19.95,23.36,24.05,31.28,30.16
101,2022,45,600,0,101,0.339,0.544,0.812,0.703,0.838,102,0.58,16.31,16.46,11.88,12.79,103,19.92,23.35,24.03,31.28,30.16
101,2022,45,700,0,101,0.339,0.544,0.812,0.703,0.838,102,0.58,16.31,16.46,11.88,12.78,103,19.9,23.34,24.03,31.28,30.17
101,2022,45,800,0,101,0.339,0.544,0.811,0.702,0.838,102,0.58,16.31,16.45,11.88,12.78,103,19.93,23.34,24.02,31.28,30.16
101,2022,45,900,0,101,0.339,0.545,0.811,0.702,0.838,102,0.58,16.31,16.46,11.88,12.78,103,19.9,23.34,24.01,31.27,30.16
101,2022,45,1000,0,101,0.34,0.545,0.811,0.702,0.838,102,0.58,16.3,16.45,11.88,12.78,103,19.99,23.35,24.03,31.25,30.14
101,2022,45,1100,0,101,0.34,0.545,0.811,0.702,0.838,102,0.58,16.3,16.45,11.87,12.78,103,20.02,23.35,24.03,31.25,30.14
101,2022,45,1200,0,101,0.34,0.545,0.811,0.702,0.838,102,0.58,16.31,16.45,11.87,12.78,103,19.9,23.35,24.01,31.26,30.15
101,2022,45,1300,0,101,0.34,0.546,0.811,0.702,0.838,102,0.58,16.3,16.45,11.88,12.79,103,19.96,23.36,24.01,31.27,30.16
101,2022,45,1400,0,101,0.342,0.548,0.811,0.702,0.838,102,0.58,16.3,16.44,11.87,12.79,103,20.14,23.37,24.01,31.26,30.16
101,2022,45,1500,0,101,0.343,0.548,0.812,0.702,0.838,102,0.58,16.3,16.44,11.88,12.79,103,20.36,23.39,24.01,31.26,30.15
101,2022,45,1600,0,101,0.344,0.548,0.811,0.702,0.838,102,0.58,16.3,16.44,11.87,12.79,103,20.49,23.43,24.03,31.25,30.15
101,2022,45,1700,0,101,0.345,0.547,0.811,0.702,0.838,102,0.58,16.31,16.44,11.87,12.79,103,20.53,23.46,24.05,31.25,30.14
101,2022,45,1800,0,101,0.346,0.548,0.811,0.702,0.838,102,0.58,16.31,16.44,11.87,12.78,103,20.5,23.49,24.07,31.25,30.14
101,2022,45,1900,0,101,0.346,0.548,0.811,0.702,0.838,102,0.58,16.31,16.44,11.87,12.78,103,20.43,23.52,24.09,31.25,30.14
101,2022,45,2000,0,101,0.346,0.547,0.811,0.702,0.838,102,0.58,16.31,16.44,11.87,12.78,103,20.36,23.53,24.1,31.26,30.14
101,2022,45,2100,0,101,0.347,0.547,0.811,0.702,0.838,102,0.58,16.31,16.44,11.87,12.78,103,20.3,23.54,24.12,31.26,30.13
101,2022,45,2200,0,101,0.347,0.547,0.811,0.702,0.838,102,0.58,16.31,16.44,11.87,12.78,103,20.21,23.55,24.12,31.26,30.13
101,2022,45,2300,0,101,0.347,0.547,0.811,0.702,0.838,102,0.58,16.3,16.44,11.87,12.78,103,20.14,23.56,24.13,31.26,30.13
101,2022,46,000,0,101,0.347,0.547,0.811,0.702,0.838,102,0.58,16.3,16.44,11.87,12.78,103,20.08,23.56,24.13,31.27,30.13
101,2022,46,100,0,101,0.347,0.547,0.811,0.702,0.838,102,0.58,16.3,16.43,11.87,12.78,103,20.02,23.56,24.14,31.27,30.12
101,2022,46,200,0,101,0.347,0.547,0.811,0.702,0.838,102,0.58,16.3,16.43,11.87,12.77,103,19.96,23.56,24.14,31.27,30.13
101,2022,46,300,0,101,0.347,0.547,0.811,0.702,0.838,102,0.58,16.3,16.43,11.87,12.77,103,19.89,23.56,24.13,31.27,30.13
101,2022,46,400,0,101,0.347,0.547,0.811,0.702,0.838,102,0.58,16.3,16.43,11.87,12.77,103,19.81,23.56,24.13,31.27,30.13
101,2022,46,500,0,101,0.347,0.546,0.811,0.702,0.838,102,0.58,16.31,16.43,11.87,12.77,103,19.71,23.55,24.13,31.28,30.12
101,2022,46,600,0,101,0.347,0.546,0.811,0.702,0.838,102,0.58,16.3,16.43,11.87,12.77,103,19.62,23.55,24.12,31.27,30.13
101,2022,46,700,0,101,0.347,0.546,0.811,0.702,0.838,102,0.58,16.31,16.43,11.87,12.77,103,19.51,23.54,24.12,31.27,30.13
101,2022,46,800,0,101,0.347,0.546,0.811,0.702,0.838,102,0.58,16.31,16.43,11.87,12.76,103,19.41,23.53,24.11,31.27,30.13
101,2022,46,900,0,101,0.347,0.547,0.811,0.702,0.838,102,0.58,16.31,16.43,11.87,12.76,103,19.36,23.53,24.12,31.27,30.13
101,2022,46,1000,0,101,0.347,0.547,0.811,0.702,0.838,102,0.58,16.29,16.41,11.86,12.76,103,19.35,23.52,24.12,31.26,30.12
101,2022,46,1100,0,101,0.347,0.547,0.811,0.702,0.838,102,0.58,16.28,16.41,11.86,12.76,103,19.4,23.52,24.12,31.26,30.11
101,2022,46,1200,0,101,0.348,0.547,0.811,0.702,0.838,102,0.58,16.28,16.41,11.86,12.76,103,19.56,23.52,24.12,31.25,30.11
101,2022,46,1300,0,101,0.35,0.547,0.811,0.702,0.837,102,0.58,16.28,16.4,11.86,12.76,103,19.86,23.55,24.12,31.25,30.11
101,2022,46,1400,0,101,0.353,0.55,0.811,0.702,0.837,102,0.581,16.3,16.41,11.86,12.77,103,20.42,23.6,24.14,31.24,30.08
101,2022,46,1500,0,101,0.36,0.55,0.811,0.702,0.837,102,0.583,16.32,16.41,11.86,12.77,103,21.17,23.72,24.18,31.23,30.08
101,2022,46,1600,0,101,0.362,0.549,0.811,0.702,0.837,102,0.586,16.34,16.41,11.86,12.77,103,21.34,23.94,24.28,31.24,30.09
101,2022,46,1700,0,101,0.362,0.549,0.811,0.702,0.838,102,0.588,16.37,16.42,11.86,12.76,103,21.11,24.09,24.4,31.26,30.08
101,2022,46,1800,0,101,0.361,0.549,0.811,0.702,0.838,102,0.589,16.38,16.43,11.86,12.76,103,20.84,24.15,24.5,31.28,30.08
101,2022,46,1900,0,101,0.36,0.549,0.811,0.702,0.838,102,0.589,16.41,16.43,11.86,12.76,103,20.53,24.17,24.56,31.29,30.09
101,2022,46,2000,0,101,0.358,0.549,0.811,0.702,0.838,102,0.589,16.43,16.43,11.86,12.76,103,20.28,24.15,24.59,31.32,30.1
101,2022,46,2100,0,101,0.357,0.548,0.811,0.702,0.838,102,0.589,16.44,16.43,11.86,12.75,103,20.08,24.13,24.59,31.33,30.11
101,2022,46,2200,0,101,0.356,0.548,0.811,0.702,0.838,102,0.589,16.45,16.43,11.86,12.75,103,19.87,24.12,24.61,31.36,30.08
101,2022,46,2300,0,101,0.355,0.548,0.811,0.702,0.838,102,0.588,16.47,16.43,11.86,12.75,103,19.67,24.12,24.64,31.41,30.05
101,2022,47,000,0,101,0.353,0.548,0.811,0.702,0.838,102,0.588,16.49,16.43,11.86,12.74,103,19.51,24.11,24.66,31.46,30.05
101,2022,47,100,0,101,0.353,0.548,0.811,0.702,0.838,102,0.588,16.49,16.43,11.86,12.74,103,19.35,24.11,24.69,31.49,30.05
101,2022,47,200,0,101,0.352,0.548,0.811,0.702,0.838,102,0.588,16.5,16.44,11.86,12.74,103,19.23,24.1,24.71,31.53,30.05
101,2022,47,300,0,101,0.351,0.547,0.811,0.702,0.838,102,0.588,16.51,16.44,11.86,12.75,103,19.12,24.1,24.72,31.56,30.07
101,2022,47,400,0,101,0.351,0.547,0.811,0.702,0.838,102,0.587,16.51,16.44,11.86,12.74,103,19.03,24.09,24.75,31.59,30.08
101,2022,47,500,0,101,0.35,0.547,0.811,0.702,0.838,102,0.587,16.52,16.44,11.86,12.74,103,18.96,24.09,24.75,31.61,30.08
101,2022,47,600,0,101,0.35,0.547,0.811,0.702,0.838,102,0.587,16.52,16.45,11.86,12.75,103,18.9,24.09,24.77,31.63,30.08
101,2022,47,700,0,101,0.35,0.547,0.811,0.702,0.838,102,0.587,16.53,16.45,11.86,12.74,103,18.8,24.09,24.79,31.67,30.09
101,2022,47,800,0,101,0.35,0.547,0.811,0.702,0.838,102,0.586,16.52,16.45,11.86,12.74,103,18.72,24.09,24.8,31.67,30.09
101,2022,47,900,0,101,0.347,0.547,0.811,0.702,0.837,102,0.586,16.52,16.45,11.86,12.74,103,18.72,24.05,24.78,31.69,30.08
101,2022,47,1000,0,101,0.347,0.548,0.811,0.702,0.837,102,0.586,16.51,16.45,11.86,12.75,103,18.9,23.94,24.65,31.63,30.05
101,2022,47,1100,0,101,0.348,0.548,0.811,0.702,0.837,102,0.586,16.53,16.46,11.86,12.76,103,19.67,23.74,24.34,31.36,30.08
101,2022,47,1200,0,101,0.351,0.549,0.811,0.702,0.837,102,0.587,16.53,16.47,11.86,12.76,103,20.49,23.82,24.36,31.36,30.08
101,2022,47,1300,0,101,0.355,0.55,0.811,0.702,0.837,102,0.587,16.53,16.47,11.86,12.75,103,20.62,23.96,24.42,31.35,30.08
101,2022,47,1400,0,101,0.357,0.55,0.811,0.702,0.837,102,0.588,16.53,16.47,11.86,12.75,103,20.44,24.03,24.48,31.35,30.08
101,2022,47,1500,0,101,0.356,0.55,0.811,0.702,0.837,102,0.588,16.53,16.48,11.86,12.75,103,20.2,24.05,24.52,31.35,30.08
101,2022,47,1600,0,101,0.355,0.55,0.811,0.702,0.837,102,0.589,16.55,16.48,11.86,12.76,103,20.08,24.04,24.53,31.36,30.08
101,2022,47,1700,0,101,0.354,0.55,0.811,0.702,0.837,102,0.589,16.55,16.48,11.86,12.76,103,19.99,24.02,24.52,31.39,30.09
101,2022,47,1800,0,101,0.354,0.55,0.811,0.702,0.837,102,0.589,16.56,16.49,11.86,12.76,103,19.95,24,24.51,31.39,30.11
101,2022,47,1900,0,101,0.353,0.55,0.811,0.702,0.837,102,0.589,16.57,16.49,11.86,12.76,103,19.86,23.99,24.5,31.4,30.11
101,2022,47,2000,0,101,0.353,0.549,0.811,0.702,0.837,102,0.588,16.57,16.48,11.88,12.76,103,19.72,23.96,24.5,31.41,30.12
101,2022,47,2100,0,101,0.352,0.549,0.811,0.702,0.837,102,0.588,16.57,16.49,11.87,12.75,103,19.52,23.93,24.48,31.41,30.13
101,2022,47,2200,0,101,0.351,0.549,0.811,0.702,0.837,102,0.588,16.57,16.49,11.88,12.75,103,19.35,23.89,24.46,31.4,30.13
101,2022,47,2300,0,101,0.351,0.549,0.811,0.702,0.837,102,0.588,16.57,16.48,11.87,12.75,103,19.18,23.86,24.44,31.39,30.14
101,2022,48,000,0,101,0.35,0.549,0.811,0.702,0.837,102,0.588,16.57,16.48,11.86,12.75,103,18.98,23.86,24.45,31.41,30.11
101,2022,48,100,0,101,0.349,0.549,0.811,0.702,0.837,102,0.587,16.58,16.49,11.87,12.75,103,18.82,23.86,24.48,31.45,30.1
101,2022,48,200,0,101,0.348,0.548,0.811,0.702,0.837,102,0.587,16.57,16.48,11.87,12.74,103,18.61,23.86,24.5,31.5,30.09
101,2022,48,300,0,101,0.347,0.548,0.811,0.702,0.837,102,0.587,16.58,16.48,11.87,12.74,103,18.39,23.89,24.56,31.56,30.09
101,2022,48,400,0,101,0.346,0.548,0.811,0.702,0.837,102,0.586,16.58,16.48,11.86,12.74,103,18.17,23.92,24.62,31.63,30.1
101,2022,48,500,0,101,0.345,0.548,0.811,0.702,0.837,102,0.586,16.57,16.48,11.86,12.74,103,17.92,23.93,24.68,31.7,30.11
101,2022,48,600,0,101,0.344,0.548,0.811,0.702,0.837,102,0.586,16.57,16.48,11.86,12.74,103,17.7,23.94,24.72,31.73,30.11
101,2022,48,700,0,101,0.343,0.549,0.811,0.702,0.837,102,0.585,16.57,16.48,11.86,12.74,103,17.52,23.95,24.75,31.74,30.11
101,2022,48,800,0,101,0.343,0.549,0.811,0.702,0.837,102,0.585,16.55,16.48,11.86,12.74,103,17.4,23.95,24.76,31.75,30.13
101,2022,48,900,0,101,0.342,0.549,0.811,0.701,0.837,102,0.585,16.55,16.48,11.86,12.74,103,17.48,23.93,24.76,31.73,30.12
101,2022,48,1000,0,101,0.343,0.55,0.811,0.701,0.837,102,0.585,16.52,16.48,11.86,12.75,103,17.75,23.78,24.61,31.66,30.08
101,2022,48,1100,0,101,0.345,0.55,0.811,0.701,0.836,102,0.585,16.52,16.48,11.86,12.76,103,18.39,23.48,24.17,31.33,30.11
101,2022,48,1200,0,101,0.346,0.551,0.811,0.701,0.836,102,0.585,16.52,16.48,11.86,12.76,103,18.91,23.49,24.16,31.32,30.09
