101,2022,83,1700,0,101,0.353,0.597,0.813,0.705,0.838,102,0.594,16.92,16.93,12.18,13.13,103,19.65,23.64,24.48,31.53,30.52
101,2022,83,1800,0,101,0.353,0.597,0.813,0.705,0.838,102,0.595,16.93,16.93,12.18,13.13,103,19.61,23.65,24.46,31.55,30.55
101,2022,83,1900,0,101,0.354,0.597,0.813,0.705,0.838,102,0.594,16.94,16.92,12.18,13.13,103,19.62,23.66,24.45,31.55,30.55
101,2022,83,2000,0,101,0.355,0.597,0.813,0.705,0.839,102,0.593,16.93,16.93,12.18,13.13,103,19.65,23.66,24.44,31.55,30.54
101,2022,83,2100,0,101,0.356,0.597,0.813,0.705,0.839,102,0.593,16.93,16.92,12.18,13.13,103,19.5,23.62,24.43,31.54,30.54
101,2022,83,2200,0,101,0.356,0.597,0.813,0.705,0.839,102,0.592,16.94,16.93,12.17,13.13,103,19.43,23.62,24.42,31.54,30.54
101,2022,83,2300,0,101,0.357,0.597,0.813,0.705,0.839,102,0.592,16.96,16.93,12.17,13.13,103,19.4,23.62,24.41,31.54,30.54
101,2022,84,000,0,101,0.357,0.597,0.812,0.705,0.839,102,0.592,16.96,16.93,12.17,13.13,103,19.36,23.6,24.4,31.53,30.54
101,2022,84,100,0,101,0.357,0.597,0.812,0.705,0.839,102,0.591,16.96,16.93,12.17,13.13,103,19.33,23.6,24.4,31.53,30.54
101,2022,84,200,0,101,0.358,0.597,0.812,0.705,0.839,102,0.591,16.94,16.94,12.17,13.13,103,19.27,23.6,24.4,31.52,30.54
101,2022,84,300,0,101,0.358,0.597,0.812,0.705,0.839,102,0.591,16.94,16.94,12.17,13.13,103,19.23,23.59,24.4,31.52,30.54
101,2022,84,400,0,101,0.358,0.597,0.812,0.705,0.839,102,0.59,16.93,16.94,12.17,13.13,103,19.16,23.59,24.39,31.51,30.53
101,2022,84,500,0,101,0.358,0.597,0.812,0.705,0.839,102,0.59,16.92,16.94,12.17,13.12,103,19.12,23.58,24.39,31.51,30.53
101,2022,84,600,0,101,0.358,0.596,0.812,0.705,0.839,102,0.59,16.91,16.94,12.16,13.13,103,19.08,23.58,24.39,31.5,30.53
101,2022,84,700,0,101,0.358,0.596,0.812,0.705,0.839,102,0.59,16.91,16.94,12.17,13.12,103,19.09,23.58,24.4,31.49,30.53
101,2022,84,800,0,101,0.358,0.596,0.812,0.705,0.839,102,0.59,16.89,16.93,12.17,13.13,103,19.05,23.57,24.39,31.49,30.52
101,2022,84,900,0,101,0.36,0.597,0.812,0.705,0.839,102,0.59,16.86,16.92,12.16,13.11,103,19.11,23.54,24.38,31.49,30.5
101,2022,84,1000,0,101,0.36,0.597,0.812,0.705,0.838,102,0.589,16.85,16.91,12.16,13.11,103,19.29,23.54,24.39,31.48,30.5
101,2022,84,1100,0,101,0.359,0.597,0.812,0.705,0.838,102,0.589,16.84,16.91,12.17,13.11,103,19.22,23.55,24.4,31.48,30.5
101,2022,84,1200,0,101,0.357,0.597,0.812,0.705,0.838,102,0.589,16.83,16.91,12.17,13.11,103,19.17,23.54,24.4,31.47,30.51
101,2022,84,1300,0,101,0.355,0.596,0.812,0.705,0.838,102,0.59,16.81,16.91,12.17,13.11,103,19.06,23.53,24.4,31.47,30.5
101,2022,84,1400,0,101,0.354,0.596,0.812,0.704,0.838,102,0.59,16.81,16.9,12.17,13.1,103,19.13,23.52,24.39,31.46,30.5
101,2022,84,1500,0,101,0.354,0.597,0.812,0.705,0.838,102,0.591,16.83,16.91,12.16,13.11,103,19.09,23.5,24.39,31.46,30.49
101,2022,84,1600,0,101,0.353,0.597,0.812,0.704,0.838,102,0.591,16.83,16.91,12.16,13.1,103,19.07,23.48,24.38,31.46,30.48
101,2022,84,1700,0,101,0.352,0.596,0.812,0.704,0.838,102,0.591,16.83,16.91,12.16,13.1,103,19.07,23.48,24.37,31.46,30.49
101,2022,84,1800,0,101,0.352,0.596,0.812,0.704,0.838,102,0.591,16.83,16.91,12.17,13.11,103,19.08,23.48,24.35,31.46,30.49
101,2022,84,1900,0,101,0.353,0.596,0.811,0.704,0.838,102,0.591,16.83,16.91,12.16,13.11,103,19.21,23.47,24.35,31.46,30.5
101,2022,84,2000,0,101,0.354,0.596,0.811,0.704,0.838,102,0.591,16.83,16.9,12.16,13.11,103,19.22,23.47,24.34,31.46,30.49
101,2022,84,2100,0,101,0.355,0.596,0.811,0.704,0.838,102,0.591,16.83,16.9,12.16,13.1,103,19.25,23.46,24.34,31.46,30.49
101,2022,84,2200,0,101,0.356,0.597,0.811,0.704,0.838,102,0.591,16.83,16.9,12.16,13.11,103,19.25,23.47,24.33,31.46,30.49
101,2022,84,2300,0,101,0.357,0.597,0.811,0.704,0.838,102,0.59,16.83,16.9,12.16,13.1,103,19.23,23.47,24.33,31.45,30.49
101,2022,85,000,0,101,0.358,0.597,0.811,0.704,0.838,102,0.59,16.82,16.9,12.16,13.11,103,19.21,23.48,24.32,31.46,30.49
101,2022,85,100,0,101,0.359,0.597,0.811,0.704,0.838,102,0.59,16.82,16.91,12.16,13.1,103,19.17,23.47,24.32,31.45,30.49
101,2022,85,200,0,101,0.36,0.597,0.811,0.704,0.838,102,0.589,16.82,16.9,12.16,13.11,103,19.15,23.48,24.32,31.45,30.47
101,2022,85,300,0,101,0.36,0.597,0.811,0.704,0.838,102,0.589,16.81,16.9,12.16,13.11,103,19.12,23.48,24.32,31.44,30.47
101,2022,85,400,0,101,0.36,0.597,0.811,0.704,0.838,102,0.589,16.81,16.9,12.16,13.1,103,19.15,23.47,24.32,31.43,30.47
101,2022,85,500,0,101,0.361,0.597,0.811,0.704,0.838,102,0.589,16.8,16.89,12.16,13.11,103,19.13,23.48,24.31,31.43,30.46
101,2022,85,600,0,101,0.361,0.597,0.811,0.704,0.838,102,0.588,16.8,16.89,12.16,13.1,103,19.13,23.47,24.32,31.43,30.46
101,2022,85,700,0,101,0.362,0.597,0.811,0.704,0.838,102,0.588,16.78,16.88,12.16,13.1,103,19.12,23.46,24.32,31.41,30.44
101,2022,85,800,0,101,0.362,0.597,0.811,0.704,0.838,102,0.588,16.77,16.88,12.16,13.1,103,19.15,23.45,24.31,31.41,30.45
101,2022,85,900,0,101,0.362,0.597,0.811,0.704,0.838,102,0.588,16.78,16.88,12.16,13.09,103,19.18,23.44,24.31,31.41,30.44
101,2022,85,1000,0,101,0.362,0.597,0.811,0.704,0.838,102,0.588,16.75,16.86,12.16,13.09,103,19.25,23.44,24.32,31.41,30.46
101,2022,85,1100,0,101,0.361,0.597,0.811,0.704,0.838,102,0.588,16.75,16.85,12.16,13.09,103,19.36,23.43,24.32,31.4,30.46
101,2022,85,1200,0,101,0.361,0.597,0.811,0.704,0.838,102,0.588,16.75,16.85,12.16,13.09,103,19.36,23.42,24.32,31.39,30.46
101,2022,85,1300,0,101,0.361,0.597,0.811,0.704,0.838,102,0.589,16.75,16.85,12.16,13.09,103,19.46,23.41,24.32,31.39,30.46
101,2022,85,1400,0,101,0.36,0.597,0.811,0.704,0.838,102,0.59,16.75,16.85,12.16,13.09,103,19.52,23.42,24.33,31.39,30.46
101,2022,85,1500,0,101,0.36,0.597,0.811,0.704,0.838,102,0.591,16.75,16.85,12.16,13.09,103,19.47,23.42,24.32,31.39,30.46
101,2022,85,1600,0,101,0.36,0.597,0.811,0.704,0.838,102,0.592,16.77,16.86,12.16,13.09,103,19.44,23.42,24.31,31.39,30.44
101,2022,85,1700,0,101,0.359,0.597,0.811,0.704,0.838,102,0.592,16.78,16.87,12.16,13.09,103,19.36,23.42,24.3,31.39,30.45
101,2022,85,1800,0,101,0.36,0.597,0.811,0.704,0.838,102,0.593,16.78,16.87,12.16,13.09,103,19.35,23.42,24.29,31.39,30.45
101,2022,85,1900,0,101,0.36,0.597,0.811,0.704,0.838,102,0.592,16.79,16.87,12.16,13.09,103,19.38,23.44,24.29,31.39,30.46
101,2022,85,2000,0,101,0.361,0.597,0.811,0.704,0.838,102,0.592,16.8,16.87,12.16,13.09,103,19.38,23.44,24.28,31.39,30.45
101,2022,85,2100,0,101,0.361,0.597,0.811,0.704,0.838,102,0.591,16.8,16.87,12.16,13.09,103,19.4,23.44,24.28,31.39,30.46
101,2022,85,2200,0,101,0.362,0.597,0.811,0.704,0.838,102,0.591,16.81,16.87,12.16,13.09,103,19.39,23.43,24.27,31.39,30.45
101,2022,85,2300,0,101,0.363,0.597,0.811,0.704,0.838,102,0.59,16.81,16.87,12.16,13.09,103,19.38,23.43,24.27,31.38,30.45
101,2022,86,000,0,101,0.363,0.597,0.811,0.704,0.838,102,0.59,16.81,16.88,12.16,13.09,103,19.38,23.42,24.27,31.39,30.44
101,2022,86,100,0,101,0.364,0.597,0.811,0.704,0.838,102,0.59,16.81,16.88,12.16,13.1,103,19.36,23.42,24.27,31.38,30.44
101,2022,86,200,0,101,0.364,0.597,0.81,0.704,0.838,102,0.589,16.81,16.88,12.16,13.09,103,19.34,23.42,24.27,31.38,30.43
101,2022,86,300,0,101,0.365,0.597,0.81,0.704,0.838,102,0.589,16.8,16.88,12.16,13.09,103,19.3,23.42,24.27,31.38,30.43
101,2022,86,400,0,101,0.365,0.597,0.81,0.704,0.838,102,0.589,16.8,16.88,12.16,13.09,103,19.28,23.42,24.26,31.38,30.43
101,2022,86,500,0,101,0.365,0.597,0.811,0.704,0.838,102,0.588,16.8,16.88,12.16,13.09,103,19.23,23.42,24.26,31.37,30.43
101,2022,86,600,0,101,0.365,0.597,0.81,0.704,0.838,102,0.588,16.79,16.88,12.15,13.09,103,19.21,23.42,24.25,31.38,30.43
101,2022,86,700,0,101,0.366,0.596,0.81,0.704,0.838,102,0.588,16.79,16.88,12.15,13.09,103,19.19,23.41,24.27,31.36,30.42
101,2022,86,800,0,101,0.366,0.597,0.81,0.704,0.838,102,0.588,16.78,16.87,12.15,13.09,103,19.18,23.39,24.27,31.36,30.4
101,2022,86,900,0,101,0.366,0.597,0.81,0.704,0.838,102,0.588,16.76,16.86,12.15,13.08,103,19.19,23.38,24.27,31.35,30.4
101,2022,86,1000,0,101,0.366,0.597,0.81,0.704,0.838,102,0.588,16.76,16.86,12.15,13.08,103,19.18,23.39,24.27,31.34,30.4
101,2022,86,1100,0,101,0.365,0.596,0.81,0.704,0.837,102,0.587,16.75,16.85,12.16,13.08,103,19.15,23.38,24.27,31.34,30.39
101,2022,86,1200,0,101,0.364,0.596,0.81,0.704,0.837,102,0.587,16.73,16.85,12.15,13.07,103,19.15,23.38,24.27,31.34,30.4
101,2022,86,1300,0,101,0.364,0.596,0.81,0.704,0.837,102,0.587,16.72,16.84,12.15,13.07,103,19.18,23.38,24.27,31.33,30.41
101,2022,86,1400,0,101,0.363,0.596,0.81,0.704,0.837,102,0.588,16.72,16.84,12.15,13.08,103,19.13,23.36,24.26,31.33,30.4
101,2022,86,1500,0,101,0.362,0.596,0.81,0.704,0.837,102,0.588,16.73,16.85,12.15,13.07,103,19.07,23.35,24.26,31.33,30.39
101,2022,86,1600,0,101,0.362,0.596,0.81,0.704,0.837,102,0.588,16.73,16.85,12.15,13.07,103,19.05,23.35,24.26,31.32,30.38
101,2022,86,1700,0,101,0.361,0.596,0.81,0.704,0.837,102,0.589,16.73,16.85,12.15,13.08,103,19.04,23.35,24.25,31.33,30.39
101,2022,86,1800,0,101,0.361,0.596,0.81,0.704,0.837,102,0.589,16.73,16.85,12.15,13.08,103,19.03,23.36,24.25,31.33,30.4
101,2022,86,1900,0,101,0.361,0.596,0.81,0.704,0.837,102,0.589,16.73,16.85,12.15,13.08,103,19.03,23.37,24.24,31.33,30.4
101,2022,86,2000,0,101,0.362,0.596,0.81,0.704,0.838,102,0.589,16.73,16.85,12.15,13.08,103,19.02,23.36,24.25,31.33,30.4
101,2022,86,2100,0,101,0.362,0.596,0.81,0.704,0.838,102,0.589,16.72,16.85,12.15,13.08,103,19.03,23.37,24.24,31.33,30.4
101,2022,86,2200,0,101,0.363,0.596,0.81,0.704,0.838,102,0.588,16.73,16.85,12.15,13.08,103,19.04,23.37,24.24,31.33,30.4
101,2022,86,2300,0,101,0.363,0.596,0.81,0.704,0.838,102,0.588,16.72,16.85,12.15,13.08,103,19.04,23.37,24.23,31.32,30.39
101,2022,87,000,0,101,0.364,0.596,0.81,0.704,0.837,102,0.588,16.72,16.85,12.15,13.08,103,19.05,23.37,24.23,31.32,30.38
101,2022,87,100,0,101,0.365,0.596,0.81,0.704,0.838,102,0.588,16.72,16.85,12.15,13.08,103,19.05,23.37,24.22,31.32,30.38
101,2022,87,200,0,101,0.372,0.598,0.81,0.704,0.838,102,0.588,16.73,16.85,12.16,13.09,103,19.22,23.38,24.22,31.32,30.38
101,2022,87,300,0,101,0.371,0.597,0.81,0.704,0.838,102,0.588,16.72,16.85,12.15,13.09,103,19.31,23.39,24.22,31.32,30.37
101,2022,87,400,0,101,0.371,0.597,0.81,0.704,0.838,102,0.588,16.72,16.85,12.15,13.09,103,19.28,23.41,24.22,31.32,30.37
101,2022,87,500,0,101,0.372,0.597,0.81,0.704,0.838,102,0.588,16.72,16.85,12.16,13.09,103,19.24,23.42,24.22,31.32,30.37
101,2022,87,600,0,101,0.372,0.597,0.809,0.704,0.838,102,0.588,16.71,16.85,12.15,13.09,103,19.19,23.42,24.22,31.32,30.37
101,2022,87,700,0,101,0.372,0.597,0.809,0.704,0.838,102,0.587,16.71,16.85,12.15,13.09,103,19.15,23.42,24.24,31.31,30.37
101,2022,87,800,0,101,0.372,0.597,0.809,0.704,0.838,102,0.587,16.7,16.84,12.15,13.09,103,19.12,23.41,24.25,31.3,30.35
101,2022,87,900,0,101,0.372,0.597,0.809,0.704,0.837,102,0.587,16.69,16.84,12.15,13.08,103,19.1,23.4,24.26,31.29,30.34
101,2022,87,1000,0,101,0.372,0.597,0.809,0.704,0.837,102,0.587,16.68,16.84,12.15,13.08,103,19.09,23.4,24.26,31.28,30.34
101,2022,87,1100,0,101,0.372,0.596,0.809,0.703,0.837,102,0.587,16.68,16.83,12.15,13.07,103,19.08,23.38,24.26,31.29,30.35
101,2022,87,1200,0,101,0.371,0.596,0.809,0.704,0.837,102,0.587,16.68,16.83,12.15,13.07,103,19.01,23.38,24.27,31.28,30.34
101,2022,87,1300,0,101,0.369,0.596,0.809,0.704,0.837,102,0.587,16.68,16.83,12.15,13.07,103,18.96,23.37,24.26,31.28,30.33
101,2022,87,1400,0,101,0.367,0.596,0.809,0.704,0.837,102,0.588,16.68,16.83,12.15,13.07,103,18.92,23.37,24.27,31.28,30.33
101,2022,87,1500,0,101,0.366,0.596,0.809,0.704,0.837,102,0.588,16.68,16.83,12.15,13.07,103,18.9,23.36,24.25,31.29,30.34
101,2022,87,1600,0,101,0.367,0.596,0.809,0.703,0.837,102,0.588,16.68,16.83,12.15,13.07,103,18.87,23.37,24.25,31.3,30.34
101,2022,87,1700,0,101,0.366,0.596,0.809,0.703,0.837,102,0.588,16.68,16.83,12.14,13.07,103,18.87,23.36,24.24,31.29,30.34
101,2022,87,1800,0,101,0.366,0.596,0.809,0.703,0.837,102,0.588,16.69,16.83,12.15,13.07,103,18.86,23.36,24.23,31.29,30.34
101,2022,87,1900,0,101,0.367,0.596,0.809,0.703,0.837,102,0.588,16.68,16.83,12.15,13.07,103,18.84,23.36,24.22,31.29,30.34
101,2022,87,2000,0,101,0.367,0.596,0.809,0.703,0.837,102,0.588,16.69,16.83,12.14,13.07,103,18.8,23.36,24.22,31.29,30.34
101,2022,87,2100,0,101,0.367,0.596,0.809,0.703,0.837,102,0.588,16.69,16.82,12.14,13.07,103,18.7,23.35,24.2,31.29,30.34
101,2022,87,2200,0,101,0.368,0.596,0.809,0.703,0.837,102,0.588,16.69,16.82,12.15,13.07,103,18.65,23.33,24.2,31.3,30.34
101,2022,87,2300,0,101,0.368,0.596,0.809,0.703,0.837,102,0.588,16.68,16.82,12.14,13.07,103,18.58,23.33,24.18,31.29,30.34
101,2022,88,000,0,101,0.369,0.596,0.809,0.703,0.837,102,0.587,16.68,16.82,12.14,13.07,103,18.54,23.32,24.18,31.29,30.34
101,2022,88,100,0,101,0.369,0.596,0.809,0.703,0.838,102,0.587,16.68,16.81,12.14,13.07,103,18.48,23.31,24.17,31.29,30.34
101,2022,88,200,0,101,0.369,0.596,0.809,0.703,0.837,102,0.587,16.68,16.81,12.14,13.07,103,18.47,23.31,24.16,31.29,30.34
101,2022,88,300,0,101,0.369,0.596,0.809,0.703,0.837,102,0.587,16.67,16.81,12.14,13.07,103,18.45,23.3,24.16,31.29,30.34
101,2022,88,400,0,101,0.369,0.596,0.809,0.703,0.837,102,0.587,16.67,16.8,12.14,13.07,103,18.45,23.3,24.15,31.28,30.34
101,2022,88,500,0,101,0.369,0.595,0.809,0.703,0.837,102,0.586,16.66,16.8,12.14,13.07,103,18.41,23.29,24.14,31.28,30.34
101,2022,88,600,0,101,0.369,0.595,0.809,0.703,0.838,102,0.586,16.66,16.79,12.14,13.06,103,18.38,23.29,24.12,31.28,30.34
101,2022,88,700,0,101,0.369,0.595,0.809,0.703,0.837,102,0.586,16.66,16.77,12.14,13.06,103,18.37,23.27,24.12,31.25,30.33
101,2022,88,800,0,101,0.371,0.596,0.809,0.703,0.837,102,0.586,16.65,16.77,12.13,13.06,103,18.42,23.24,24.13,31.24,30.29
101,2022,88,900,0,101,0.371,0.596,0.809,0.703,0.837,102,0.586,16.64,16.76,12.14,13.05,103,18.58,23.25,24.13,31.23,30.31
101,2022,88,1000,0,101,0.372,0.596,0.809,0.703,0.837,102,0.586,16.63,16.76,12.14,13.06,103,18.6,23.25,24.12,31.23,30.31
101,2022,88,1100,0,101,0.371,0.596,0.808,0.703,0.837,102,0.586,16.63,16.75,12.14,13.06,103,18.53,23.25,24.13,31.23,30.31
101,2022,88,1200,0,101,0.368,0.595,0.808,0.703,0.837,102,0.586,16.62,16.75,12.13,13.05,103,18.44,23.25,24.14,31.22,30.31
101,2022,88,1300,0,101,0.366,0.595,0.808,0.703,0.837,102,0.586,16.61,16.74,12.14,13.05,103,18.36,23.23,24.14,31.22,30.31
101,2022,88,1400,0,101,0.365,0.595,0.808,0.703,0.836,102,0.587,16.61,16.74,12.14,13.05,103,18.31,23.22,24.13,31.22,30.31
101,2022,88,1500,0,101,0.363,0.595,0.808,0.703,0.836,102,0.588,16.63,16.76,12.14,13.05,103,18.29,23.21,24.14,31.22,30.29
101,2022,88,1600,0,101,0.362,0.595,0.808,0.703,0.836,102,0.588,16.63,16.75,12.14,13.05,103,18.27,23.2,24.13,31.22,30.28
101,2022,88,1700,0,101,0.362,0.595,0.808,0.703,0.837,102,0.589,16.64,16.76,12.14,13.05,103,18.24,23.19,24.11,31.22,30.29
101,2022,88,1800,0,101,0.362,0.595,0.808,0.703,0.837,102,0.589,16.64,16.76,12.14,13.05,103,18.24,23.19,24.1,31.22,30.31
101,2022,88,1900,0,101,0.363,0.595,0.808,0.703,0.837,102,0.589,16.64,16.75,12.14,13.05,103,18.3,23.18,24.1,31.22,30.3
101,2022,88,2000,0,101,0.364,0.595,0.808,0.703,0.837,102,0.589,16.64,16.75,12.14,13.06,103,18.3,23.17,24.1,31.22,30.31
101,2022,88,2100,0,101,0.364,0.595,0.808,0.703,0.837,102,0.588,16.65,16.75,12.14,13.06,103,18.31,23.17,24.08,31.22,30.3
101,2022,88,2200,0,101,0.365,0.595,0.808,0.703,0.837,102,0.588,16.64,16.75,12.14,13.06,103,18.32,23.17,24.08,31.22,30.29
101,2022,88,2300,0,101,0.365,0.594,0.808,0.703,0.837,102,0.588,16.65,16.75,12.13,13.05,103,18.33,23.17,24.07,31.22,30.29
101,2022,89,000,0,101,0.365,0.595,0.808,0.703,0.837,102,0.588,16.64,16.75,12.13,13.05,103,18.34,23.17,24.07,31.22,30.29
101,2022,89,100,0,101,0.366,0.595,0.808,0.703,0.837,102,0.587,16.65,16.75,12.13,13.05,103,18.34,23.17,24.06,31.21,30.29
101,2022,89,200,0,101,0.366,0.594,0.808,0.703,0.837,102,0.587,16.64,16.75,12.13,13.05,103,18.35,23.17,24.06,31.21,30.28
101,2022,89,300,0,101,0.366,0.594,0.808,0.703,0.837,102,0.587,16.64,16.75,12.13,13.05,103,18.34,23.17,24.06,31.21,30.28
101,2022,89,400,0,101,0.366,0.594,0.808,0.703,0.837,102,0.587,16.64,16.75,12.13,13.05,103,18.34,23.17,24.05,31.21,30.28
101,2022,89,500,0,101,0.367,0.594,0.808,0.703,0.837,102,0.587,16.63,16.75,12.13,13.05,103,18.33,23.16,24.05,31.21,30.28
101,2022,89,600,0,101,0.367,0.594,0.808,0.703,0.837,102,0.586,16.63,16.75,12.13,13.05,103,18.32,23.15,24.05,31.21,30.28
101,2022,89,700,0,101,0.367,0.594,0.808,0.703,0.837,102,0.586,16.63,16.75,12.13,13.05,103,18.3,23.15,24.04,31.2,30.27
101,2022,89,800,0,101,0.367,0.594,0.808,0.703,0.837,102,0.586,16.63,16.74,12.13,13.05,103,18.31,23.15,24.04,31.19,30.27
101,2022,89,900,0,101,0.367,0.594,0.808,0.703,0.837,102,0.586,16.62,16.74,12.13,13.04,103,18.35,23.13,24.05,31.19,30.25
101,2022,89,1000,0,101,0.367,0.594,0.808,0.703,0.836,102,0.586,16.61,16.73,12.12,13.04,103,18.36,23.13,24.04,31.17,30.24
101,2022,89,1100,0,101,0.367,0.594,0.808,0.703,0.836,102,0.586,16.6,16.72,12.12,13.04,103,18.45,23.13,24.03,31.17,30.25
101,2022,89,1200,0,101,0.366,0.594,0.808,0.703,0.836,102,0.586,16.61,16.73,12.12,13.04,103,18.41,23.12,24.02,31.17,30.25
101,2022,89,1300,0,101,0.365,0.594,0.808,0.703,0.836,102,0.586,16.61,16.73,12.12,13.04,103,18.4,23.12,24.02,31.18,30.25
101,2022,89,1400,0,101,0.365,0.594,0.808,0.703,0.836,102,0.586,16.61,16.72,12.13,13.04,103,18.38,23.11,24.03,31.17,30.25
101,2022,89,1500,0,101,0.365,0.594,0.807,0.703,0.836,102,0.586,16.6,16.72,12.12,13.04,103,18.36,23.11,24.02,31.16,30.24
101,2022,89,1600,0,101,0.365,0.594,0.807,0.703,0.836,102,0.586,16.6,16.72,12.12,13.04,103,18.37,23.11,24.01,31.17,30.25
101,2022,89,1700,0,101,0.365,0.594,0.807,0.703,0.836,102,0.586,16.6,16.72,12.12,13.04,103,18.37,23.11,24,31.17,30.25
101,2022,89,1800,0,101,0.365,0.593,0.807,0.703,0.836,102,0.586,16.6,16.72,12.12,13.04,103,18.36,23.11,24,31.17,30.26
101,2022,89,1900,0,101,0.366,0.593,0.807,0.702,0.836,102,0.586,16.6,16.72,12.12,13.04,103,18.34,23.1,23.99,31.17,30.25
101,2022,89,2000,0,101,0.366,0.593,0.807,0.702,0.836,102,0.586,16.6,16.72,12.12,13.04,103,18.33,23.09,23.98,31.16,30.25
101,2022,89,2100,0,101,0.366,0.593,0.807,0.702,0.837,102,0.586,16.59,16.72,12.12,13.04,103,18.33,23.09,23.98,31.16,30.25
101,2022,89,2200,0,101,0.366,0.593,0.807,0.702,0.837,102,0.585,16.59,16.71,12.12,13.04,103,18.33,23.08,23.97,31.16,30.25
101,2022,89,2300,0,101,0.367,0.593,0.807,0.702,0.837,102,0.585,16.59,16.71,12.11,13.03,103,18.32,23.09,23.97,31.15,30.25
101,2022,90,000,0,101,0.366,0.593,0.807,0.702,0.837,102,0.585,16.59,16.71,12.11,13.04,103,18.32,23.08,23.96,31.15,30.25
101,2022,90,100,0,101,0.366,0.593,0.807,0.702,0.837,102,0.585,16.58,16.71,12.11,13.03,103,18.29,23.08,23.95,31.13,30.25
101,2022,90,200,0,101,0.365,0.593,0.807,0.702,0.837,102,0.584,16.58,16.7,12.11,13.04,103,18.28,23.08,23.95,31.12,30.25
101,2022,90,300,0,101,0.365,0.593,0.807,0.702,0.837,102,0.584,16.58,16.7,12.11,13.03,103,18.25,23.06,23.95,31.12,30.25
101,2022,90,400,0,101,0.365,0.593,0.807,0.702,0.837,102,0.584,16.58,16.7,12.11,13.03,103,18.25,23.06,23.95,31.11,30.25
101,2022,90,500,0,101,0.364,0.593,0.807,0.702,0.837,102,0.584,16.58,16.7,12.11,13.03,103,18.24,23.06,23.94,31.1,30.25
101,2022,90,600,0,101,0.364,0.593,0.807,0.702,0.837,102,0.584,16.57,16.7,12.11,13.03,103,18.26,23.06,23.93,31.09,30.25
101,2022,90,700,0,101,0.365,0.593,0.807,0.702,0.836,102,0.584,16.55,16.68,12.1,13.03,103,18.25,23.04,23.93,31.09,30.24
101,2022,90,800,0,101,0.366,0.593,0.807,0.702,0.836,102,0.584,16.53,16.68,12.1,13.02,103,18.24,23.02,23.93,31.08,30.21
101,2022,90,900,0,101,0.366,0.594,0.807,0.702,0.836,102,0.583,16.55,16.68,12.1,13.03,103,18.3,23.02,23.9,31.09,30.22
101,2022,90,1000,0,101,0.368,0.593,0.807,0.702,0.836,102,0.583,16.51,16.67,12.1,13.02,103,18.41,23.02,23.91,31.08,30.22
101,2022,90,1100,0,101,0.341,0.504,0.725,0.707,0.834,102,0.583,16.51,16.66,12.1,13.02,103,18.46,23.02,23.9,31.08,30.22
101,2022,90,1200,0,101,0.34,0.505,0.725,0.707,0.834,102,0.583,16.52,16.67,12.1,13.02,103,18.41,23.02,23.9,31.07,30.2
101,2022,90,1300,0,101,0.339,0.505,0.724,0.707,0.834,102,0.584,16.51,16.66,12.1,13.02,103,18.4,23.03,23.91,31.07,30.21
101,2022,90,1400,0,101,0.339,0.505,0.724,0.707,0.834,102,0.584,16.5,16.65,12.1,13.02,103,18.4,23.03,23.9,31.07,30.22
101,2022,90,1500,0,101,0.338,0.505,0.724,0.706,0.833,102,0.584,16.52,16.66,12.1,13.01,103,18.42,23.02,23.89,31.06,30.19
101,2022,90,1600,0,101,0.337,0.504,0.724,0.706,0.833,102,0.585,16.52,16.66,12.1,13.02,103,18.41,23,23.89,31.05,30.19
101,2022,90,1700,0,101,0.337,0.504,0.724,0.706,0.833,102,0.586,16.52,16.65,12.1,13.02,103,18.38,23,23.89,31.06,30.2
101,2022,90,1800,0,101,0.336,0.504,0.724,0.706,0.833,102,0.586,16.52,16.65,12.1,13.02,103,18.36,23,23.87,31.06,30.22
101,2022,90,1900,0,101,0.337,0.504,0.724,0.706,0.834,102,0.586,16.52,16.65,12.1,13.01,103,18.32,23,23.87,31.07,30.21
101,2022,90,2000,0,101,0.338,0.504,0.724,0.706,0.834,102,0.585,16.53,16.64,12.09,13.02,103,18.3,22.98,23.85,31.07,30.2
101,2022,90,2100,0,101,0.338,0.504,0.724,0.706,0.834,102,0.585,16.52,16.64,12.09,13.01,103,18.29,22.98,23.84,31.05,30.2
101,2022,90,2200,0,101,0.339,0.504,0.724,0.706,0.834,102,0.585,16.52,16.64,12.09,13.01,103,18.29,22.97,23.83,31.05,30.2
101,2022,90,2300,0,101,0.339,0.504,0.724,0.706,0.834,102,0.585,16.51,16.64,12.09,13.01,103,18.29,22.98,23.83,31.04,30.2
101,2022,91,000,0,101,0.339,0.504,0.723,0.706,0.834,102,0.584,16.51,16.64,12.09,13.01,103,18.28,22.97,23.82,31.03,30.2
101,2022,91,100,0,101,0.339,0.504,0.723,0.706,0.834,102,0.584,16.52,16.63,12.09,13.01,103,18.26,22.97,23.8,31.01,30.2
101,2022,91,200,0,101,0.338,0.504,0.723,0.705,0.834,102,0.584,16.53,16.63,12.08,13.01,103,18.21,22.98,23.8,30.99,30.19
101,2022,91,300,0,101,0.338,0.504,0.723,0.705,0.834,102,0.584,16.54,16.63,12.08,13.01,103,18.19,22.98,23.8,30.98,30.19
101,2022,91,400,0,101,0.338,0.504,0.723,0.705,0.833,102,0.584,16.54,16.64,12.08,13.01,103,18.15,22.97,23.8,30.96,30.19
101,2022,91,500,0,101,0.338,0.504,0.723,0.705,0.833,102,0.584,16.53,16.63,12.07,13.01,103,18.13,22.96,23.79,30.95,30.19
101,2022,91,600,0,101,0.338,0.504,0.723,0.705,0.833,102,0.584,16.53,16.63,12.07,13,103,18.11,22.96,23.78,30.95,30.19
101,2022,91,700,0,101,0.339,0.504,0.723,0.705,0.833,102,0.584,16.52,16.62,12.07,13,103,18.09,22.95,23.79,30.95,30.19
101,2022,91,800,0,101,0.339,0.505,0.723,0.705,0.833,102,0.584,16.51,16.61,12.07,13,103,18.07,22.92,23.78,30.95,30.17
101,2022,91,900,0,101,0.343,0.506,0.723,0.705,0.833,102,0.583,16.48,16.6,12.07,12.99,103,18.14,22.9,23.76,30.95,30.16
101,2022,91,1000,0,101,0.344,0.506,0.723,0.705,0.833,102,0.583,16.45,16.59,12.07,12.99,103,18.29,22.9,23.75,30.95,30.16
101,2022,91,1100,0,101,0.344,0.507,0.723,0.705,0.833,102,0.583,16.44,16.58,12.07,12.99,103,18.36,22.9,23.74,30.95,30.16
101,2022,91,1200,0,101,0.344,0.507,0.723,0.705,0.832,102,0.583,16.44,16.58,12.07,12.99,103,18.34,22.91,23.75,30.94,30.16
101,2022,91,1300,0,101,0.343,0.507,0.723,0.705,0.832,102,0.583,16.43,16.57,12.07,12.99,103,18.29,22.91,23.76,30.94,30.17
101,2022,91,1400,0,101,0.342,0.507,0.723,0.705,0.832,102,0.584,16.42,16.57,12.07,12.99,103,18.29,22.91,23.76,30.94,30.16
101,2022,91,1500,0,101,0.341,0.507,0.723,0.705,0.832,102,0.585,16.43,16.57,12.07,12.99,103,18.26,22.91,23.76,30.93,30.16
101,2022,91,1600,0,101,0.34,0.506,0.723,0.705,0.832,102,0.586,16.44,16.58,12.07,12.98,103,18.2,22.9,23.76,30.93,30.14
101,2022,91,1700,0,101,0.339,0.506,0.723,0.705,0.832,102,0.586,16.45,16.58,12.07,12.99,103,18.18,22.89,23.74,30.94,30.14
101,2022,91,1800,0,101,0.339,0.506,0.723,0.705,0.832,102,0.586,16.45,16.57,12.07,12.99,103,18.14,22.89,23.74,30.94,30.15
101,2022,91,1900,0,101,0.339,0.506,0.723,0.705,0.832,102,0.586,16.45,16.57,12.07,12.99,103,18.11,22.87,23.73,30.94,30.15
101,2022,91,2000,0,101,0.34,0.507,0.723,0.705,0.832,102,0.586,16.47,16.57,12.07,12.99,103,18.09,22.87,23.72,30.93,30.14
101,2022,91,2100,0,101,0.341,0.507,0.723,0.705,0.832,102,0.586,16.47,16.57,12.07,12.99,103,18.08,22.86,23.71,30.93,30.14
101,2022,91,2200,0,101,0.341,0.507,0.723,0.705,0.833,102,0.586,16.47,16.57,12.07,12.99,103,18.07,22.85,23.7,30.93,30.14
101,2022,91,2300,0,101,0.342,0.508,0.723,0.705,0.833,102,0.586,16.47,16.57,12.06,12.99,103,18.07,22.84,23.7,30.93,30.14
101,2022,92,000,0,101,0.344,0.508,0.723,0.705,0.832,102,0.585,16.47,16.57,12.06,12.99,103,18.08,22.84,23.7,30.93,30.14
101,2022,92,100,0,101,0.344,0.508,0.723,0.705,0.832,102,0.585,16.47,16.57,12.07,12.99,103,18.08,22.83,23.69,30.92,30.14
101,2022,92,200,0,101,0.345,0.508,0.723,0.705,0.832,102,0.585,16.47,16.57,12.06,12.98,103,18.09,22.84,23.68,30.92,30.13
101,2022,92,300,0,101,0.346,0.509,0.723,0.705,0.832,102,0.585,16.47,16.57,12.06,12.98,103,18.09,22.83,23.68,30.93,30.12
101,2022,92,400,0,101,0.347,0.509,0.723,0.705,0.832,102,0.584,16.47,16.57,12.06,12.98,103,18.09,22.83,23.68,30.92,30.12
101,2022,92,500,0,101,0.346,0.508,0.723,0.705,0.833,102,0.584,16.46,16.57,12.06,12.98,103,18.07,22.83,23.68,30.92,30.12
101,2022,92,600,0,101,0.345,0.509,0.723,0.705,0.833,102,0.584,16.46,16.57,12.06,12.98,103,18.04,22.83,23.67,30.92,30.12
101,2022,92,700,0,101,0.346,0.509,0.723,0.705,0.832,102,0.584,16.46,16.56,12.06,12.98,103,18.03,22.82,23.67,30.91,30.11
101,2022,92,800,0,101,0.347,0.51,0.723,0.705,0.832,102,0.584,16.45,16.56,12.05,12.97,103,18.01,22.81,23.67,30.89,30.08
101,2022,92,900,0,101,0.348,0.511,0.723,0.705,0.832,102,0.583,16.44,16.55,12.05,12.97,103,18.07,22.8,23.68,30.89,30.09
101,2022,92,1000,0,101,0.348,0.51,0.722,0.705,0.832,102,0.583,16.44,16.54,12.06,12.96,103,18.08,22.79,23.67,30.88,30.1
101,2022,92,1100,0,101,0.347,0.511,0.722,0.705,0.832,102,0.583,16.43,16.54,12.06,12.96,103,18.09,22.79,23.67,30.89,30.1
101,2022,92,1200,0,101,0.347,0.51,0.722,0.705,0.832,102,0.583,16.42,16.53,12.05,12.96,103,18.1,22.79,23.67,30.88,30.1
101,2022,92,1300,0,101,0.346,0.51,0.722,0.705,0.832,102,0.584,16.42,16.53,12.06,12.96,103,18.19,22.79,23.67,30.88,30.1
101,2022,92,1400,0,101,0.344,0.51,0.722,0.705,0.832,102,0.584,16.41,16.53,12.06,12.96,103,18.35,22.78,23.67,30.88,30.1
101,2022,92,1500,0,101,0.344,0.51,0.722,0.705,0.832,102,0.585,16.43,16.54,12.06,12.96,103,18.36,22.78,23.67,30.88,30.1
101,2022,92,1600,0,101,0.343,0.51,0.722,0.704,0.832,102,0.586,16.44,16.54,12.06,12.96,103,18.36,22.77,23.67,30.87,30.09
101,2022,92,1700,0,101,0.343,0.51,0.722,0.704,0.832,102,0.586,16.44,16.55,12.05,12.96,103,18.37,22.76,23.67,30.88,30.08
101,2022,92,1800,0,101,0.344,0.51,0.722,0.704,0.832,102,0.587,16.45,16.54,12.05,12.96,103,18.37,22.77,23.66,30.88,30.09
101,2022,92,1900,0,101,0.344,0.51,0.722,0.704,0.832,102,0.586,16.47,16.54,12.05,12.96,103,18.25,22.78,23.65,30.88,30.09
101,2022,92,2000,0,101,0.345,0.509,0.722,0.704,0.832,102,0.586,16.45,16.54,12.05,12.96,103,18.17,22.75,23.64,30.88,30.08
101,2022,92,2100,0,101,0.346,0.509,0.722,0.704,0.832,102,0.585,16.45,16.54,12.05,12.96,103,18.14,22.74,23.63,30.88,30.08
101,2022,92,2200,0,101,0.347,0.51,0.722,0.704,0.832,102,0.585,16.45,16.54,12.05,12.96,103,18.18,22.73,23.62,30.87,30.08
101,2022,92,2300,0,101,0.347,0.51,0.722,0.704,0.832,102,0.585,16.45,16.53,12.05,12.96,103,18.17,22.72,23.6,30.88,30.08
101,2022,93,000,0,101,0.347,0.51,0.722,0.704,0.832,102,0.584,16.45,16.54,12.05,12.96,103,18.17,22.72,23.6,30.87,30.08
101,2022,93,100,0,101,0.347,0.51,0.722,0.704,0.832,102,0.584,16.47,16.53,12.05,12.96,103,18.11,22.72,23.6,30.85,30.08
101,2022,93,200,0,101,0.347,0.51,0.722,0.704,0.832,102,0.584,16.47,16.53,12.04,12.96,103,18.1,22.72,23.59,30.85,30.09
101,2022,93,300,0,101,0.348,0.51,0.722,0.704,0.832,102,0.583,16.47,16.53,12.04,12.96,103,18.1,22.7,23.59,30.84,30.09
101,2022,93,400,0,101,0.347,0.51,0.722,0.704,0.832,102,0.583,16.47,16.54,12.04,12.96,103,18.1,22.7,23.58,30.83,30.08
101,2022,93,500,0,101,0.348,0.51,0.722,0.704,0.832,102,0.583,16.45,16.54,12.04,12.96,103,18.09,22.68,23.58,30.83,30.09
101,2022,93,600,0,101,0.348,0.51,0.722,0.704,0.832,102,0.583,16.45,16.54,12.04,12.95,103,18.1,22.68,23.58,30.83,30.08
101,2022,93,700,0,101,0.348,0.511,0.722,0.704,0.832,102,0.582,16.44,16.54,12.04,12.96,103,18.11,22.68,23.57,30.83,30.08
101,2022,93,800,0,101,0.349,0.511,0.722,0.704,0.832,102,0.582,16.42,16.53,12.04,12.95,103,18.11,22.66,23.57,30.82,30.04
101,2022,93,900,0,101,0.349,0.511,0.722,0.704,0.832,102,0.582,16.4,16.52,12.04,12.94,103,18.14,22.66,23.57,30.82,30.04
101,2022,93,1000,0,101,0.348,0.511,0.722,0.704,0.831,102,0.582,16.4,16.53,12.04,12.95,103,18.14,22.66,23.57,30.82,30.04
101,2022,93,1100,0,101,0.348,0.511,0.722,0.704,0.831,102,0.581,16.38,16.51,12.04,12.94,103,18.16,22.65,23.57,30.82,30.05
101,2022,93,1200,0,101,0.347,0.512,0.722,0.704,0.831,102,0.582,16.39,16.52,12.03,12.95,103,18.11,22.65,23.57,30.82,30.05
101,2022,93,1300,0,101,0.346,0.511,0.722,0.704,0.831,102,0.582,16.37,16.51,12.04,12.94,103,18.12,22.66,23.58,30.81,30.04
101,2022,93,1400,0,101,0.345,0.511,0.721,0.704,0.831,102,0.582,16.36,16.5,12.04,12.93,103,18.12,22.66,23.56,30.81,30.05
101,2022,93,1500,0,101,0.344,0.511,0.721,0.704,0.831,102,0.582,16.37,16.51,12.03,12.94,103,18.08,22.64,23.57,30.8,30.05
101,2022,93,1600,0,101,0.343,0.51,0.721,0.704,0.831,102,0.583,16.38,16.51,12.04,12.94,103,18.04,22.64,23.56,30.81,30.04
101,2022,93,1700,0,101,0.344,0.51,0.722,0.704,0.831,102,0.583,16.38,16.5,12.03,12.94,103,18.03,22.63,23.55,30.81,30.04
101,2022,93,1800,0,101,0.344,0.51,0.721,0.704,0.831,102,0.583,16.38,16.5,12.03,12.94,103,18.02,22.63,23.55,30.81,30.05
101,2022,93,1900,0,101,0.345,0.51,0.721,0.704,0.831,102,0.583,16.38,16.5,12.03,12.94,103,18.01,22.62,23.54,30.8,30.05
101,2022,93,2000,0,101,0.345,0.51,0.722,0.704,0.831,102,0.583,16.38,16.5,12.03,12.94,103,18.01,22.62,23.54,30.81,30.05
101,2022,93,2100,0,101,0.346,0.51,0.721,0.704,0.831,102,0.583,16.38,16.5,12.03,12.94,103,18.01,22.62,23.53,30.81,30.04
101,2022,93,2200,0,101,0.347,0.51,0.721,0.704,0.831,102,0.583,16.38,16.5,12.03,12.94,103,18.01,22.62,23.53,30.8,30.05
101,2022,93,2300,0,101,0.347,0.51,0.721,0.704,0.831,102,0.583,16.38,16.5,12.03,12.94,103,18.01,22.61,23.52,30.79,30.04
101,2022,94,000,0,101,0.35,0.511,0.721,0.704,0.831,102,0.583,16.38,16.5,12.03,12.94,103,18.01,22.61,23.52,30.79,30.04
101,2022,94,100,0,101,0.369,0.511,0.721,0.704,0.832,102,0.583,16.39,16.5,12.03,12.94,103,18.07,22.61,23.52,30.79,30.04
101,2022,94,200,0,101,0.372,0.512,0.721,0.704,0.832,102,0.583,16.39,16.5,12.03,12.95,103,18.19,22.62,23.52,30.79,30.03
101,2022,94,300,0,101,0.386,0.517,0.722,0.704,0.832,102,0.583,16.41,16.5,12.03,12.96,103,18.49,22.63,23.52,30.79,30.02
101,2022,94,400,0,101,0.395,0.521,0.722,0.704,0.832,102,0.584,16.42,16.49,12.03,12.96,103,19.33,22.68,23.52,30.79,30.02
101,2022,94,500,0,101,0.401,0.525,0.722,0.704,0.832,102,0.586,16.42,16.48,12.03,12.96,103,20.19,22.81,23.54,30.79,30.02
101,2022,94,600,0,101,0.407,0.53,0.723,0.704,0.832,102,0.59,16.43,16.48,12.03,12.96,103,20.95,23.06,23.62,30.79,30.02
101,2022,94,700,0,101,0.416,0.545,0.725,0.704,0.832,102,0.594,16.44,16.47,12.04,12.96,103,21.47,23.42,23.76,30.78,30.01
101,2022,94,800,0,101,0.419,0.546,0.725,0.704,0.832,102,0.6,16.48,16.48,12.03,12.96,103,21.88,23.84,23.98,30.78,30
101,2022,94,900,0,101,0.431,0.553,0.728,0.704,0.832,102,0.605,16.52,16.48,12.03,12.96,103,22.11,24.23,24.26,30.79,29.98
101,2022,94,1000,0,101,0.431,0.575,0.732,0.704,0.832,102,0.614,16.63,16.49,12.03,12.95,103,22.71,24.74,24.58,30.8,29.98
101,2022,94,1100,0,101,0.428,0.574,0.734,0.704,0.831,102,0.618,16.79,16.51,12.03,12.94,103,22.51,25.12,24.98,30.82,29.96
101,2022,94,1200,0,101,0.421,0.571,0.735,0.704,0.831,102,0.62,16.96,16.52,12.03,12.93,103,22.12,25.24,25.28,30.83,29.93
101,2022,94,1300,0,101,0.419,0.568,0.735,0.704,0.831,102,0.621,17.17,16.56,12.04,12.93,103,21.85,25.25,25.42,30.89,29.94
101,2022,94,1400,0,101,0.412,0.566,0.735,0.705,0.831,102,0.622,17.38,16.6,12.04,12.94,103,21.67,25.3,25.53,30.95,29.93
101,2022,94,1500,0,101,0.413,0.565,0.735,0.705,0.831,102,0.623,17.56,16.65,12.05,12.95,103,21.55,25.3,25.61,31.02,29.92
101,2022,94,1600,0,101,0.411,0.564,0.735,0.705,0.831,102,0.623,17.72,16.69,12.05,12.95,103,21.4,25.3,25.65,31.09,29.91
101,2022,94,1700,0,101,0.407,0.563,0.736,0.705,0.831,102,0.622,17.87,16.75,12.06,12.96,103,21.32,25.31,25.68,31.16,29.92
101,2022,94,1800,0,101,0.405,0.562,0.736,0.705,0.831,102,0.622,17.99,16.8,12.07,12.98,103,21.13,25.31,25.7,31.25,29.91
101,2022,94,1900,0,101,0.407,0.561,0.736,0.705,0.831,102,0.622,18.09,16.87,12.08,13,103,20.97,25.28,25.71,31.32,29.92
101,2022,94,2000,0,101,0.405,0.561,0.736,0.706,0.831,102,0.621,18.16,16.91,12.09,13.01,103,20.86,25.25,25.7,31.39,29.93
101,2022,94,2100,0,101,0.403,0.56,0.736,0.706,0.831,102,0.621,18.22,16.97,12.1,13.03,103,20.78,25.24,25.69,31.46,29.93
101,2022,94,2200,0,101,0.402,0.56,0.736,0.706,0.831,102,0.62,18.26,17.02,12.11,13.05,103,20.72,25.22,25.69,31.53,29.94
101,2022,94,2300,0,101,0.4,0.559,0.735,0.706,0.831,102,0.62,18.29,17.06,12.13,13.07,103,20.65,25.2,25.67,31.57,29.95
101,2022,95,000,0,101,0.4,0.559,0.735,0.706,0.831,102,0.619,18.3,17.11,12.14,13.09,103,20.62,25.18,25.67,31.63,29.96
101,2022,95,100,0,101,0.399,0.559,0.735,0.707,0.831,102,0.619,18.31,17.16,12.15,13.1,103,20.61,25.17,25.65,31.67,29.98
101,2022,95,200,0,101,0.398,0.558,0.735,0.707,0.831,102,0.618,18.32,17.19,12.16,13.12,103,20.59,25.16,25.64,31.7,29.99
101,2022,95,300,0,101,0.397,0.558,0.735,0.707,0.831,102,0.618,18.33,17.22,12.17,13.14,103,20.55,25.14,25.64,31.74,30
101,2022,95,400,0,101,0.397,0.558,0.735,0.707,0.831,102,0.618,18.33,17.25,12.18,13.15,103,20.51,25.14,25.62,31.77,30.02
101,2022,95,500,0,101,0.396,0.557,0.735,0.707,0.831,102,0.617,18.32,17.28,12.19,13.17,103,20.48,25.12,25.62,31.79,30.03
101,2022,95,600,0,101,0.396,0.557,0.735,0.707,0.831,102,0.617,18.31,17.3,12.19,13.19,103,20.47,25.12,25.61,31.81,30.05
101,2022,95,700,0,101,0.396,0.557,0.735,0.707,0.831,102,0.617,18.31,17.32,12.2,13.21,103,20.46,25.11,25.6,31.84,30.07
101,2022,95,800,0,101,0.395,0.557,0.735,0.708,0.831,102,0.616,18.3,17.34,12.21,13.22,103,20.45,25.09,25.59,31.85,30.08
101,2022,95,900,0,101,0.395,0.557,0.735,0.708,0.831,102,0.616,18.3,17.36,12.22,13.24,103,20.44,25.08,25.59,31.87,30.1
101,2022,95,1000,0,101,0.396,0.557,0.735,0.708,0.831,102,0.616,18.3,17.37,12.23,13.25,103,20.45,25.08,25.59,31.88,30.12
101,2022,95,1100,0,101,0.398,0.556,0.735,0.708,0.831,102,0.616,18.3,17.38,12.24,13.26,103,20.48,25.08,25.58,31.9,30.14
101,2022,95,1200,0,101,0.402,0.558,0.735,0.708,0.831,102,0.616,18.29,17.39,12.24,13.28,103,20.5,25.08,25.58,31.91,30.15
101,2022,95,1300,0,101,0.41,0.606,0.741,0.708,0.831,102,0.616,18.27,17.39,12.25,13.3,103,20.57,25.09,25.58,31.92,30.17
101,2022,95,1400,0,101,0.384,0.637,0.749,0.709,0.831,102,0.617,18.28,17.4,12.26,13.31,103,20.83,25.12,25.59,31.93,30.18
101,2022,95,1500,0,101,0.38,0.627,0.747,0.709,0.831,102,0.619,18.3,17.41,12.27,13.32,103,21.2,25.19,25.62,31.94,30.19
101,2022,95,1600,0,101,0.376,0.623,0.746,0.709,0.831,102,0.623,18.37,17.44,12.28,13.33,103,21.45,25.36,25.7,31.96,30.2
101,2022,95,1700,0,101,0.374,0.62,0.746,0.709,0.831,102,0.625,18.47,17.48,12.28,13.34,103,21.43,25.5,25.81,31.97,30.2
101,2022,95,1800,0,101,0.373,0.618,0.745,0.709,0.831,102,0.625,18.57,17.52,12.29,13.35,103,21.33,25.57,25.9,32,30.21
101,2022,95,1900,0,101,0.371,0.616,0.745,0.709,0.831,102,0.625,18.65,17.58,12.29,13.37,103,21.2,25.59,25.96,32.03,30.22
101,2022,95,2000,0,101,0.37,0.615,0.744,0.709,0.831,102,0.624,18.69,17.63,12.3,13.38,103,21.04,25.57,26,32.08,30.23
101,2022,95,2100,0,101,0.369,0.614,0.744,0.71,0.831,102,0.622,18.67,17.68,12.31,13.39,103,20.81,25.54,26.02,32.21,30.22
101,2022,95,2200,0,101,0.367,0.612,0.743,0.71,0.831,102,0.621,18.63,17.71,12.32,13.41,103,20.56,25.53,26.05,32.34,30.22
101,2022,95,2300,0,101,0.366,0.611,0.743,0.71,0.831,102,0.62,18.63,17.75,12.33,13.42,103,20.31,25.52,26.1,32.46,30.22
101,2022,96,000,0,101,0.364,0.61,0.743,0.71,0.832,102,0.619,18.68,17.8,12.34,13.44,103,20.08,25.52,26.15,32.55,30.25
101,2022,96,100,0,101,0.363,0.609,0.743,0.71,0.832,102,0.618,18.72,17.85,12.34,13.46,103,19.87,25.52,26.2,32.64,30.28
101,2022,96,200,0,101,0.362,0.608,0.742,0.71,0.832,102,0.617,18.71,17.88,12.34,13.47,103,19.68,25.52,26.25,32.71,30.31
101,2022,96,300,0,101,0.362,0.607,0.742,0.71,0.832,102,0.616,18.69,17.9,12.33,13.49,103,19.48,25.53,26.28,32.78,30.35
101,2022,96,400,0,101,0.362,0.605,0.741,0.71,0.832,102,0.615,18.66,17.93,12.33,13.5,103,19.28,25.53,26.32,32.82,30.38
101,2022,96,500,0,101,0.361,0.605,0.741,0.71,0.832,102,0.614,18.63,17.95,12.32,13.51,103,19.09,25.52,26.34,32.86,30.43
101,2022,96,600,0,101,0.36,0.603,0.741,0.71,0.832,102,0.613,18.58,17.97,12.3,13.51,103,18.88,25.52,26.35,32.89,30.46
101,2022,96,700,0,101,0.363,0.603,0.741,0.71,0.832,102,0.612,18.54,17.99,12.3,13.52,103,18.84,25.5,26.35,32.9,30.46
101,2022,96,800,0,101,0.359,0.603,0.741,0.71,0.832,102,0.612,18.54,17.94,12.3,13.53,103,18.95,25.5,26.35,32.9,30.49
101,2022,96,900,0,101,0.359,0.604,0.741,0.71,0.832,102,0.612,18.54,17.93,12.31,13.54,103,19.06,25.41,26.29,32.86,30.49
101,2022,96,1000,0,101,0.364,0.604,0.741,0.71,0.831,102,0.612,18.44,17.9,12.33,13.54,103,19.59,25.1,25.82,32.65,30.46
101,2022,96,1100,0,101,0.37,0.605,0.741,0.71,0.831,102,0.613,18.37,17.86,12.35,13.55,103,20.27,24.87,25.43,32.35,30.44
101,2022,96,1200,0,101,0.37,0.605,0.741,0.71,0.831,102,0.644,18.57,17.87,12.35,13.55,103,21.86,25.03,25.45,32.33,30.45
101,2022,96,1300,0,101,0.369,0.604,0.741,0.71,0.831,102,0.669,18.94,17.96,12.35,13.54,103,22.92,25.74,25.76,32.33,30.46
101,2022,96,1400,0,101,0.368,0.604,0.741,0.71,0.831,102,0.661,19.29,18.02,12.36,13.54,103,22.35,26.15,26.18,32.36,30.45
101,2022,96,1500,0,101,0.366,0.604,0.741,0.71,0.831,102,0.654,19.44,18.13,12.37,13.55,103,21.9,26.13,26.31,32.45,30.45
101,2022,96,1600,0,101,0.363,0.603,0.741,0.71,0.832,102,0.65,19.5,18.25,12.38,13.56,103,21.6,26.04,26.33,32.56,30.46
101,2022,96,1700,0,101,0.361,0.603,0.741,0.71,0.832,102,0.648,19.52,18.35,12.39,13.58,103,21.42,25.95,26.29,32.68,30.46
101,2022,96,1800,0,101,0.36,0.603,0.741,0.711,0.832,102,0.646,19.5,18.42,12.4,13.59,103,21.31,25.87,26.23,32.79,30.49
101,2022,96,1900,0,101,0.36,0.603,0.741,0.711,0.832,102,0.644,19.47,18.47,12.41,13.6,103,21.22,25.83,26.19,32.86,30.52
101,2022,96,2000,0,101,0.361,0.602,0.741,0.711,0.832,102,0.642,19.44,18.51,12.42,13.61,103,21.17,25.78,26.16,32.9,30.54
101,2022,96,2100,0,101,0.362,0.602,0.741,0.711,0.832,102,0.641,19.4,18.53,12.42,13.61,103,21.02,25.74,26.13,32.94,30.57
101,2022,96,2200,0,101,0.362,0.602,0.741,0.711,0.832,102,0.639,19.37,18.54,12.43,13.62,103,20.86,25.69,26.1,32.95,30.6
101,2022,96,2300,0,101,0.362,0.602,0.74,0.711,0.832,102,0.638,19.33,18.55,12.43,13.62,103,20.73,25.66,26.06,32.98,30.64
101,2022,97,000,0,101,0.362,0.602,0.74,0.711,0.832,102,0.636,19.3,18.56,12.44,13.62,103,20.62,25.62,26.03,32.98,30.69
101,2022,97,100,0,101,0.362,0.602,0.74,0.711,0.833,102,0.634,19.26,18.55,12.44,13.62,103,20.52,25.58,26,32.98,30.73
101,2022,97,200,0,101,0.362,0.602,0.74,0.711,0.833,102,0.633,19.22,18.54,12.45,13.62,103,20.42,25.55,25.97,32.99,30.78
101,2022,97,300,0,101,0.362,0.602,0.74,0.711,0.833,102,0.631,19.17,18.53,12.45,13.62,103,20.35,25.52,25.95,32.98,30.82
101,2022,97,400,0,101,0.362,0.601,0.74,0.711,0.833,102,0.629,19.13,18.52,12.45,13.62,103,20.28,25.48,25.92,32.98,30.86
101,2022,97,500,0,101,0.362,0.601,0.74,0.711,0.833,102,0.627,19.08,18.51,12.45,13.62,103,20.22,25.45,25.91,32.99,30.89
101,2022,97,600,0,101,0.362,0.601,0.74,0.711,0.833,102,0.626,19.03,18.48,12.45,13.61,103,20.15,25.44,25.91,33.02,30.92
101,2022,97,700,0,101,0.361,0.601,0.74,0.711,0.833,102,0.625,19.02,18.48,12.45,13.62,103,20.13,25.41,25.89,33.02,30.95
101,2022,97,800,0,101,0.362,0.601,0.74,0.711,0.833,102,0.625,18.96,18.45,12.45,13.62,103,20.36,25.3,25.78,32.94,30.99
101,2022,97,900,0,101,0.365,0.601,0.739,0.711,0.833,102,0.626,18.92,18.43,12.45,13.62,103,21.03,25.39,25.79,32.92,31
101,2022,97,1000,0,101,0.366,0.601,0.739,0.711,0.833,102,0.627,18.91,18.42,12.45,13.61,103,21.04,25.49,25.86,32.91,31.03
101,2022,97,1100,0,101,0.366,0.601,0.739,0.711,0.833,102,0.627,18.91,18.41,12.46,13.61,103,20.83,25.48,25.88,32.92,31.04
101,2022,97,1200,0,101,0.365,0.601,0.739,0.711,0.833,102,0.627,18.9,18.41,12.46,13.61,103,20.64,25.44,25.88,32.92,31.06
101,2022,97,1300,0,101,0.364,0.6,0.739,0.711,0.833,102,0.627,18.88,18.4,12.46,13.61,103,20.54,25.4,25.86,32.93,31.08
101,2022,97,1400,0,101,0.363,0.6,0.739,0.711,0.833,102,0.626,18.86,18.39,12.47,13.61,103,20.47,25.36,25.84,32.94,31.1
101,2022,97,1500,0,101,0.361,0.6,0.739,0.711,0.833,102,0.627,18.83,18.38,12.47,13.6,103,20.42,25.34,25.81,32.93,31.11
101,2022,97,1600,0,101,0.358,0.599,0.739,0.711,0.833,102,0.627,18.81,18.37,12.47,13.6,103,20.39,25.3,25.79,32.93,31.13
101,2022,97,1700,0,101,0.356,0.599,0.739,0.711,0.833,102,0.627,18.8,18.37,12.47,13.6,103,20.42,25.25,25.76,32.91,31.13
101,2022,97,1800,0,101,0.355,0.599,0.739,0.711,0.833,102,0.627,18.8,18.37,12.47,13.61,103,20.4,25.2,25.71,32.92,31.14
101,2022,97,1900,0,101,0.355,0.598,0.739,0.711,0.833,102,0.626,18.78,18.36,12.48,13.61,103,20.42,25.18,25.68,32.9,31.16
101,2022,97,2000,0,101,0.356,0.598,0.739,0.711,0.833,102,0.626,18.76,18.35,12.48,13.61,103,20.43,25.18,25.65,32.9,31.17
101,2022,97,2100,0,101,0.357,0.598,0.739,0.711,0.834,102,0.625,18.74,18.34,12.48,13.6,103,20.45,25.17,25.63,32.89,31.18
101,2022,97,2200,0,101,0.358,0.598,0.739,0.711,0.834,102,0.624,18.72,18.32,12.47,13.61,103,20.46,25.16,25.62,32.87,31.19
101,2022,97,2300,0,101,0.358,0.598,0.739,0.711,0.834,102,0.623,18.7,18.31,12.48,13.6,103,20.44,25.16,25.61,32.86,31.18
101,2022,98,000,0,101,0.358,0.598,0.739,0.711,0.834,102,0.622,18.68,18.3,12.48,13.6,103,20.44,25.14,25.59,32.85,31.19
101,2022,98,100,0,101,0.358,0.598,0.739,0.711,0.834,102,0.622,18.66,18.29,12.48,13.6,103,20.42,25.14,25.58,32.84,31.19
101,2022,98,200,0,101,0.357,0.598,0.739,0.711,0.834,102,0.621,18.63,18.28,12.48,13.6,103,20.41,25.13,25.57,32.83,31.19
101,2022,98,300,0,101,0.357,0.598,0.738,0.711,0.834,102,0.621,18.61,18.27,12.47,13.59,103,20.39,25.12,25.57,32.82,31.19
101,2022,98,400,0,101,0.357,0.598,0.738,0.711,0.834,102,0.62,18.59,18.26,12.47,13.59,103,20.36,25.11,25.56,32.81,31.2
101,2022,98,500,0,101,0.357,0.598,0.738,0.711,0.834,102,0.62,18.57,18.25,12.47,13.59,103,20.34,25.1,25.55,32.8,31.2
101,2022,98,600,0,101,0.357,0.598,0.738,0.711,0.834,102,0.619,18.54,18.23,12.47,13.58,103,20.3,25.09,25.55,32.8,31.19
101,2022,98,700,0,101,0.358,0.598,0.738,0.711,0.834,102,0.619,18.53,18.22,12.47,13.58,103,20.3,25.09,25.54,32.78,31.19
101,2022,98,800,0,101,0.358,0.598,0.738,0.711,0.834,102,0.618,18.5,18.21,12.47,13.58,103,20.27,25.07,25.55,32.77,31.19
101,2022,98,900,0,101,0.358,0.597,0.738,0.711,0.834,102,0.618,18.48,18.19,12.47,13.57,103,20.27,25.05,25.54,32.77,31.19
101,2022,98,1000,0,101,0.357,0.597,0.738,0.711,0.834,102,0.617,18.46,18.18,12.47,13.57,103,20.24,25.04,25.52,32.75,31.19
101,2022,98,1100,0,101,0.357,0.597,0.738,0.711,0.834,102,0.617,18.43,18.17,12.46,13.56,103,20.17,25.03,25.53,32.74,31.18
101,2022,98,1200,0,101,0.356,0.597,0.738,0.711,0.834,102,0.616,18.4,18.15,12.46,13.56,103,20.22,25,25.52,32.73,31.18
101,2022,98,1300,0,101,0.355,0.596,0.738,0.711,0.834,102,0.616,18.39,18.14,12.47,13.55,103,20.15,24.97,25.5,32.71,31.17
101,2022,98,1400,0,101,0.354,0.596,0.738,0.711,0.834,102,0.616,18.35,18.13,12.46,13.55,103,20.06,24.94,25.49,32.7,31.17
101,2022,98,1500,0,101,0.353,0.596,0.738,0.711,0.834,102,0.615,18.35,18.12,12.46,13.55,103,20.01,24.91,25.45,32.71,31.19
101,2022,98,1600,0,101,0.354,0.596,0.737,0.711,0.834,102,0.615,18.33,18.11,12.46,13.55,103,19.99,24.89,25.43,32.7,31.19
101,2022,98,1700,0,101,0.354,0.596,0.738,0.711,0.834,102,0.615,18.31,18.1,12.46,13.55,103,20.01,24.87,25.41,32.69,31.19
101,2022,98,1800,0,101,0.354,0.596,0.737,0.711,0.835,102,0.614,18.3,18.09,12.46,13.55,103,20.03,24.85,25.39,32.68,31.19
101,2022,98,1900,0,101,0.355,0.596,0.737,0.711,0.835,102,0.614,18.27,18.08,12.46,13.54,103,20.04,24.83,25.38,32.67,31.19
101,2022,98,2000,0,101,0.354,0.595,0.737,0.711,0.835,102,0.613,18.25,18.07,12.46,13.54,103,19.96,24.82,25.36,32.66,31.19
101,2022,98,2100,0,101,0.354,0.595,0.737,0.711,0.835,102,0.612,18.23,18.05,12.45,13.54,103,19.89,24.81,25.34,32.66,31.19
101,2022,98,2200,0,101,0.355,0.595,0.737,0.71,0.835,102,0.612,18.21,18.04,12.45,13.54,103,19.9,24.8,25.33,32.65,31.19
101,2022,98,2300,0,101,0.354,0.595,0.737,0.71,0.835,102,0.611,18.2,18.03,12.45,13.54,103,19.92,24.79,25.31,32.64,31.2
101,2022,99,000,0,101,0.353,0.595,0.737,0.71,0.835,102,0.611,18.17,18.02,12.45,13.53,103,19.89,24.78,25.3,32.63,31.2
101,2022,99,100,0,101,0.354,0.595,0.737,0.71,0.835,102,0.61,18.17,18,12.45,13.53,103,19.87,24.78,25.29,32.61,31.21
101,2022,99,200,0,101,0.354,0.595,0.737,0.71,0.835,102,0.61,18.15,17.99,12.45,13.53,103,19.87,24.77,25.27,32.59,31.21
101,2022,99,300,0,101,0.353,0.595,0.737,0.71,0.835,102,0.609,18.12,17.98,12.45,13.52,103,19.84,24.76,25.27,32.57,31.21
101,2022,99,400,0,101,0.353,0.594,0.737,0.71,0.835,102,0.609,18.11,17.96,12.44,13.52,103,19.81,24.76,25.25,32.55,31.21
101,2022,99,500,0,101,0.352,0.594,0.737,0.71,0.835,102,0.608,18.09,17.94,12.44,13.51,103,19.78,24.76,25.24,32.52,31.2
101,2022,99,600,0,101,0.353,0.594,0.737,0.71,0.835,102,0.608,18.07,17.93,12.44,13.52,103,19.74,24.76,25.24,32.51,31.2
101,2022,99,700,0,101,0.353,0.594,0.736,0.71,0.835,102,0.608,18.05,17.92,12.44,13.51,103,19.77,24.75,25.24,32.51,31.21
101,2022,99,800,0,101,0.354,0.594,0.736,0.71,0.835,102,0.607,18.03,17.92,12.44,13.51,103,19.82,24.72,25.22,32.47,31.18
101,2022,99,900,0,101,0.354,0.594,0.736,0.71,0.835,102,0.607,18.01,17.91,12.43,13.51,103,19.98,24.69,25.2,32.44,31.15
101,2022,99,1000,0,101,0.357,0.594,0.736,0.71,0.835,102,0.607,18,17.91,12.43,13.51,103,20.12,24.71,25.21,32.43,31.14
101,2022,99,1100,0,101,0.358,0.594,0.736,0.71,0.835,102,0.607,17.97,17.89,12.43,13.5,103,20.1,24.72,25.21,32.41,31.14
101,2022,99,1200,0,101,0.357,0.594,0.736,0.71,0.835,102,0.606,17.93,17.88,12.43,13.49,103,20.02,24.72,25.21,32.41,31.15
101,2022,99,1300,0,101,0.356,0.594,0.736,0.71,0.835,102,0.607,17.94,17.88,12.42,13.5,103,19.9,24.7,25.2,32.4,31.13
101,2022,99,1400,0,101,0.356,0.594,0.736,0.71,0.835,102,0.606,17.93,17.86,12.42,13.5,103,19.86,24.69,25.19,32.4,31.13
101,2022,99,1500,0,101,0.355,0.594,0.736,0.71,0.835,102,0.606,17.91,17.85,12.42,13.49,103,19.84,24.68,25.19,32.38,31.12
101,2022,99,1600,0,101,0.354,0.594,0.736,0.71,0.835,102,0.606,17.9,17.85,12.42,13.49,103,19.81,24.66,25.17,32.39,31.13
101,2022,99,1700,0,101,0.354,0.593,0.736,0.71,0.835,102,0.606,17.89,17.83,12.42,13.49,103,19.78,24.65,25.15,32.39,31.13
101,2022,99,1800,0,101,0.355,0.593,0.736,0.71,0.835,102,0.606,17.88,17.83,12.42,13.49,103,19.75,24.64,25.14,32.39,31.13
101,2022,99,1900,0,101,0.354,0.593,0.736,0.71,0.835,102,0.606,17.87,17.82,12.41,13.48,103,19.72,24.63,25.13,32.37,31.13
101,2022,99,2000,0,101,0.354,0.593,0.736,0.71,0.835,102,0.606,17.86,17.8,12.41,13.48,103,19.69,24.61,25.11,32.37,31.12
101,2022,99,2100,0,101,0.353,0.593,0.736,0.71,0.835,102,0.605,17.85,17.79,12.41,13.48,103,19.66,24.61,25.1,32.37,31.13
101,2022,99,2200,0,101,0.353,0.593,0.736,0.71,0.835,102,0.605,17.83,17.78,12.41,13.48,103,19.64,24.6,25.08,32.36,31.13
101,2022,99,2300,0,101,0.353,0.593,0.736,0.71,0.835,102,0.605,17.82,17.77,12.41,13.48,103,19.63,24.6,25.08,32.36,31.13
101,2022,100,000,0,101,0.353,0.593,0.735,0.71,0.835,102,0.605,17.82,17.76,12.41,13.47,103,19.64,24.6,25.06,32.34,31.13
101,2022,100,100,0,101,0.354,0.593,0.735,0.71,0.835,102,0.604,17.81,17.75,12.4,13.48,103,19.65,24.59,25.06,32.33,31.12
101,2022,100,200,0,101,0.355,0.593,0.735,0.709,0.835,102,0.604,17.8,17.75,12.4,13.47,103,19.68,24.6,25.05,32.33,31.13
101,2022,100,300,0,101,0.356,0.593,0.735,0.709,0.835,102,0.604,17.78,17.74,12.4,13.47,103,19.7,24.6,25.04,32.32,31.12
101,2022,100,400,0,101,0.358,0.593,0.735,0.709,0.835,102,0.603,17.77,17.74,12.4,13.47,103,19.71,24.6,25.04,32.31,31.12
101,2022,100,500,0,101,0.358,0.593,0.735,0.709,0.835,102,0.603,17.77,17.73,12.4,13.47,103,19.74,24.6,25.04,32.31,31.12
101,2022,100,600,0,101,0.359,0.593,0.735,0.709,0.835,102,0.603,17.76,17.72,12.39,13.47,103,19.77,24.61,25.04,32.29,31.11
101,2022,100,700,0,101,0.359,0.593,0.735,0.709,0.835,102,0.603,17.75,17.71,12.4,13.46,103,19.8,24.62,25.03,32.29,31.1
101,2022,100,800,0,101,0.359,0.593,0.735,0.709,0.835,102,0.603,17.73,17.7,12.39,13.47,103,19.8,24.63,25.03,32.28,31.1
101,2022,100,900,0,101,0.359,0.593,0.735,0.709,0.835,102,0.603,17.72,17.69,12.39,13.46,103,19.81,24.63,25.03,32.25,31.09
101,2022,100,1000,0,101,0.359,0.593,0.735,0.709,0.835,102,0.603,17.7,17.67,12.39,13.46,103,19.84,24.63,25.03,32.25,31.09
101,2022,100,1100,0,101,0.36,0.593,0.735,0.709,0.835,102,0.602,17.66,17.65,12.39,13.46,103,19.99,24.64,25.03,32.25,31.08
101,2022,100,1200,0,101,0.363,0.598,0.735,0.709,0.835,102,0.603,17.65,17.61,12.41,13.48,103,20.34,24.66,25.03,32.24,31.07
101,2022,100,1300,0,101,0.368,0.6,0.736,0.709,0.835,102,0.61,17.64,17.57,12.41,13.51,103,20.73,24.75,25.08,32.21,31.04
101,2022,100,1400,0,101,0.372,0.601,0.736,0.709,0.835,102,0.669,17.81,17.63,12.39,13.46,103,20.84,24.94,25.2,32.19,31.02
101,2022,100,1500,0,101,0.369,0.6,0.737,0.709,0.835,102,0.668,18.3,17.65,12.38,13.45,103,20.64,25.02,25.29,32.22,31.01
101,2022,100,1600,0,101,0.367,0.6,0.737,0.709,0.835,102,0.658,18.5,17.68,12.38,13.45,103,20.48,25.04,25.34,32.24,31
101,2022,100,1700,0,101,0.366,0.599,0.737,0.709,0.835,102,0.653,18.62,17.72,12.39,13.44,103,20.39,25.05,25.35,32.26,31.01
101,2022,100,1800,0,101,0.366,0.598,0.737,0.709,0.835,102,0.649,18.7,17.77,12.39,13.45,103,20.32,25.04,25.36,32.29,31.01
101,2022,100,1900,0,101,0.365,0.597,0.736,0.709,0.835,102,0.646,18.75,17.82,12.38,13.45,103,20.27,25.04,25.36,32.3,31.01
101,2022,100,2000,0,101,0.365,0.597,0.736,0.709,0.835,102,0.644,18.79,17.86,12.39,13.45,103,20.2,25.04,25.36,32.32,31
101,2022,100,2100,0,101,0.365,0.596,0.736,0.709,0.835,102,0.641,18.79,17.9,12.39,13.45,103,20.16,25.03,25.36,32.33,31
101,2022,100,2200,0,101,0.365,0.596,0.736,0.709,0.835,102,0.64,18.79,17.94,12.39,13.45,103,20.15,25.03,25.36,32.34,31
101,2022,100,2300,0,101,0.365,0.596,0.736,0.709,0.835,102,0.639,18.78,17.96,12.39,13.46,103,20.16,25.03,25.35,32.35,31.01
101,2022,101,000,0,101,0.365,0.596,0.736,0.709,0.835,102,0.637,18.77,17.98,12.39,13.46,103,20.18,25.04,25.35,32.36,31.02
101,2022,101,100,0,101,0.365,0.596,0.736,0.709,0.835,102,0.636,18.76,18,12.39,13.47,103,20.22,25.05,25.35,32.36,31.03
101,2022,101,200,0,101,0.365,0.596,0.736,0.709,0.835,102,0.635,18.75,18.01,12.4,13.47,103,20.23,25.06,25.36,32.37,31.03
101,2022,101,300,0,101,0.365,0.596,0.736,0.709,0.835,102,0.635,18.74,18.02,12.4,13.47,103,20.26,25.07,25.36,32.38,31.04
101,2022,101,400,0,101,0.365,0.596,0.736,0.709,0.835,102,0.634,18.72,18.03,12.4,13.47,103,20.28,25.07,25.36,32.38,31.04
101,2022,101,500,0,101,0.365,0.596,0.736,0.709,0.835,102,0.633,18.71,18.03,12.4,13.47,103,20.28,25.09,25.36,32.39,31.04
101,2022,101,600,0,101,0.365,0.596,0.736,0.709,0.835,102,0.633,18.7,18.04,12.4,13.47,103,20.28,25.09,25.36,32.39,31.04
101,2022,101,700,0,101,0.365,0.596,0.736,0.709,0.835,102,0.632,18.69,18.04,12.41,13.47,103,20.29,25.11,25.37,32.4,31.04
101,2022,101,800,0,101,0.365,0.596,0.736,0.709,0.835,102,0.632,18.66,18.04,12.41,13.47,103,20.29,25.11,25.37,32.4,31.04
101,2022,101,900,0,101,0.365,0.596,0.736,0.709,0.835,102,0.631,18.63,18.03,12.41,13.47,103,20.27,25.12,25.37,32.41,31.04
101,2022,101,1000,0,101,0.365,0.596,0.736,0.709,0.835,102,0.63,18.58,18,12.42,13.48,103,20.28,25.13,25.37,32.41,31.04
101,2022,101,1100,0,101,0.365,0.596,0.736,0.709,0.835,102,0.628,18.53,17.97,12.42,13.48,103,20.28,25.13,25.38,32.41,31.05
101,2022,101,1200,0,101,0.365,0.596,0.736,0.709,0.835,102,0.627,18.5,17.96,12.42,13.48,103,20.28,25.14,25.38,32.42,31.05
101,2022,101,1300,0,101,0.365,0.596,0.736,0.709,0.835,102,0.626,18.48,17.94,12.41,13.48,103,20.28,25.14,25.38,32.42,31.05
101,2022,101,1400,0,101,0.365,0.596,0.736,0.709,0.835,102,0.626,18.46,17.93,12.41,13.48,103,20.29,25.14,25.38,32.43,31.06
101,2022,101,1500,0,101,0.365,0.596,0.736,0.709,0.835,102,0.625,18.45,17.93,12.41,13.48,103,20.29,25.14,25.38,32.44,31.06
101,2022,101,1600,0,101,0.365,0.596,0.736,0.709,0.835,102,0.625,18.43,17.92,12.41,13.48,103,20.3,25.16,25.39,32.44,31.06
101,2022,101,1700,0,101,0.365,0.596,0.736,0.709,0.835,102,0.625,18.43,17.92,12.41,13.48,103,20.3,25.16,25.39,32.44,31.06
101,2022,101,1800,0,101,0.365,0.596,0.736,0.709,0.835,102,0.624,18.43,17.91,12.4,13.48,103,20.3,25.16,25.4,32.44,31.06
101,2022,101,1900,0,101,0.365,0.596,0.736,0.709,0.835,102,0.624,18.44,17.91,12.39,13.48,103,20.3,25.16,25.41,32.44,31.06
101,2022,101,2000,0,101,0.365,0.596,0.736,0.709,0.835,102,0.623,18.44,17.9,12.38,13.48,103,20.28,25.17,25.4,32.44,31.06
101,2022,101,2100,0,101,0.365,0.596,0.736,0.709,0.835,102,0.623,18.46,17.9,12.37,13.48,103,20.25,25.17,25.41,32.44,31.05
101,2022,101,2200,0,101,0.365,0.596,0.736,0.709,0.835,102,0.623,18.47,17.89,12.36,13.49,103,20.25,25.17,25.4,32.44,31.05
101,2022,101,2300,0,101,0.365,0.596,0.736,0.709,0.835,102,0.623,18.47,17.89,12.35,13.49,103,20.24,25.16,25.39,32.44,31.05
101,2022,102,000,0,101,0.364,0.596,0.736,0.709,0.835,102,0.622,18.46,17.89,12.35,13.49,103,20.23,25.14,25.39,32.43,31.05
101,2022,102,100,0,101,0.364,0.596,0.736,0.709,0.835,102,0.622,18.46,17.88,12.35,13.49,103,20.23,25.16,25.39,32.43,31.06
101,2022,102,200,0,101,0.364,0.596,0.736,0.709,0.835,102,0.622,18.46,17.88,12.35,13.49,103,20.23,25.14,25.38,32.44,31.06
101,2022,102,300,0,101,0.364,0.596,0.736,0.709,0.835,102,0.622,18.46,17.88,12.34,13.49,103,20.23,25.14,25.38,32.44,31.06
101,2022,102,400,0,101,0.364,0.596,0.736,0.709,0.835,102,0.621,18.46,17.88,12.35,13.49,103,20.22,25.13,25.38,32.44,31.07
101,2022,102,500,0,101,0.364,0.596,0.736,0.709,0.835,102,0.621,18.45,17.86,12.35,13.49,103,20.22,25.14,25.39,32.44,31.07
101,2022,102,600,0,101,0.363,0.596,0.736,0.709,0.835,102,0.621,18.44,17.86,12.35,13.49,103,20.21,25.12,25.39,32.44,31.07
101,2022,102,700,0,101,0.363,0.596,0.736,0.709,0.835,102,0.621,18.44,17.86,12.34,13.49,103,20.2,25.12,25.39,32.44,31.07
101,2022,102,800,0,101,0.363,0.596,0.736,0.709,0.835,102,0.62,18.43,17.86,12.34,13.49,103,20.2,25.13,25.39,32.44,31.07
101,2022,102,900,0,101,0.363,0.596,0.736,0.709,0.835,102,0.62,18.43,17.85,12.34,13.49,103,20.2,25.13,25.39,32.44,31.08
101,2022,102,1000,0,101,0.363,0.596,0.736,0.709,0.835,102,0.62,18.42,17.85,12.34,13.48,103,20.2,25.13,25.39,32.44,31.09
101,2022,102,1100,0,101,0.364,0.596,0.736,0.709,0.835,102,0.62,18.41,17.85,12.34,13.48,103,20.2,25.12,25.39,32.44,31.08
101,2022,102,1200,0,101,0.364,0.596,0.736,0.709,0.835,102,0.62,18.4,17.84,12.34,13.48,103,20.2,25.12,25.39,32.44,31.09
101,2022,102,1300,0,101,0.364,0.596,0.736,0.709,0.835,102,0.619,18.39,17.84,12.34,13.49,103,20.2,25.12,25.39,32.44,31.09
101,2022,102,1400,0,101,0.364,0.596,0.736,0.709,0.835,102,0.619,18.39,17.83,12.34,13.48,103,20.2,25.12,25.39,32.44,31.09
101,2022,102,1500,0,101,0.364,0.596,0.736,0.709,0.835,102,0.619,18.38,17.83,12.34,13.49,103,20.21,25.12,25.39,32.44,31.1
101,2022,102,1600,0,101,0.364,0.596,0.736,0.709,0.835,102,0.619,18.37,17.83,12.34,13.48,103,20.21,25.12,25.4,32.45,31.1
101,2022,102,1700,0,101,0.365,0.596,0.737,0.709,0.835,102,0.619,18.37,17.82,12.34,13.48,103,20.22,25.12,25.4,32.45,31.1
101,2022,102,1800,0,101,0.365,0.596,0.737,0.709,0.835,102,0.619,18.36,17.82,12.34,13.48,103,20.23,25.12,25.41,32.44,31.1
101,2022,102,1900,0,101,0.365,0.596,0.737,0.709,0.835,102,0.619,18.36,17.82,12.34,13.49,103,20.23,25.13,25.41,32.44,31.1
101,2022,102,2000,0,101,0.365,0.597,0.737,0.709,0.835,102,0.619,18.35,17.82,12.34,13.48,103,20.22,25.12,25.41,32.44,31.1
101,2022,102,2100,0,101,0.365,0.597,0.737,0.709,0.835,102,0.619,18.35,17.82,12.34,13.48,103,20.22,25.12,25.41,32.44,31.1
101,2022,102,2200,0,101,0.365,0.597,0.737,0.709,0.835,102,0.619,18.35,17.8,12.34,13.48,103,20.22,25.12,25.41,32.44,31.1
101,2022,102,2300,0,101,0.365,0.597,0.737,0.709,0.835,102,0.619,18.36,17.8,12.34,13.48,103,20.22,25.1,25.39,32.43,31.1
101,2022,103,000,0,101,0.365,0.597,0.737,0.709,0.835,102,0.619,18.37,17.8,12.33,13.48,103,20.22,25.09,25.38,32.41,31.1
101,2022,103,100,0,101,0.365,0.597,0.737,0.709,0.835,102,0.619,18.39,17.79,12.32,13.48,103,20.22,25.09,25.38,32.41,31.1
101,2022,103,200,0,101,0.365,0.597,0.737,0.709,0.835,102,0.619,18.41,17.79,12.31,13.48,103,20.22,25.09,25.37,32.4,31.1
101,2022,103,300,0,101,0.365,0.597,0.737,0.709,0.835,102,0.619,18.43,17.79,12.3,13.48,103,20.22,25.07,25.38,32.4,31.1
101,2022,103,400,0,101,0.365,0.597,0.737,0.709,0.835,102,0.619,18.45,17.78,12.29,13.48,103,20.21,25.07,25.38,32.4,31.1
101,2022,103,500,0,101,0.365,0.597,0.737,0.709,0.835,102,0.618,18.46,17.78,12.29,13.48,103,20.2,25.07,25.38,32.4,31.11
101,2022,103,600,0,101,0.365,0.597,0.737,0.709,0.835,102,0.618,18.46,17.78,12.29,13.48,103,20.19,25.07,25.38,32.4,31.11
101,2022,103,700,0,101,0.365,0.597,0.737,0.709,0.835,102,0.618,18.46,17.78,12.28,13.48,103,20.19,25.07,25.37,32.4,31.11
101,2022,103,800,0,101,0.365,0.597,0.737,0.709,0.835,102,0.618,18.46,17.78,12.28,13.48,103,20.19,25.07,25.38,32.4,31.11
101,2022,103,900,0,101,0.365,0.597,0.737,0.709,0.835,102,0.618,18.46,17.77,12.28,13.48,103,20.19,25.07,25.38,32.39,31.11
101,2022,103,1000,0,101,0.365,0.597,0.737,0.709,0.835,102,0.618,18.47,17.77,12.28,13.48,103,20.19,25.07,25.37,32.4,31.11
101,2022,103,1100,0,101,0.365,0.597,0.737,0.709,0.835,102,0.618,18.46,17.77,12.28,13.48,103,20.19,25.07,25.37,32.4,31.11
101,2022,103,1200,0,101,0.365,0.597,0.737,0.709,0.835,102,0.618,18.47,17.76,12.28,13.48,103,20.19,25.07,25.38,32.4,31.12
101,2022,103,1300,0,101,0.365,0.597,0.737,0.709,0.835,102,0.618,18.46,17.77,12.27,13.47,103,20.19,25.07,25.38,32.4,31.12
101,2022,103,1400,0,101,0.365,0.597,0.737,0.709,0.835,102,0.618,18.46,17.76,12.28,13.47,103,20.19,25.07,25.38,32.4,31.12
101,2022,103,1500,0,101,0.365,0.597,0.737,0.71,0.835,102,0.618,18.46,17.76,12.28,13.48,103,20.2,25.07,25.38,32.4,31.12
101,2022,103,1600,0,101,0.364,0.597,0.737,0.71,0.835,102,0.618,18.46,17.75,12.28,13.48,103,20.2,25.07,25.38,32.4,31.13
101,2022,103,1700,0,101,0.365,0.598,0.737,0.71,0.835,102,0.618,18.45,17.75,12.28,13.48,103,20.2,25.07,25.38,32.4,31.13
101,2022,103,1800,0,101,0.365,0.598,0.737,0.71,0.835,102,0.618,18.45,17.75,12.28,13.48,103,20.21,25.07,25.38,32.4,31.13
101,2022,103,1900,0,101,0.365,0.598,0.737,0.71,0.835,102,0.618,18.45,17.75,12.28,13.48,103,20.21,25.07,25.39,32.4,31.13
101,2022,103,2000,0,101,0.366,0.598,0.737,0.71,0.835,102,0.618,18.44,17.75,12.28,13.48,103,20.22,25.07,25.39,32.4,31.13
101,2022,103,2100,0,101,0.365,0.598,0.737,0.71,0.835,102,0.618,18.44,17.75,12.28,13.48,103,20.21,25.08,25.39,32.4,31.13
101,2022,103,2200,0,101,0.365,0.598,0.737,0.71,0.835,102,0.618,18.44,17.75,12.28,13.48,103,20.22,25.08,25.39,32.4,31.13
101,2022,103,2300,0,101,0.365,0.598,0.737,0.71,0.835,102,0.618,18.44,17.75,12.28,13.48,103,20.21,25.08,25.39,32.4,31.13
101,2022,104,000,0,101,0.365,0.598,0.737,0.71,0.835,102,0.617,18.45,17.75,12.28,13.48,103,20.22,25.07,25.38,32.4,31.13
101,2022,104,100,0,101,0.365,0.598,0.737,0.71,0.835,102,0.617,18.45,17.75,12.27,13.47,103,20.22,25.06,25.38,32.39,31.13
101,2022,104,200,0,101,0.365,0.598,0.737,0.71,0.835,102,0.617,18.46,17.74,12.26,13.47,103,20.22,25.05,25.38,32.38,31.13
101,2022,104,300,0,101,0.365,0.598,0.737,0.71,0.835,102,0.618,18.47,17.74,12.26,13.47,103,20.21,25.04,25.37,32.38,31.12
101,2022,104,400,0,101,0.365,0.598,0.738,0.71,0.835,102,0.617,18.48,17.74,12.25,13.47,103,20.21,25.04,25.37,32.38,31.13
101,2022,104,500,0,101,0.366,0.598,0.737,0.71,0.835,102,0.617,18.48,17.73,12.25,13.47,103,20.2,25.04,25.37,32.37,31.13
101,2022,104,600,0,101,0.366,0.598,0.738,0.71,0.835,102,0.617,18.49,17.73,12.25,13.46,103,20.2,25.04,25.37,32.37,31.13
101,2022,104,700,0,101,0.365,0.598,0.738,0.71,0.835,102,0.617,18.49,17.73,12.25,13.46,103,20.2,25.04,25.37,32.38,31.13
101,2022,104,800,0,101,0.365,0.598,0.738,0.71,0.835,102,0.617,18.49,17.73,12.25,13.46,103,20.2,25.03,25.37,32.37,31.12
101,2022,104,900,0,101,0.365,0.598,0.738,0.71,0.835,102,0.617,18.5,17.73,12.24,13.46,103,20.2,25.03,25.36,32.37,31.13
101,2022,104,1000,0,101,0.365,0.598,0.738,0.71,0.835,102,0.617,18.5,17.73,12.24,13.46,103,20.2,25.04,25.37,32.37,31.13
101,2022,104,1100,0,101,0.365,0.598,0.738,0.71,0.835,102,0.617,18.5,17.73,12.24,13.46,103,20.2,25.03,25.36,32.38,31.13
