101,2022,104,1200,0,101,0.365,0.598,0.738,0.71,0.835,102,0.617,18.49,17.73,12.24,13.46,103,20.2,25.03,25.37,32.38,31.13
101,2022,104,1300,0,101,0.366,0.598,0.738,0.71,0.835,102,0.617,18.49,17.72,12.25,13.46,103,20.2,25.04,25.36,32.39,31.13
101,2022,104,1400,0,101,0.366,0.598,0.738,0.71,0.835,102,0.617,18.49,17.72,12.25,13.47,103,20.2,25.04,25.36,32.38,31.13
101,2022,104,1500,0,101,0.366,0.599,0.738,0.71,0.835,102,0.617,18.49,17.72,12.25,13.47,103,20.2,25.05,25.37,32.39,31.13
101,2022,104,1600,0,101,0.367,0.599,0.738,0.71,0.835,102,0.617,18.49,17.72,12.24,13.46,103,20.2,25.05,25.36,32.4,31.14
101,2022,104,1700,0,101,0.367,0.599,0.738,0.71,0.835,102,0.617,18.49,17.72,12.25,13.46,103,20.2,25.05,25.37,32.39,31.14
101,2022,104,1800,0,101,0.368,0.6,0.738,0.71,0.835,102,0.617,18.48,17.72,12.25,13.46,103,20.2,25.05,25.37,32.39,31.14
101,2022,104,1900,0,101,0.368,0.6,0.738,0.71,0.835,102,0.617,18.48,17.72,12.25,13.47,103,20.2,25.04,25.37,32.39,31.13
101,2022,104,2000,0,101,0.369,0.6,0.738,0.71,0.835,102,0.617,18.48,17.72,12.25,13.46,103,20.2,25.05,25.37,32.39,31.13
101,2022,104,2100,0,101,0.369,0.6,0.738,0.71,0.836,102,0.617,18.48,17.71,12.25,13.46,103,20.2,25.05,25.37,32.39,31.14
101,2022,104,2200,0,101,0.369,0.601,0.739,0.71,0.836,102,0.617,18.48,17.72,12.25,13.46,103,20.19,25.05,25.37,32.39,31.14
101,2022,104,2300,0,101,0.369,0.601,0.739,0.71,0.836,102,0.617,18.48,17.72,12.25,13.46,103,20.2,25.05,25.37,32.39,31.14
101,2022,105,000,0,101,0.369,0.601,0.739,0.71,0.836,102,0.617,18.48,17.72,12.25,13.46,103,20.2,25.03,25.35,32.36,31.13
101,2022,105,100,0,101,0.368,0.601,0.739,0.71,0.836,102,0.617,18.47,17.71,12.25,13.46,103,20.2,25,25.33,32.34,31.13
101,2022,105,200,0,101,0.368,0.601,0.739,0.71,0.836,102,0.617,18.48,17.7,12.24,13.46,103,20.2,24.99,25.31,32.34,31.11
101,2022,105,300,0,101,0.368,0.601,0.739,0.71,0.836,102,0.617,18.49,17.7,12.24,13.46,103,20.21,24.98,25.31,32.33,31.1
101,2022,105,400,0,101,0.368,0.6,0.739,0.71,0.836,102,0.617,18.5,17.7,12.23,13.46,103,20.2,24.98,25.31,32.33,31.1
101,2022,105,500,0,101,0.367,0.6,0.739,0.71,0.836,102,0.617,18.51,17.7,12.23,13.46,103,20.19,24.98,25.31,32.33,31.1
101,2022,105,600,0,101,0.367,0.6,0.739,0.71,0.836,102,0.617,18.52,17.7,12.23,13.46,103,20.19,24.98,25.31,32.34,31.1
101,2022,105,700,0,101,0.367,0.6,0.739,0.71,0.836,102,0.617,18.51,17.7,12.23,13.46,103,20.19,24.98,25.31,32.33,31.1
101,2022,105,800,0,101,0.368,0.6,0.739,0.711,0.836,102,0.617,18.52,17.71,12.22,13.46,103,20.17,24.98,25.31,32.34,31.1
101,2022,105,900,0,101,0.367,0.6,0.739,0.71,0.835,102,0.617,18.52,17.7,12.22,13.46,103,20.17,24.98,25.31,32.34,31.1
101,2022,105,1000,0,101,0.366,0.6,0.739,0.711,0.835,102,0.617,18.52,17.7,12.22,13.45,103,20.16,24.98,25.31,32.33,31.1
101,2022,105,1100,0,101,0.366,0.6,0.739,0.711,0.835,102,0.617,18.52,17.7,12.22,13.46,103,20.16,24.98,25.31,32.33,31.1
101,2022,105,1200,0,101,0.366,0.6,0.739,0.711,0.835,102,0.617,18.51,17.7,12.23,13.46,103,20.15,24.98,25.3,32.32,31.1
101,2022,105,1300,0,101,0.366,0.6,0.739,0.711,0.835,102,0.617,18.51,17.7,12.23,13.46,103,20.14,24.97,25.29,32.33,31.1
101,2022,105,1400,0,101,0.368,0.6,0.738,0.711,0.835,102,0.617,18.5,17.7,12.23,13.46,103,20.14,24.96,25.29,32.33,31.1
101,2022,105,1500,0,101,0.371,0.601,0.739,0.711,0.835,102,0.617,18.5,17.69,12.22,13.46,103,20.14,24.96,25.29,32.33,31.1
101,2022,105,1600,0,101,0.374,0.602,0.739,0.711,0.835,102,0.617,18.5,17.69,12.23,13.46,103,20.16,24.97,25.29,32.33,31.11
101,2022,105,1700,0,101,0.376,0.603,0.739,0.711,0.835,102,0.617,18.49,17.69,12.22,13.46,103,20.2,24.98,25.28,32.32,31.1
101,2022,105,1800,0,101,0.376,0.604,0.74,0.711,0.835,102,0.617,18.49,17.69,12.22,13.46,103,20.32,25.03,25.3,32.32,31.1
101,2022,105,1900,0,101,0.375,0.605,0.74,0.711,0.836,102,0.618,18.49,17.69,12.22,13.47,103,20.47,25.12,25.35,32.33,31.1
101,2022,105,2000,0,101,0.374,0.605,0.741,0.711,0.836,102,0.619,18.51,17.69,12.23,13.47,103,20.57,25.2,25.42,32.34,31.1
101,2022,105,2100,0,101,0.373,0.605,0.741,0.711,0.836,102,0.62,18.54,17.69,12.23,13.47,103,20.6,25.27,25.47,32.36,31.1
101,2022,105,2200,0,101,0.372,0.605,0.741,0.711,0.836,102,0.621,18.57,17.7,12.23,13.46,103,20.58,25.3,25.5,32.37,31.11
101,2022,105,2300,0,101,0.371,0.605,0.741,0.711,0.836,102,0.622,18.61,17.71,12.22,13.45,103,20.54,25.27,25.5,32.37,31.1
101,2022,106,000,0,101,0.371,0.605,0.741,0.711,0.836,102,0.622,18.65,17.72,12.22,13.44,103,20.51,25.26,25.48,32.39,31.09
101,2022,106,100,0,101,0.371,0.605,0.741,0.712,0.836,102,0.623,18.69,17.74,12.21,13.43,103,20.48,25.25,25.48,32.4,31.08
101,2022,106,200,0,101,0.371,0.604,0.741,0.712,0.836,102,0.623,18.71,17.75,12.21,13.43,103,20.47,25.23,25.46,32.41,31.07
101,2022,106,300,0,101,0.371,0.604,0.741,0.712,0.836,102,0.623,18.73,17.77,12.21,13.43,103,20.45,25.22,25.45,32.42,31.07
101,2022,106,400,0,101,0.371,0.604,0.741,0.712,0.836,102,0.623,18.74,17.78,12.21,13.44,103,20.43,25.21,25.45,32.43,31.07
101,2022,106,500,0,101,0.371,0.604,0.741,0.712,0.836,102,0.623,18.75,17.79,12.21,13.44,103,20.41,25.2,25.44,32.44,31.08
101,2022,106,600,0,101,0.371,0.604,0.741,0.712,0.836,102,0.623,18.76,17.8,12.21,13.44,103,20.4,25.2,25.44,32.44,31.08
101,2022,106,700,0,101,0.371,0.604,0.741,0.712,0.836,102,0.623,18.76,17.8,12.22,13.45,103,20.39,25.2,25.43,32.44,31.09
101,2022,106,800,0,101,0.369,0.603,0.741,0.712,0.836,102,0.623,18.76,17.82,12.22,13.45,103,20.37,25.19,25.43,32.45,31.09
101,2022,106,900,0,101,0.369,0.603,0.741,0.712,0.836,102,0.622,18.76,17.82,12.22,13.45,103,20.37,25.19,25.41,32.45,31.09
101,2022,106,1000,0,101,0.369,0.603,0.741,0.712,0.836,102,0.622,18.76,17.83,12.22,13.45,103,20.36,25.18,25.41,32.46,31.1
101,2022,106,1100,0,101,0.369,0.603,0.741,0.712,0.836,102,0.622,18.76,17.83,12.22,13.46,103,20.36,25.18,25.4,32.45,31.08
101,2022,106,1200,0,101,0.369,0.603,0.741,0.712,0.836,102,0.622,18.76,17.83,12.23,13.46,103,20.35,25.16,25.41,32.45,31.07
101,2022,106,1300,0,101,0.369,0.603,0.741,0.712,0.837,102,0.622,18.75,17.83,12.23,13.47,103,20.34,25.16,25.4,32.47,31.08
101,2022,106,1400,0,101,0.37,0.603,0.741,0.712,0.837,102,0.622,18.75,17.84,12.23,13.47,103,20.33,25.16,25.39,32.47,31.09
101,2022,106,1500,0,101,0.37,0.603,0.741,0.712,0.837,102,0.622,18.74,17.84,12.23,13.47,103,20.33,25.16,25.4,32.47,31.1
101,2022,106,1600,0,101,0.37,0.604,0.741,0.712,0.837,102,0.621,18.74,17.84,12.24,13.47,103,20.33,25.16,25.4,32.48,31.1
101,2022,106,1700,0,101,0.37,0.604,0.741,0.712,0.837,102,0.621,18.73,17.84,12.23,13.47,103,20.32,25.16,25.39,32.47,31.1
101,2022,106,1800,0,101,0.37,0.604,0.741,0.712,0.837,102,0.621,18.72,17.84,12.24,13.48,103,20.32,25.16,25.39,32.47,31.11
101,2022,106,1900,0,101,0.37,0.604,0.741,0.712,0.837,102,0.621,18.72,17.84,12.24,13.48,103,20.31,25.16,25.39,32.48,31.11
101,2022,106,2000,0,101,0.37,0.604,0.741,0.712,0.837,102,0.621,18.72,17.84,12.24,13.48,103,20.31,25.15,25.39,32.48,31.1
101,2022,106,2100,0,101,0.37,0.604,0.741,0.712,0.837,102,0.621,18.72,17.84,12.24,13.48,103,20.3,25.15,25.39,32.47,31.11
101,2022,106,2200,0,101,0.369,0.604,0.741,0.712,0.838,102,0.621,18.71,17.84,12.24,13.48,103,20.31,25.15,25.39,32.48,31.11
101,2022,106,2300,0,101,0.369,0.604,0.741,0.712,0.838,102,0.621,18.71,17.84,12.24,13.48,103,20.3,25.16,25.38,32.48,31.12
101,2022,107,000,0,101,0.369,0.604,0.741,0.713,0.838,102,0.62,18.71,17.84,12.24,13.48,103,20.3,25.14,25.38,32.47,31.14
101,2022,107,100,0,101,0.369,0.604,0.741,0.713,0.838,102,0.62,18.71,17.84,12.24,13.48,103,20.3,25.12,25.36,32.46,31.14
101,2022,107,200,0,101,0.369,0.604,0.741,0.713,0.838,102,0.62,18.7,17.84,12.24,13.48,103,20.3,25.09,25.34,32.45,31.12
101,2022,107,300,0,101,0.37,0.603,0.741,0.713,0.838,102,0.62,18.7,17.84,12.24,13.48,103,20.29,25.09,25.33,32.45,31.12
101,2022,107,400,0,101,0.37,0.603,0.741,0.713,0.838,102,0.62,18.69,17.84,12.25,13.48,103,20.28,25.08,25.33,32.45,31.12
101,2022,107,500,0,101,0.371,0.603,0.741,0.713,0.838,102,0.62,18.7,17.84,12.24,13.48,103,20.26,25.08,25.33,32.45,31.11
101,2022,107,600,0,101,0.372,0.603,0.741,0.713,0.839,102,0.62,18.7,17.85,12.24,13.48,103,20.24,25.08,25.34,32.46,31.1
101,2022,107,700,0,101,0.373,0.602,0.741,0.713,0.839,102,0.62,18.7,17.85,12.24,13.48,103,20.22,25.09,25.33,32.45,31.07
101,2022,107,800,0,101,0.373,0.602,0.741,0.713,0.839,102,0.62,18.7,17.85,12.23,13.47,103,20.21,25.09,25.33,32.46,31.07
101,2022,107,900,0,101,0.369,0.602,0.741,0.713,0.839,102,0.62,18.7,17.85,12.23,13.47,103,20.19,25.09,25.33,32.47,31.1
101,2022,107,1000,0,101,0.368,0.602,0.741,0.713,0.839,102,0.619,18.69,17.84,12.23,13.47,103,20.17,25.09,25.33,32.47,31.1
101,2022,107,1100,0,101,0.368,0.602,0.741,0.713,0.839,102,0.619,18.69,17.84,12.24,13.47,103,20.17,25.08,25.31,32.47,31.11
101,2022,107,1200,0,101,0.368,0.602,0.741,0.713,0.839,102,0.619,18.69,17.84,12.24,13.48,103,20.18,25.07,25.31,32.47,31.12
101,2022,107,1300,0,101,0.369,0.602,0.741,0.713,0.839,102,0.619,18.68,17.84,12.24,13.48,103,20.18,25.07,25.3,32.47,31.12
101,2022,107,1400,0,101,0.373,0.603,0.741,0.713,0.839,102,0.619,18.67,17.83,12.24,13.48,103,20.19,25.07,25.3,32.47,31.12
101,2022,107,1500,0,101,0.377,0.604,0.741,0.713,0.839,102,0.619,18.66,17.83,12.24,13.48,103,20.2,25.07,25.29,32.47,31.12
101,2022,107,1600,0,101,0.379,0.605,0.741,0.713,0.839,102,0.619,18.65,17.82,12.24,13.48,103,20.22,25.07,25.29,32.47,31.12
101,2022,107,1700,0,101,0.379,0.607,0.742,0.713,0.839,102,0.619,18.65,17.82,12.24,13.48,103,20.25,25.08,25.31,32.46,31.12
101,2022,107,1800,0,101,0.379,0.608,0.742,0.713,0.839,102,0.62,18.65,17.82,12.25,13.48,103,20.33,25.12,25.31,32.46,31.11
101,2022,107,1900,0,101,0.378,0.608,0.743,0.713,0.839,102,0.62,18.66,17.82,12.25,13.48,103,20.45,25.16,25.35,32.46,31.12
101,2022,107,2000,0,101,0.377,0.608,0.743,0.713,0.839,102,0.621,18.68,17.82,12.25,13.48,103,20.54,25.22,25.38,32.47,31.11
101,2022,107,2100,0,101,0.376,0.608,0.743,0.713,0.839,102,0.622,18.7,17.82,12.25,13.48,103,20.58,25.26,25.42,32.47,31.11
101,2022,107,2200,0,101,0.376,0.608,0.743,0.714,0.839,102,0.622,18.72,17.83,12.25,13.48,103,20.56,25.27,25.44,32.49,31.11
101,2022,107,2300,0,101,0.375,0.608,0.743,0.714,0.84,102,0.623,18.75,17.84,12.25,13.48,103,20.54,25.28,25.45,32.5,31.11
101,2022,108,000,0,101,0.374,0.608,0.743,0.714,0.84,102,0.623,18.77,17.84,12.25,13.48,103,20.52,25.28,25.46,32.51,31.11
101,2022,108,100,0,101,0.373,0.608,0.743,0.714,0.84,102,0.623,18.79,17.85,12.25,13.48,103,20.5,25.28,25.46,32.52,31.11
101,2022,108,200,0,101,0.373,0.608,0.743,0.714,0.84,102,0.623,18.8,17.87,12.26,13.48,103,20.48,25.28,25.46,32.54,31.11
101,2022,108,300,0,101,0.372,0.607,0.743,0.714,0.84,102,0.624,18.81,17.88,12.25,13.48,103,20.47,25.27,25.46,32.55,31.13
101,2022,108,400,0,101,0.372,0.607,0.743,0.714,0.841,102,0.624,18.83,17.89,12.26,13.49,103,20.45,25.27,25.46,32.55,31.13
101,2022,108,500,0,101,0.371,0.607,0.743,0.714,0.841,102,0.624,18.83,17.9,12.26,13.49,103,20.45,25.27,25.45,32.55,31.14
101,2022,108,600,0,101,0.371,0.607,0.743,0.714,0.841,102,0.624,18.83,17.9,12.26,13.49,103,20.44,25.25,25.45,32.56,31.15
101,2022,108,700,0,101,0.371,0.607,0.743,0.714,0.841,102,0.624,18.84,17.92,12.26,13.49,103,20.43,25.24,25.43,32.56,31.16
101,2022,108,800,0,101,0.372,0.607,0.743,0.714,0.841,102,0.623,18.84,17.92,12.26,13.49,103,20.42,25.24,25.44,32.56,31.16
101,2022,108,900,0,101,0.372,0.607,0.743,0.714,0.841,102,0.623,18.85,17.93,12.26,13.49,103,20.42,25.25,25.44,32.56,31.13
101,2022,108,1000,0,101,0.373,0.607,0.743,0.714,0.841,102,0.623,18.85,17.93,12.26,13.49,103,20.42,25.25,25.43,32.57,31.13
101,2022,108,1100,0,101,0.377,0.608,0.743,0.714,0.841,102,0.623,18.84,17.94,12.27,13.5,103,20.42,25.25,25.43,32.59,31.14
101,2022,108,1200,0,101,0.383,0.61,0.744,0.715,0.842,102,0.624,18.84,17.93,12.27,13.5,103,20.43,25.25,25.43,32.59,31.16
101,2022,108,1300,0,101,0.385,0.612,0.745,0.715,0.842,102,0.625,18.85,17.93,12.28,13.5,103,20.53,25.27,25.43,32.59,31.16
101,2022,108,1400,0,101,0.388,0.615,0.746,0.715,0.842,102,0.628,18.87,17.93,12.28,13.5,103,20.89,25.36,25.48,32.6,31.16
101,2022,108,1500,0,101,0.388,0.618,0.747,0.715,0.842,102,0.634,18.95,17.94,12.29,13.5,103,21.49,25.56,25.57,32.61,31.16
101,2022,108,1600,0,101,0.385,0.619,0.748,0.715,0.842,102,0.647,19.19,18.04,12.29,13.5,103,22.14,25.87,25.74,32.62,31.15
101,2022,108,1700,0,101,0.398,0.622,0.749,0.716,0.843,102,0.661,19.68,18.51,12.3,13.49,103,22.79,26.29,25.98,32.66,31.13
101,2022,108,1800,0,101,0.395,0.621,0.749,0.716,0.844,102,0.663,20.23,19.23,12.37,13.51,103,23.1,26.77,26.32,32.74,31.13
101,2022,108,1900,0,101,0.391,0.62,0.749,0.716,0.845,102,0.66,20.48,19.55,12.49,13.56,103,23.07,27.03,26.6,32.9,31.11
101,2022,108,2000,0,101,0.389,0.619,0.749,0.716,0.846,102,0.658,20.58,19.68,12.59,13.63,103,22.71,27.05,26.73,33.14,31.11
101,2022,108,2100,0,101,0.387,0.618,0.749,0.716,0.847,102,0.655,20.6,19.76,12.66,13.68,103,22.37,26.96,26.73,33.38,31.13
101,2022,108,2200,0,101,0.385,0.617,0.748,0.716,0.847,102,0.653,20.58,19.79,12.71,13.72,103,22.13,26.85,26.68,33.55,31.17
101,2022,108,2300,0,101,0.382,0.616,0.748,0.716,0.848,102,0.651,20.55,19.8,12.75,13.74,103,21.96,26.75,26.63,33.66,31.27
101,2022,109,000,0,101,0.38,0.615,0.748,0.716,0.848,102,0.649,20.52,19.8,12.77,13.76,103,21.82,26.66,26.59,33.71,31.4
101,2022,109,100,0,101,0.378,0.614,0.747,0.716,0.848,102,0.648,20.48,19.78,12.78,13.77,103,21.72,26.58,26.53,33.75,31.57
101,2022,109,200,0,101,0.377,0.613,0.747,0.716,0.848,102,0.647,20.45,19.77,12.79,13.77,103,21.63,26.51,26.48,33.78,31.74
101,2022,109,300,0,101,0.375,0.612,0.746,0.716,0.848,102,0.645,20.41,19.73,12.8,13.78,103,21.55,26.44,26.44,33.79,31.9
101,2022,109,400,0,101,0.376,0.611,0.746,0.716,0.848,102,0.644,20.37,19.7,12.8,13.78,103,21.48,26.38,26.4,33.79,32.01
101,2022,109,500,0,101,0.376,0.61,0.745,0.716,0.848,102,0.643,20.34,19.68,12.79,13.78,103,21.42,26.33,26.36,33.79,32.1
101,2022,109,600,0,101,0.377,0.609,0.745,0.716,0.848,102,0.642,20.3,19.66,12.79,13.78,103,21.37,26.29,26.33,33.78,32.15
101,2022,109,700,0,101,0.375,0.608,0.745,0.716,0.848,102,0.641,20.26,19.63,12.79,13.78,103,21.32,26.26,26.31,33.76,32.16
101,2022,109,800,0,101,0.373,0.608,0.745,0.716,0.846,102,0.641,20.23,19.58,12.8,13.78,103,21.27,26.22,26.28,33.74,32.17
101,2022,109,900,0,101,0.374,0.609,0.745,0.716,0.845,102,0.64,20.18,19.53,12.8,13.78,103,21.22,26.21,26.27,33.72,32.21
101,2022,109,1000,0,101,0.381,0.61,0.745,0.716,0.846,102,0.639,20.14,19.5,12.8,13.78,103,21.18,26.17,26.24,33.71,32.22
101,2022,109,1100,0,101,0.384,0.611,0.745,0.716,0.846,102,0.638,20.11,19.47,12.79,13.78,103,21.15,26.14,26.22,33.68,32.23
101,2022,109,1200,0,101,0.388,0.611,0.745,0.716,0.846,102,0.638,20.08,19.44,12.79,13.77,103,21.12,26.11,26.2,33.67,32.22
101,2022,109,1300,0,101,0.388,0.612,0.745,0.716,0.846,102,0.637,20.05,19.41,12.78,13.77,103,21.11,26.09,26.18,33.65,32.22
101,2022,109,1400,0,101,0.385,0.612,0.746,0.716,0.846,102,0.638,19.96,19.33,12.79,13.77,103,21.2,26.06,26.15,33.63,32.21
101,2022,109,1500,0,101,0.383,0.611,0.746,0.716,0.846,102,0.652,20.18,19.36,12.78,13.76,103,21.79,26.19,26.19,33.6,32.19
101,2022,109,1600,0,101,0.381,0.61,0.746,0.716,0.846,102,0.666,20.79,19.63,12.79,13.75,103,22.4,26.53,26.36,33.61,32.17
101,2022,109,1700,0,101,0.38,0.61,0.745,0.716,0.846,102,0.669,21.37,20.21,12.82,13.76,103,22.61,26.83,26.59,33.68,32.16
101,2022,109,1800,0,101,0.38,0.61,0.745,0.716,0.846,102,0.667,21.59,20.66,12.89,13.79,103,22.52,26.94,26.74,33.82,32.17
101,2022,109,1900,0,101,0.38,0.61,0.745,0.716,0.847,102,0.662,21.56,20.81,12.98,13.83,103,22.28,26.93,26.77,33.96,32.23
101,2022,109,2000,0,101,0.38,0.609,0.745,0.716,0.847,102,0.659,21.47,20.82,13.05,13.87,103,22.07,26.85,26.76,34.05,32.31
101,2022,109,2100,0,101,0.379,0.609,0.745,0.716,0.847,102,0.656,21.37,20.77,13.1,13.89,103,21.89,26.77,26.72,34.09,32.41
101,2022,109,2200,0,101,0.379,0.609,0.745,0.716,0.847,102,0.654,21.27,20.71,13.12,13.91,103,21.76,26.7,26.68,34.1,32.5
101,2022,109,2300,0,101,0.378,0.608,0.745,0.716,0.847,102,0.652,21.18,20.65,13.13,13.91,103,21.66,26.63,26.64,34.1,32.55
101,2022,110,000,0,101,0.378,0.608,0.745,0.716,0.847,102,0.65,21.1,20.57,13.13,13.91,103,21.56,26.57,26.6,34.08,32.59
101,2022,110,100,0,101,0.377,0.608,0.744,0.716,0.847,102,0.649,21.01,20.51,13.12,13.91,103,21.48,26.51,26.55,34.06,32.6
101,2022,110,200,0,101,0.377,0.607,0.744,0.716,0.847,102,0.647,20.91,20.43,13.12,13.9,103,21.42,26.46,26.52,34.04,32.6
101,2022,110,300,0,101,0.376,0.607,0.744,0.716,0.848,102,0.646,20.86,20.37,13.1,13.9,103,21.35,26.41,26.48,34.01,32.6
101,2022,110,400,0,101,0.377,0.607,0.744,0.716,0.848,102,0.645,20.81,20.31,13.09,13.89,103,21.26,26.37,26.44,33.98,32.66
101,2022,110,500,0,101,0.377,0.606,0.744,0.716,0.847,102,0.644,20.76,20.26,13.08,13.89,103,21.18,26.31,26.4,33.94,32.72
101,2022,110,600,0,101,0.377,0.606,0.744,0.715,0.847,102,0.642,20.7,20.19,13.06,13.88,103,21.1,26.26,26.35,33.88,32.75
101,2022,110,700,0,101,0.377,0.606,0.744,0.715,0.847,102,0.641,20.64,20.14,13.05,13.87,103,21.06,26.22,26.32,33.84,32.74
101,2022,110,800,0,101,0.376,0.606,0.743,0.716,0.847,102,0.64,20.58,20.08,13.04,13.87,103,21.02,26.16,26.3,33.82,32.73
101,2022,110,900,0,101,0.378,0.606,0.743,0.715,0.847,102,0.64,20.53,20.03,13.03,13.86,103,20.99,26.11,26.25,33.81,32.71
101,2022,110,1000,0,101,0.379,0.606,0.743,0.715,0.846,102,0.639,20.48,19.98,13.02,13.86,103,20.98,26.08,26.23,33.78,32.69
101,2022,110,1100,0,101,0.382,0.607,0.743,0.715,0.846,102,0.638,20.43,19.93,13,13.85,103,21.01,26.06,26.19,33.75,32.68
101,2022,110,1200,0,101,0.384,0.607,0.743,0.715,0.845,102,0.64,20.39,19.87,13,13.84,103,21.13,26.03,26.17,33.72,32.65
101,2022,110,1300,0,101,0.383,0.607,0.743,0.715,0.845,102,0.69,22.48,20.53,13,13.82,103,21.71,26.09,26.17,33.69,32.61
101,2022,110,1400,0,101,0.381,0.607,0.743,0.715,0.845,102,0.761,29.77,27.49,13.04,13.82,103,22.95,26.55,26.38,33.68,32.57
101,2022,110,1500,0,101,0.388,0.608,0.743,0.715,0.845,102,0.745,30.69,30.26,13.33,13.85,103,23.95,27.4,26.9,33.78,32.53
101,2022,110,1600,0,101,0.384,0.608,0.744,0.715,0.845,102,0.729,29.74,29.78,14.03,13.97,103,24.02,27.97,27.45,34.1,32.53
101,2022,110,1700,0,101,0.384,0.608,0.744,0.715,0.845,102,0.721,29.04,29.15,14.43,14.08,103,23.81,28.06,27.65,34.53,32.67
101,2022,110,1800,0,101,0.383,0.608,0.744,0.715,0.845,102,0.715,28.5,28.67,14.56,14.15,103,23.54,28,27.68,34.84,32.99
101,2022,110,1900,0,101,0.382,0.608,0.744,0.715,0.845,102,0.709,28,28.2,14.56,14.18,103,23.21,27.88,27.65,34.98,33.37
101,2022,110,2000,0,101,0.381,0.607,0.744,0.715,0.846,102,0.703,27.54,27.74,14.51,14.19,103,22.85,27.71,27.56,34.99,33.58
101,2022,110,2100,0,101,0.381,0.607,0.744,0.715,0.846,102,0.699,27.13,27.33,14.45,14.18,103,22.56,27.54,27.45,34.96,33.65
101,2022,110,2200,0,101,0.381,0.607,0.744,0.715,0.845,102,0.695,26.78,26.97,14.38,14.17,103,22.35,27.39,27.35,34.89,33.65
101,2022,110,2300,0,101,0.383,0.608,0.744,0.715,0.845,102,0.693,26.5,26.66,14.31,14.15,103,22.24,27.27,27.25,34.83,33.62
101,2022,111,000,0,101,0.39,0.609,0.744,0.715,0.846,102,0.692,26.31,26.41,14.25,14.14,103,22.27,27.17,27.16,34.77,33.58
101,2022,111,100,0,101,0.389,0.609,0.744,0.715,0.846,102,0.69,26.2,26.26,14.19,14.12,103,22.19,27.11,27.11,34.7,33.52
101,2022,111,200,0,101,0.386,0.609,0.744,0.715,0.846,102,0.689,26.06,26.12,14.15,14.11,103,22.08,27.04,27.05,34.64,33.47
101,2022,111,300,0,101,0.385,0.609,0.744,0.715,0.846,102,0.687,25.92,25.98,14.11,14.09,103,21.96,26.97,27.01,34.59,33.43
101,2022,111,400,0,101,0.384,0.608,0.744,0.715,0.846,102,0.685,25.79,25.86,14.07,14.08,103,21.85,26.91,26.95,34.54,33.39
101,2022,111,500,0,101,0.383,0.608,0.744,0.715,0.846,102,0.684,25.66,25.74,14.04,14.07,103,21.75,26.84,26.9,34.49,33.35
101,2022,111,600,0,101,0.387,0.609,0.744,0.715,0.846,102,0.682,25.54,25.62,14.01,14.06,103,21.67,26.78,26.85,34.44,33.3
101,2022,111,700,0,101,0.386,0.609,0.744,0.715,0.846,102,0.681,25.42,25.5,13.97,14.05,103,21.62,26.71,26.79,34.4,33.27
101,2022,111,800,0,101,0.386,0.609,0.744,0.715,0.846,102,0.68,25.3,25.39,13.95,14.04,103,21.59,26.67,26.75,34.35,33.23
101,2022,111,900,0,101,0.386,0.609,0.744,0.715,0.846,102,0.679,25.2,25.29,13.93,14.02,103,21.57,26.63,26.71,34.3,33.2
101,2022,111,1000,0,101,0.39,0.609,0.744,0.715,0.845,102,0.678,25.07,25.18,13.9,14,103,21.65,26.6,26.68,34.26,33.15
101,2022,111,1100,0,101,0.396,0.616,0.745,0.716,0.845,102,0.686,25.19,25.12,13.87,13.99,103,22.12,26.62,26.66,34.21,33.11
101,2022,111,1200,0,101,0.392,0.614,0.745,0.716,0.845,102,0.695,25.88,25.41,13.85,13.99,103,22.96,27.03,26.84,34.19,33.06
101,2022,111,1300,0,101,0.39,0.612,0.745,0.716,0.845,102,0.694,26.11,25.82,13.86,13.99,103,23.49,27.68,27.38,34.32,33.02
101,2022,111,1400,0,101,0.387,0.611,0.745,0.716,0.845,102,0.692,26.09,25.97,13.9,14.01,103,23.74,28.27,28.02,34.75,33.06
101,2022,111,1500,0,101,0.385,0.61,0.745,0.716,0.845,102,0.689,25.98,25.94,13.93,14.04,103,23.28,28.22,28.16,35.23,33.44
101,2022,111,1600,0,101,0.383,0.609,0.745,0.716,0.845,102,0.687,25.83,25.86,13.94,14.06,103,22.88,27.97,28.02,35.35,33.88
101,2022,111,1700,0,101,0.381,0.609,0.745,0.716,0.845,102,0.685,25.69,25.75,13.95,14.06,103,22.6,27.73,27.85,35.31,34
101,2022,111,1800,0,101,0.381,0.609,0.745,0.716,0.845,102,0.683,25.56,25.64,13.94,14.06,103,22.4,27.53,27.68,35.21,33.97
101,2022,111,1900,0,101,0.381,0.608,0.744,0.716,0.846,102,0.682,25.43,25.54,13.93,14.06,103,22.24,27.37,27.54,35.11,33.92
101,2022,111,2000,0,101,0.381,0.608,0.744,0.716,0.846,102,0.68,25.32,25.44,13.91,14.05,103,22.12,27.24,27.42,35.02,33.85
101,2022,111,2100,0,101,0.382,0.608,0.744,0.716,0.846,102,0.679,25.21,25.34,13.89,14.04,103,22.01,27.12,27.32,34.92,33.77
101,2022,111,2200,0,101,0.382,0.608,0.744,0.716,0.846,102,0.678,25.11,25.25,13.87,14.02,103,21.85,27.01,27.21,34.84,33.7
101,2022,111,2300,0,101,0.381,0.607,0.744,0.716,0.846,102,0.677,25.01,25.16,13.85,14.02,103,21.69,26.9,27.13,34.76,33.63
101,2022,112,000,0,101,0.381,0.607,0.744,0.716,0.847,102,0.675,24.9,25.08,13.84,14,103,21.53,26.8,27.04,34.66,33.57
101,2022,112,100,0,101,0.381,0.607,0.744,0.716,0.846,102,0.674,24.8,24.99,13.82,13.99,103,21.42,26.7,26.96,34.58,33.5
101,2022,112,200,0,101,0.381,0.607,0.744,0.715,0.846,102,0.673,24.7,24.91,13.8,13.98,103,21.37,26.61,26.88,34.5,33.44
101,2022,112,300,0,101,0.381,0.606,0.744,0.715,0.847,102,0.671,24.59,24.82,13.78,13.97,103,21.27,26.55,26.81,34.42,33.38
101,2022,112,400,0,101,0.38,0.606,0.743,0.715,0.847,102,0.669,24.47,24.74,13.76,13.96,103,21.12,26.47,26.75,34.34,33.34
101,2022,112,500,0,101,0.38,0.605,0.743,0.715,0.847,102,0.667,24.34,24.64,13.74,13.95,103,21,26.4,26.68,34.28,33.32
101,2022,112,600,0,101,0.381,0.605,0.743,0.715,0.847,102,0.665,24.22,24.55,13.72,13.94,103,20.93,26.31,26.63,34.19,33.28
101,2022,112,700,0,101,0.38,0.605,0.743,0.715,0.846,102,0.664,24.12,24.48,13.71,13.94,103,20.91,26.23,26.55,34.18,33.26
101,2022,112,800,0,101,0.384,0.606,0.743,0.715,0.845,102,0.664,24.04,24.39,13.7,13.92,103,21.22,26.18,26.51,34.11,33.17
101,2022,112,900,0,101,0.386,0.606,0.743,0.715,0.845,102,0.666,23.98,24.33,13.68,13.91,103,21.74,26.32,26.56,34.06,33.13
101,2022,112,1000,0,101,0.389,0.606,0.743,0.715,0.845,102,0.667,24.02,24.29,13.67,13.91,103,21.58,26.39,26.61,34.05,33.08
101,2022,112,1100,0,101,0.388,0.605,0.743,0.715,0.845,102,0.666,23.98,24.24,13.65,13.89,103,21.41,26.35,26.63,34.03,33.04
101,2022,112,1200,0,101,0.386,0.605,0.743,0.715,0.845,102,0.666,24,24.22,13.63,13.9,103,21.24,26.3,26.6,34.03,33.02
101,2022,112,1300,0,101,0.386,0.605,0.743,0.715,0.845,102,0.665,23.93,24.17,13.62,13.88,103,21.23,26.24,26.57,34.02,33.01
101,2022,112,1400,0,101,0.39,0.606,0.743,0.715,0.845,102,0.666,23.94,24.15,13.61,13.89,103,21.2,26.21,26.53,34.02,32.99
101,2022,112,1500,0,101,0.388,0.606,0.743,0.715,0.845,102,0.665,23.89,24.11,13.6,13.87,103,21.2,26.18,26.53,33.98,32.96
101,2022,112,1600,0,101,0.386,0.605,0.743,0.715,0.844,102,0.665,23.87,24.08,13.59,13.87,103,21.17,26.17,26.5,33.97,32.95
101,2022,112,1700,0,101,0.385,0.605,0.743,0.715,0.845,102,0.664,23.8,24.04,13.58,13.86,103,21.12,26.14,26.48,33.95,32.94
101,2022,112,1800,0,101,0.385,0.604,0.743,0.715,0.845,102,0.664,23.79,24.01,13.58,13.86,103,21.12,26.12,26.43,33.96,32.94
101,2022,112,1900,0,101,0.385,0.604,0.743,0.715,0.845,102,0.663,23.75,23.98,13.57,13.86,103,21.12,26.11,26.4,33.93,32.93
101,2022,112,2000,0,101,0.386,0.604,0.742,0.715,0.845,102,0.663,23.7,23.95,13.56,13.85,103,21.09,26.1,26.38,33.93,32.92
101,2022,112,2100,0,101,0.386,0.604,0.742,0.715,0.845,102,0.662,23.66,23.91,13.55,13.85,103,21.09,26.09,26.35,33.9,32.91
101,2022,112,2200,0,101,0.387,0.604,0.742,0.715,0.845,102,0.662,23.62,23.87,13.54,13.84,103,21.08,26.07,26.35,33.88,32.89
101,2022,112,2300,0,101,0.387,0.604,0.742,0.715,0.845,102,0.661,23.58,23.84,13.53,13.83,103,21.04,26.06,26.33,33.87,32.87
101,2022,113,000,0,101,0.387,0.604,0.742,0.715,0.845,102,0.661,23.53,23.81,13.52,13.83,103,20.96,26.04,26.3,33.84,32.87
101,2022,113,100,0,101,0.387,0.604,0.742,0.715,0.845,102,0.66,23.49,23.78,13.51,13.82,103,20.89,26.01,26.28,33.83,32.85
101,2022,113,200,0,101,0.386,0.604,0.742,0.714,0.845,102,0.659,23.44,23.74,13.51,13.82,103,20.83,25.98,26.25,33.8,32.84
101,2022,113,300,0,101,0.386,0.603,0.742,0.714,0.845,102,0.659,23.38,23.71,13.49,13.81,103,20.79,25.96,26.23,33.78,32.84
101,2022,113,400,0,101,0.386,0.603,0.742,0.714,0.845,102,0.658,23.33,23.67,13.48,13.8,103,20.76,25.92,26.21,33.75,32.82
101,2022,113,500,0,101,0.386,0.603,0.742,0.714,0.845,102,0.657,23.27,23.63,13.48,13.8,103,20.75,25.9,26.18,33.74,32.8
101,2022,113,600,0,101,0.386,0.603,0.742,0.714,0.845,102,0.656,23.22,23.6,13.47,13.79,103,20.74,25.86,26.17,33.71,32.8
101,2022,113,700,0,101,0.386,0.603,0.742,0.714,0.845,102,0.656,23.18,23.57,13.47,13.79,103,20.75,25.82,26.14,33.69,32.77
101,2022,113,800,0,101,0.387,0.603,0.742,0.714,0.844,102,0.656,23.14,23.53,13.46,13.79,103,20.93,25.8,26.12,33.65,32.73
101,2022,113,900,0,101,0.388,0.603,0.741,0.714,0.844,102,0.656,23.12,23.51,13.45,13.78,103,21.16,25.85,26.15,33.63,32.69
101,2022,113,1000,0,101,0.387,0.603,0.741,0.714,0.844,102,0.656,23.07,23.47,13.44,13.77,103,21.1,25.89,26.18,33.6,32.67
101,2022,113,1100,0,101,0.386,0.603,0.741,0.714,0.844,102,0.656,23.03,23.43,13.44,13.76,103,21.02,25.86,26.18,33.59,32.67
101,2022,113,1200,0,101,0.385,0.602,0.741,0.714,0.844,102,0.656,23,23.4,13.43,13.75,103,20.91,25.83,26.16,33.59,32.66
101,2022,113,1300,0,101,0.384,0.602,0.741,0.714,0.844,102,0.656,22.98,23.38,13.42,13.75,103,20.86,25.79,26.15,33.57,32.64
101,2022,113,1400,0,101,0.383,0.602,0.741,0.714,0.843,102,0.656,22.96,23.36,13.42,13.74,103,20.8,25.76,26.12,33.57,32.63
101,2022,113,1500,0,101,0.381,0.601,0.741,0.714,0.843,102,0.656,22.95,23.33,13.42,13.74,103,20.75,25.73,26.1,33.54,32.62
101,2022,113,1600,0,101,0.38,0.601,0.741,0.714,0.843,102,0.656,22.94,23.31,13.41,13.74,103,20.72,25.71,26.08,33.54,32.59
101,2022,113,1700,0,101,0.38,0.601,0.741,0.714,0.843,102,0.656,22.94,23.31,13.4,13.74,103,20.67,25.68,26.05,33.51,32.57
101,2022,113,1800,0,101,0.38,0.601,0.741,0.714,0.843,102,0.656,22.93,23.29,13.39,13.74,103,20.67,25.65,26,33.51,32.56
101,2022,113,1900,0,101,0.38,0.601,0.741,0.714,0.844,102,0.655,22.91,23.27,13.39,13.74,103,20.68,25.64,25.98,33.5,32.55
101,2022,113,2000,0,101,0.381,0.601,0.741,0.714,0.844,102,0.654,22.89,23.25,13.38,13.74,103,20.7,25.64,25.96,33.48,32.55
101,2022,113,2100,0,101,0.381,0.601,0.741,0.714,0.844,102,0.654,22.86,23.23,13.38,13.74,103,20.7,25.63,25.93,33.47,32.54
101,2022,113,2200,0,101,0.382,0.601,0.741,0.714,0.844,102,0.653,22.82,23.21,13.37,13.73,103,20.66,25.59,25.91,33.46,32.52
101,2022,113,2300,0,101,0.383,0.601,0.74,0.714,0.844,102,0.653,22.78,23.19,13.37,13.73,103,20.57,25.57,25.9,33.44,32.52
101,2022,114,000,0,101,0.383,0.601,0.74,0.714,0.844,102,0.652,22.73,23.17,13.36,13.72,103,20.54,25.55,25.88,33.42,32.52
101,2022,114,100,0,101,0.383,0.601,0.74,0.714,0.844,102,0.651,22.7,23.15,13.36,13.72,103,20.54,25.53,25.87,33.42,32.51
101,2022,114,200,0,101,0.383,0.601,0.74,0.714,0.844,102,0.651,22.66,23.12,13.35,13.71,103,20.53,25.52,25.85,33.39,32.5
101,2022,114,300,0,101,0.383,0.6,0.74,0.714,0.844,102,0.65,22.62,23.1,13.34,13.71,103,20.53,25.5,25.83,33.38,32.5
101,2022,114,400,0,101,0.382,0.6,0.74,0.713,0.844,102,0.649,22.57,23.07,13.34,13.7,103,20.52,25.49,25.81,33.36,32.48
101,2022,114,500,0,101,0.381,0.6,0.74,0.713,0.845,102,0.648,22.52,23.04,13.33,13.69,103,20.5,25.48,25.81,33.34,32.48
101,2022,114,600,0,101,0.381,0.6,0.74,0.713,0.844,102,0.648,22.48,23.01,13.33,13.69,103,20.48,25.45,25.81,33.32,32.48
101,2022,114,700,0,101,0.383,0.601,0.74,0.713,0.844,102,0.647,22.45,23,13.33,13.69,103,20.48,25.42,25.79,33.3,32.44
101,2022,114,800,0,101,0.388,0.601,0.74,0.713,0.843,102,0.647,22.42,22.97,13.32,13.68,103,20.64,25.41,25.8,33.27,32.41
101,2022,114,900,0,101,0.388,0.6,0.74,0.713,0.843,102,0.647,22.38,22.95,13.32,13.68,103,20.73,25.41,25.8,33.26,32.4
101,2022,114,1000,0,101,0.388,0.6,0.739,0.713,0.843,102,0.647,22.35,22.92,13.32,13.67,103,20.69,25.42,25.81,33.24,32.39
101,2022,114,1100,0,101,0.388,0.6,0.739,0.713,0.843,102,0.647,22.31,22.9,13.31,13.67,103,20.61,25.4,25.81,33.22,32.38
101,2022,114,1200,0,101,0.387,0.6,0.739,0.713,0.843,102,0.647,22.28,22.88,13.31,13.67,103,20.52,25.38,25.81,33.21,32.38
101,2022,114,1300,0,101,0.385,0.6,0.739,0.713,0.843,102,0.647,22.26,22.86,13.3,13.66,103,20.57,25.35,25.79,33.21,32.36
101,2022,114,1400,0,101,0.383,0.599,0.739,0.713,0.842,102,0.647,22.25,22.84,13.3,13.66,103,20.53,25.34,25.78,33.19,32.35
101,2022,114,1500,0,101,0.382,0.599,0.739,0.713,0.842,102,0.648,22.23,22.82,13.3,13.66,103,20.48,25.31,25.76,33.18,32.34
101,2022,114,1600,0,101,0.381,0.599,0.739,0.713,0.842,102,0.648,22.24,22.82,13.29,13.66,103,20.41,25.28,25.75,33.17,32.31
101,2022,114,1700,0,101,0.38,0.599,0.739,0.713,0.842,102,0.648,22.25,22.81,13.28,13.66,103,20.36,25.26,25.72,33.15,32.29
101,2022,114,1800,0,101,0.38,0.599,0.739,0.713,0.842,102,0.648,22.24,22.79,13.28,13.66,103,20.36,25.24,25.69,33.15,32.3
101,2022,114,1900,0,101,0.38,0.599,0.739,0.713,0.842,102,0.648,22.23,22.79,13.28,13.66,103,20.38,25.23,25.67,33.14,32.29
101,2022,114,2000,0,101,0.381,0.599,0.739,0.713,0.843,102,0.648,22.23,22.77,13.27,13.65,103,20.39,25.23,25.66,33.13,32.28
101,2022,114,2100,0,101,0.382,0.599,0.739,0.713,0.843,102,0.647,22.21,22.76,13.27,13.65,103,20.37,25.22,25.64,33.13,32.27
101,2022,114,2200,0,101,0.383,0.599,0.739,0.713,0.843,102,0.646,22.19,22.75,13.27,13.65,103,20.37,25.21,25.64,33.12,32.26
101,2022,114,2300,0,101,0.383,0.599,0.739,0.713,0.843,102,0.646,22.17,22.74,13.26,13.64,103,20.37,25.2,25.63,33.1,32.25
101,2022,115,000,0,101,0.383,0.599,0.739,0.713,0.842,102,0.645,22.15,22.73,13.26,13.65,103,20.37,25.2,25.62,33.1,32.24
101,2022,115,100,0,101,0.384,0.599,0.739,0.713,0.842,102,0.645,22.13,22.72,13.26,13.64,103,20.37,25.19,25.62,33.08,32.24
101,2022,115,200,0,101,0.384,0.599,0.739,0.713,0.842,102,0.644,22.11,22.7,13.25,13.64,103,20.37,25.18,25.62,33.07,32.21
101,2022,115,300,0,101,0.384,0.599,0.739,0.713,0.842,102,0.644,22.08,22.69,13.25,13.64,103,20.37,25.18,25.61,33.06,32.21
101,2022,115,400,0,101,0.384,0.599,0.739,0.713,0.842,102,0.644,22.06,22.68,13.25,13.63,103,20.36,25.17,25.61,33.06,32.21
101,2022,115,500,0,101,0.384,0.599,0.739,0.713,0.842,102,0.643,22.04,22.66,13.24,13.63,103,20.36,25.16,25.6,33.04,32.19
101,2022,115,600,0,101,0.384,0.599,0.739,0.713,0.842,102,0.643,22.02,22.65,13.24,13.63,103,20.36,25.16,25.6,33.03,32.18
101,2022,115,700,0,101,0.384,0.599,0.739,0.713,0.842,102,0.643,21.99,22.63,13.24,13.63,103,20.34,25.15,25.61,33.02,32.17
101,2022,115,800,0,101,0.384,0.599,0.738,0.713,0.842,102,0.642,21.97,22.61,13.24,13.62,103,20.31,25.13,25.62,32.99,32.14
101,2022,115,900,0,101,0.384,0.599,0.738,0.712,0.842,102,0.642,21.94,22.6,13.23,13.62,103,20.28,25.12,25.62,32.98,32.13
101,2022,115,1000,0,101,0.383,0.599,0.738,0.712,0.842,102,0.641,21.91,22.58,13.23,13.61,103,20.27,25.11,25.62,32.97,32.12
101,2022,115,1100,0,101,0.382,0.598,0.738,0.712,0.842,102,0.641,21.88,22.56,13.23,13.61,103,20.23,25.09,25.61,32.95,32.12
101,2022,115,1200,0,101,0.381,0.598,0.738,0.712,0.842,102,0.641,21.88,22.56,13.23,13.61,103,20.19,25.07,25.6,32.94,32.1
101,2022,115,1300,0,101,0.38,0.598,0.738,0.712,0.842,102,0.641,21.86,22.54,13.22,13.6,103,20.2,25.05,25.59,32.94,32.09
101,2022,115,1400,0,101,0.379,0.598,0.738,0.712,0.842,102,0.641,21.84,22.52,13.22,13.6,103,20.19,25.03,25.58,32.92,32.08
101,2022,115,1500,0,101,0.378,0.598,0.738,0.712,0.842,102,0.641,21.83,22.51,13.22,13.6,103,20.17,25.01,25.56,32.93,32.09
101,2022,115,1600,0,101,0.378,0.598,0.738,0.712,0.842,102,0.64,21.82,22.5,13.21,13.6,103,20.15,25,25.55,32.91,32.08
101,2022,115,1700,0,101,0.378,0.598,0.738,0.712,0.842,102,0.64,21.8,22.49,13.21,13.6,103,20.15,24.98,25.53,32.91,32.07
101,2022,115,1800,0,101,0.379,0.597,0.738,0.712,0.842,102,0.64,21.8,22.47,13.21,13.59,103,20.15,24.98,25.52,32.9,32.07
101,2022,115,1900,0,101,0.38,0.598,0.738,0.712,0.842,102,0.64,21.78,22.46,13.21,13.59,103,20.16,24.96,25.51,32.9,32.07
101,2022,115,2000,0,101,0.381,0.598,0.738,0.712,0.842,102,0.64,21.76,22.45,13.2,13.59,103,20.17,24.96,25.5,32.89,32.06
101,2022,115,2100,0,101,0.382,0.598,0.738,0.712,0.842,102,0.639,21.75,22.44,13.2,13.59,103,20.18,24.96,25.5,32.88,32.05
101,2022,115,2200,0,101,0.382,0.598,0.738,0.712,0.842,102,0.639,21.73,22.43,13.2,13.59,103,20.19,24.95,25.48,32.86,32.04
101,2022,115,2300,0,101,0.382,0.598,0.738,0.712,0.842,102,0.639,21.72,22.42,13.2,13.59,103,20.19,24.95,25.48,32.86,32.04
101,2022,116,000,0,101,0.383,0.598,0.738,0.712,0.842,102,0.638,21.7,22.4,13.2,13.59,103,20.2,24.94,25.47,32.85,32.03
101,2022,116,100,0,101,0.383,0.598,0.738,0.712,0.842,102,0.638,21.69,22.39,13.19,13.59,103,20.21,24.94,25.47,32.84,32.02
101,2022,116,200,0,101,0.384,0.598,0.737,0.712,0.842,102,0.638,21.67,22.38,13.19,13.58,103,20.21,24.93,25.47,32.83,32.01
101,2022,116,300,0,101,0.384,0.598,0.737,0.712,0.842,102,0.637,21.65,22.37,13.18,13.58,103,20.22,24.93,25.46,32.82,32.01
101,2022,116,400,0,101,0.384,0.598,0.737,0.712,0.842,102,0.637,21.64,22.36,13.18,13.58,103,20.21,24.93,25.45,32.81,32
101,2022,116,500,0,101,0.384,0.598,0.737,0.712,0.842,102,0.637,21.62,22.35,13.18,13.58,103,20.21,24.92,25.45,32.81,32
101,2022,116,600,0,101,0.384,0.598,0.737,0.712,0.842,102,0.637,21.61,22.33,13.18,13.58,103,20.21,24.92,25.44,32.8,31.99
101,2022,116,700,0,101,0.385,0.598,0.737,0.712,0.841,102,0.636,21.58,22.32,13.18,13.57,103,20.2,24.91,25.45,32.78,31.96
101,2022,116,800,0,101,0.385,0.598,0.737,0.712,0.841,102,0.636,21.56,22.3,13.17,13.56,103,20.19,24.89,25.45,32.75,31.94
101,2022,116,900,0,101,0.384,0.598,0.737,0.712,0.841,102,0.636,21.54,22.29,13.16,13.56,103,20.17,24.89,25.45,32.74,31.93
101,2022,116,1000,0,101,0.384,0.597,0.737,0.712,0.841,102,0.635,21.51,22.27,13.16,13.55,103,20.16,24.88,25.45,32.74,31.94
101,2022,116,1100,0,101,0.383,0.597,0.737,0.712,0.841,102,0.635,21.5,22.26,13.16,13.55,103,20.1,24.87,25.44,32.73,31.93
101,2022,116,1200,0,101,0.382,0.597,0.737,0.712,0.841,102,0.635,21.48,22.24,13.16,13.54,103,20.04,24.85,25.43,32.72,31.92
101,2022,116,1300,0,101,0.381,0.597,0.737,0.712,0.841,102,0.635,21.45,22.23,13.16,13.54,103,20.07,24.82,25.42,32.71,31.94
101,2022,116,1400,0,101,0.38,0.597,0.737,0.711,0.841,102,0.636,21.47,22.23,13.15,13.54,103,19.99,24.79,25.41,32.7,31.9
101,2022,116,1500,0,101,0.379,0.597,0.737,0.711,0.841,102,0.636,21.46,22.21,13.15,13.54,103,20.05,24.77,25.39,32.69,31.89
101,2022,116,1600,0,101,0.379,0.597,0.737,0.711,0.841,102,0.636,21.46,22.2,13.15,13.54,103,20.01,24.75,25.37,32.68,31.89
101,2022,116,1700,0,101,0.379,0.596,0.737,0.711,0.841,102,0.636,21.45,22.2,13.15,13.54,103,20.04,24.73,25.34,32.69,31.9
101,2022,116,1800,0,101,0.38,0.596,0.737,0.711,0.841,102,0.636,21.45,22.19,13.15,13.54,103,20.05,24.72,25.34,32.69,31.9
101,2022,116,1900,0,101,0.381,0.596,0.737,0.711,0.841,102,0.636,21.45,22.18,13.14,13.54,103,20.04,24.72,25.32,32.68,31.89
101,2022,116,2000,0,101,0.382,0.596,0.737,0.711,0.841,102,0.636,21.44,22.17,13.14,13.54,103,20.04,24.7,25.31,32.67,31.89
101,2022,116,2100,0,101,0.382,0.597,0.737,0.711,0.841,102,0.635,21.42,22.16,13.14,13.54,103,20.04,24.7,25.3,32.66,31.88
101,2022,116,2200,0,101,0.383,0.597,0.737,0.711,0.841,102,0.635,21.42,22.16,13.14,13.54,103,20.05,24.7,25.29,32.65,31.87
101,2022,116,2300,0,101,0.383,0.597,0.737,0.711,0.841,102,0.635,21.41,22.15,13.13,13.54,103,20.05,24.69,25.29,32.64,31.87
101,2022,117,000,0,101,0.386,0.597,0.737,0.711,0.841,102,0.647,21.91,22.37,13.09,13.53,103,20.05,24.69,25.28,32.63,31.86
101,2022,117,100,0,101,0.386,0.598,0.737,0.711,0.841,102,0.646,21.88,22.35,13.09,13.53,103,20.07,24.68,25.27,32.63,31.85
101,2022,117,200,0,101,0.386,0.597,0.737,0.711,0.841,102,0.646,21.86,22.33,13.09,13.52,103,20.07,24.68,25.27,32.63,31.85
101,2022,117,300,0,101,0.386,0.597,0.736,0.711,0.841,102,0.645,21.84,22.31,13.09,13.52,103,20.07,24.68,25.27,32.62,31.84
101,2022,117,400,0,101,0.386,0.597,0.736,0.711,0.841,102,0.645,21.83,22.31,13.08,13.52,103,20.08,24.68,25.26,32.6,31.84
101,2022,117,500,0,101,0.386,0.597,0.736,0.711,0.841,102,0.645,21.81,22.3,13.08,13.52,103,20.08,24.68,25.26,32.6,31.83
101,2022,117,600,0,101,0.387,0.597,0.736,0.711,0.841,102,0.644,21.8,22.29,13.08,13.52,103,20.09,24.68,25.25,32.59,31.82
101,2022,117,700,0,101,0.388,0.597,0.736,0.711,0.841,102,0.644,21.77,22.27,13.08,13.51,103,20.11,24.67,25.26,32.58,31.8
101,2022,117,800,0,101,0.389,0.597,0.736,0.711,0.841,102,0.644,21.76,22.26,13.08,13.51,103,20.14,24.67,25.27,32.55,31.77
101,2022,117,900,0,101,0.389,0.597,0.736,0.711,0.84,102,0.643,21.74,22.25,13.07,13.5,103,20.16,24.68,25.27,32.54,31.77
101,2022,117,1000,0,101,0.388,0.597,0.736,0.711,0.84,102,0.643,21.71,22.23,13.07,13.49,103,20.16,24.68,25.28,32.54,31.79
101,2022,117,1100,0,101,0.387,0.597,0.736,0.711,0.84,102,0.643,21.71,22.23,13.07,13.49,103,20.09,24.67,25.27,32.53,31.77
101,2022,117,1200,0,101,0.385,0.597,0.736,0.711,0.84,102,0.644,21.71,22.23,13.07,13.5,103,19.99,24.64,25.27,32.51,31.75
101,2022,117,1300,0,101,0.384,0.596,0.736,0.711,0.84,102,0.644,21.68,22.21,13.06,13.49,103,19.97,24.63,25.26,32.51,31.76
101,2022,117,1400,0,101,0.382,0.596,0.736,0.711,0.84,102,0.644,21.68,22.2,13.06,13.49,103,19.93,24.61,25.25,32.51,31.75
101,2022,117,1500,0,101,0.381,0.596,0.736,0.711,0.84,102,0.645,21.69,22.19,13.06,13.49,103,19.87,24.58,25.24,32.49,31.74
101,2022,117,1600,0,101,0.38,0.596,0.736,0.711,0.84,102,0.645,21.69,22.19,13.06,13.49,103,19.84,24.55,25.22,32.49,31.73
101,2022,117,1700,0,101,0.38,0.596,0.736,0.711,0.84,102,0.645,21.69,22.18,13.05,13.48,103,19.81,24.53,25.21,32.49,31.72
101,2022,117,1800,0,101,0.381,0.596,0.736,0.711,0.84,102,0.645,21.7,22.17,13.06,13.49,103,19.83,24.53,25.19,32.49,31.74
101,2022,117,1900,0,101,0.382,0.595,0.736,0.711,0.84,102,0.645,21.7,22.17,13.05,13.48,103,19.83,24.53,25.17,32.49,31.74
101,2022,117,2000,0,101,0.383,0.595,0.736,0.711,0.84,102,0.645,21.69,22.17,13.05,13.48,103,19.84,24.52,25.16,32.48,31.74
101,2022,117,2100,0,101,0.384,0.596,0.736,0.711,0.84,102,0.644,21.68,22.16,13.05,13.48,103,19.86,24.51,25.15,32.48,31.74
101,2022,117,2200,0,101,0.384,0.596,0.736,0.711,0.84,102,0.644,21.68,22.16,13.05,13.48,103,19.85,24.51,25.15,32.47,31.73
101,2022,117,2300,0,101,0.385,0.595,0.736,0.71,0.84,102,0.644,21.66,22.15,13.05,13.48,103,19.84,24.48,25.13,32.47,31.73
101,2022,118,000,0,101,0.385,0.596,0.736,0.71,0.84,102,0.643,21.66,22.14,13.05,13.48,103,19.85,24.48,25.12,32.46,31.71
101,2022,118,100,0,101,0.385,0.595,0.736,0.71,0.84,102,0.643,21.64,22.13,13.05,13.48,103,19.84,24.48,25.11,32.45,31.71
101,2022,118,200,0,101,0.386,0.595,0.736,0.71,0.84,102,0.643,21.63,22.12,13.05,13.48,103,19.83,24.46,25.11,32.44,31.71
101,2022,118,300,0,101,0.386,0.595,0.735,0.71,0.84,102,0.642,21.62,22.12,13.05,13.48,103,19.83,24.46,25.09,32.44,31.71
101,2022,118,400,0,101,0.386,0.595,0.735,0.71,0.84,102,0.642,21.61,22.11,13.04,13.48,103,19.84,24.46,25.08,32.43,31.7
101,2022,118,500,0,101,0.386,0.595,0.735,0.71,0.84,102,0.642,21.59,22.09,13.04,13.48,103,19.85,24.45,25.07,32.43,31.7
101,2022,118,600,0,101,0.386,0.595,0.735,0.71,0.84,102,0.642,21.58,22.09,13.04,13.48,103,19.87,24.45,25.08,32.42,31.68
101,2022,118,700,0,101,0.386,0.595,0.735,0.71,0.84,102,0.641,21.57,22.09,13.04,13.47,103,19.89,24.45,25.08,32.4,31.67
101,2022,118,800,0,101,0.386,0.595,0.735,0.71,0.84,102,0.641,21.54,22.07,13.03,13.46,103,19.9,24.45,25.09,32.38,31.64
101,2022,118,900,0,101,0.385,0.595,0.735,0.71,0.839,102,0.641,21.54,22.07,13.03,13.46,103,19.89,24.44,25.08,32.36,31.64
101,2022,118,1000,0,101,0.385,0.595,0.735,0.71,0.839,102,0.641,21.52,22.06,13.03,13.46,103,19.88,24.44,25.08,32.36,31.63
101,2022,118,1100,0,101,0.384,0.595,0.735,0.71,0.839,102,0.641,21.52,22.05,13.03,13.46,103,19.86,24.44,25.09,32.36,31.62
101,2022,118,1200,0,101,0.385,0.595,0.735,0.71,0.839,102,0.641,21.51,22.04,13.03,13.46,103,19.84,24.42,25.08,32.35,31.62
101,2022,118,1300,0,101,0.383,0.595,0.735,0.71,0.839,102,0.641,21.5,22.03,13.02,13.45,103,19.81,24.42,25.08,32.34,31.61
101,2022,118,1400,0,101,0.382,0.595,0.735,0.71,0.839,102,0.641,21.49,22.02,13.02,13.45,103,19.77,24.4,25.07,32.33,31.61
101,2022,118,1500,0,101,0.381,0.594,0.735,0.71,0.839,102,0.641,21.49,22.02,13.02,13.45,103,19.75,24.39,25.06,32.34,31.61
101,2022,118,1600,0,101,0.381,0.594,0.735,0.71,0.839,102,0.641,21.49,22,13.02,13.45,103,19.74,24.37,25.04,32.33,31.61
101,2022,118,1700,0,101,0.381,0.594,0.735,0.71,0.839,102,0.641,21.49,22,13.02,13.45,103,19.73,24.37,25.04,32.33,31.61
101,2022,118,1800,0,101,0.382,0.594,0.735,0.71,0.839,102,0.641,21.49,22,13.02,13.45,103,19.73,24.36,25.02,32.32,31.61
101,2022,118,1900,0,101,0.383,0.594,0.735,0.71,0.839,102,0.641,21.48,22,13.02,13.45,103,19.74,24.35,25.02,32.32,31.61
101,2022,118,2000,0,101,0.383,0.594,0.735,0.71,0.839,102,0.641,21.48,21.99,13.01,13.45,103,19.74,24.35,25,32.32,31.6
101,2022,118,2100,0,101,0.384,0.594,0.735,0.71,0.839,102,0.641,21.47,21.98,13.01,13.44,103,19.75,24.34,24.99,32.31,31.6
101,2022,118,2200,0,101,0.384,0.594,0.735,0.71,0.839,102,0.641,21.47,21.98,13.01,13.44,103,19.75,24.33,24.99,32.31,31.59
101,2022,118,2300,0,101,0.385,0.594,0.735,0.71,0.839,102,0.64,21.45,21.97,13.01,13.44,103,19.77,24.32,24.98,32.31,31.59
101,2022,119,000,0,101,0.385,0.594,0.735,0.71,0.839,102,0.64,21.45,21.96,13.01,13.44,103,19.76,24.33,24.97,32.29,31.58
101,2022,119,100,0,101,0.385,0.594,0.735,0.71,0.839,102,0.64,21.44,21.95,13,13.44,103,19.76,24.32,24.97,32.29,31.58
101,2022,119,200,0,101,0.385,0.594,0.735,0.71,0.839,102,0.64,21.42,21.95,13,13.44,103,19.76,24.32,24.96,32.29,31.58
101,2022,119,300,0,101,0.385,0.594,0.735,0.71,0.839,102,0.639,21.41,21.94,13,13.44,103,19.75,24.32,24.95,32.27,31.58
101,2022,119,400,0,101,0.385,0.594,0.734,0.71,0.839,102,0.639,21.4,21.93,13,13.43,103,19.75,24.32,24.95,32.27,31.57
101,2022,119,500,0,101,0.385,0.594,0.734,0.71,0.839,102,0.639,21.39,21.92,13,13.44,103,19.74,24.32,24.95,32.26,31.57
101,2022,119,600,0,101,0.385,0.594,0.734,0.71,0.839,102,0.639,21.39,21.91,13,13.43,103,19.75,24.3,24.95,32.26,31.56
101,2022,119,700,0,101,0.386,0.594,0.734,0.71,0.839,102,0.638,21.38,21.91,12.99,13.43,103,19.75,24.29,24.94,32.24,31.53
101,2022,119,800,0,101,0.387,0.594,0.734,0.71,0.839,102,0.638,21.36,21.9,12.99,13.43,103,19.81,24.29,24.95,32.22,31.51
101,2022,119,900,0,101,0.386,0.594,0.734,0.709,0.839,102,0.638,21.33,21.89,12.99,13.42,103,19.85,24.29,24.93,32.22,31.52
101,2022,119,1000,0,101,0.385,0.594,0.734,0.71,0.839,102,0.638,21.34,21.89,12.99,13.42,103,19.79,24.28,24.93,32.21,31.51
101,2022,119,1100,0,101,0.385,0.594,0.734,0.709,0.838,102,0.638,21.3,21.86,12.99,13.41,103,19.8,24.29,24.92,32.21,31.52
101,2022,119,1200,0,101,0.384,0.594,0.734,0.709,0.838,102,0.638,21.29,21.85,12.99,13.41,103,19.84,24.27,24.92,32.2,31.51
101,2022,119,1300,0,101,0.383,0.593,0.734,0.709,0.838,102,0.639,21.29,21.84,12.99,13.41,103,19.86,24.26,24.92,32.19,31.51
101,2022,119,1400,0,101,0.382,0.593,0.734,0.709,0.838,102,0.64,21.28,21.83,12.99,13.41,103,19.87,24.25,24.92,32.18,31.51
101,2022,119,1500,0,101,0.381,0.593,0.734,0.709,0.838,102,0.641,21.29,21.84,12.98,13.41,103,19.82,24.24,24.91,32.17,31.49
101,2022,119,1600,0,101,0.38,0.593,0.734,0.709,0.838,102,0.641,21.31,21.84,12.98,13.41,103,19.79,24.21,24.9,32.17,31.48
101,2022,119,1700,0,101,0.38,0.593,0.734,0.709,0.838,102,0.642,21.32,21.83,12.98,13.41,103,19.78,24.21,24.88,32.17,31.49
101,2022,119,1800,0,101,0.381,0.593,0.734,0.709,0.838,102,0.642,21.33,21.84,12.98,13.41,103,19.77,24.19,24.87,32.17,31.48
101,2022,119,1900,0,101,0.384,0.593,0.734,0.709,0.838,102,0.641,21.34,21.84,12.98,13.41,103,19.75,24.19,24.86,32.17,31.48
101,2022,119,2000,0,101,0.399,0.595,0.734,0.709,0.838,102,0.642,21.37,21.84,12.98,13.42,103,19.81,24.19,24.85,32.17,31.48
101,2022,119,2100,0,101,0.404,0.598,0.734,0.709,0.839,102,0.642,21.4,21.83,12.98,13.43,103,20.45,24.22,24.84,32.16,31.47
101,2022,119,2200,0,101,0.403,0.598,0.735,0.709,0.838,102,0.643,21.4,21.83,12.98,13.43,103,21.05,24.38,24.89,32.16,31.46
101,2022,119,2300,0,101,0.403,0.598,0.735,0.709,0.839,102,0.644,21.4,21.84,12.98,13.43,103,21,24.53,24.99,32.15,31.45
101,2022,120,000,0,101,0.406,0.598,0.735,0.709,0.838,102,0.645,21.41,21.83,12.98,13.43,103,20.93,24.61,25.08,32.15,31.45
101,2022,120,100,0,101,0.413,0.6,0.735,0.709,0.839,102,0.646,21.42,21.83,12.98,13.43,103,21.12,24.68,25.14,32.16,31.44
101,2022,120,200,0,101,0.408,0.599,0.735,0.709,0.838,102,0.647,21.44,21.83,12.97,13.42,103,21.17,24.78,25.21,32.17,31.44
101,2022,120,300,0,101,0.407,0.599,0.736,0.709,0.838,102,0.647,21.45,21.82,12.98,13.42,103,21.02,24.84,25.29,32.18,31.42
101,2022,120,400,0,101,0.406,0.599,0.736,0.709,0.838,102,0.648,21.48,21.83,12.97,13.42,103,20.88,24.85,25.33,32.21,31.41
101,2022,120,500,0,101,0.406,0.599,0.736,0.709,0.838,102,0.649,21.5,21.83,12.97,13.42,103,20.83,24.86,25.36,32.22,31.41
101,2022,120,600,0,101,0.406,0.599,0.736,0.709,0.838,102,0.649,21.53,21.82,12.97,13.42,103,20.79,24.87,25.38,32.24,31.41
101,2022,120,700,0,101,0.41,0.6,0.736,0.709,0.838,102,0.649,21.57,21.83,12.98,13.42,103,20.86,24.88,25.39,32.25,31.41
101,2022,120,800,0,101,0.427,0.601,0.736,0.709,0.838,102,0.65,21.6,21.82,12.98,13.43,103,20.91,24.92,25.41,32.26,31.41
101,2022,120,900,0,101,0.419,0.603,0.737,0.709,0.838,102,0.651,21.62,21.82,12.97,13.41,103,21.33,25.02,25.48,32.26,31.39
101,2022,120,1000,0,101,0.417,0.602,0.737,0.709,0.838,102,0.652,21.65,21.83,12.97,13.41,103,21.16,25.09,25.56,32.28,31.38
101,2022,120,1100,0,101,0.41,0.602,0.737,0.71,0.838,102,0.653,21.71,21.85,12.97,13.42,103,20.97,25.09,25.59,32.31,31.38
101,2022,120,1200,0,101,0.407,0.601,0.737,0.709,0.838,102,0.653,21.73,21.84,12.97,13.41,103,20.78,25.09,25.62,32.31,31.38
101,2022,120,1300,0,101,0.405,0.601,0.737,0.709,0.838,102,0.653,21.76,21.85,12.97,13.41,103,20.62,25.06,25.61,32.33,31.38
101,2022,120,1400,0,101,0.403,0.6,0.737,0.71,0.838,102,0.653,21.8,21.86,12.97,13.42,103,20.47,25.02,25.6,32.36,31.38
101,2022,120,1500,0,101,0.4,0.6,0.737,0.71,0.838,102,0.653,21.83,21.87,12.97,13.42,103,20.37,24.99,25.57,32.39,31.39
101,2022,120,1600,0,101,0.408,0.601,0.737,0.71,0.838,102,0.653,21.86,21.88,12.98,13.43,103,20.31,24.96,25.55,32.4,31.41
101,2022,120,1700,0,101,0.404,0.6,0.737,0.71,0.838,102,0.653,21.88,21.89,12.98,13.43,103,20.35,24.94,25.52,32.42,31.41
101,2022,120,1800,0,101,0.403,0.6,0.737,0.71,0.838,102,0.653,21.9,21.9,12.98,13.43,103,20.36,24.94,25.5,32.44,31.41
101,2022,120,1900,0,101,0.403,0.599,0.737,0.71,0.838,102,0.653,21.91,21.9,12.99,13.44,103,20.34,24.93,25.5,32.44,31.42
101,2022,120,2000,0,101,0.403,0.599,0.737,0.71,0.838,102,0.653,21.92,21.91,12.98,13.44,103,20.33,24.93,25.48,32.45,31.43
101,2022,120,2100,0,101,0.403,0.599,0.737,0.71,0.838,102,0.652,21.92,21.92,12.99,13.44,103,20.32,24.91,25.46,32.46,31.43
101,2022,120,2200,0,101,0.403,0.599,0.737,0.71,0.838,102,0.652,21.91,21.92,12.99,13.45,103,20.3,24.89,25.45,32.45,31.45
101,2022,120,2300,0,101,0.402,0.599,0.737,0.71,0.838,102,0.651,21.9,21.91,12.99,13.45,103,20.25,24.87,25.43,32.46,31.45
101,2022,121,000,0,101,0.402,0.599,0.737,0.71,0.838,102,0.651,21.88,21.91,12.99,13.44,103,20.18,24.85,25.41,32.46,31.46
101,2022,121,100,0,101,0.401,0.599,0.736,0.71,0.838,102,0.65,21.86,21.9,12.99,13.44,103,20.11,24.83,25.38,32.46,31.47
101,2022,121,200,0,101,0.401,0.598,0.736,0.71,0.838,102,0.65,21.84,21.9,12.99,13.44,103,20.07,24.82,25.36,32.46,31.47
101,2022,121,300,0,101,0.4,0.598,0.736,0.71,0.838,102,0.649,21.82,21.89,12.99,13.45,103,20.03,24.8,25.35,32.44,31.47
101,2022,121,400,0,101,0.4,0.598,0.736,0.71,0.838,102,0.648,21.8,21.88,12.99,13.45,103,19.99,24.79,25.34,32.44,31.48
101,2022,121,500,0,101,0.399,0.597,0.736,0.71,0.838,102,0.648,21.77,21.87,12.99,13.45,103,19.96,24.77,25.31,32.43,31.48
101,2022,121,600,0,101,0.4,0.597,0.736,0.71,0.838,102,0.648,21.76,21.86,12.99,13.44,103,19.95,24.74,25.29,32.41,31.5
101,2022,121,700,0,101,0.399,0.598,0.736,0.71,0.838,102,0.648,21.78,21.88,13,13.46,103,19.95,24.72,25.28,32.42,31.48
101,2022,121,800,0,101,0.4,0.598,0.736,0.71,0.838,102,0.647,21.77,21.87,13,13.46,103,20.11,24.71,25.28,32.4,31.45
101,2022,121,900,0,101,0.402,0.598,0.736,0.71,0.837,102,0.647,21.76,21.88,13,13.46,103,20.39,24.73,25.28,32.38,31.45
101,2022,121,1000,0,101,0.402,0.598,0.736,0.71,0.837,102,0.647,21.74,21.87,13,13.46,103,20.45,24.75,25.29,32.37,31.45
101,2022,121,1100,0,101,0.402,0.598,0.736,0.71,0.837,102,0.647,21.7,21.85,13,13.46,103,20.42,24.77,25.29,32.38,31.47
101,2022,121,1200,0,101,0.401,0.597,0.736,0.71,0.837,102,0.647,21.68,21.84,13.01,13.46,103,20.31,24.76,25.31,32.37,31.48
101,2022,121,1300,0,101,0.399,0.597,0.736,0.71,0.837,102,0.648,21.67,21.84,13,13.46,103,20.27,24.74,25.31,32.36,31.48
101,2022,121,1400,0,101,0.398,0.596,0.736,0.71,0.837,102,0.649,21.67,21.84,13.01,13.45,103,20.2,24.72,25.31,32.36,31.48
101,2022,121,1500,0,101,0.395,0.596,0.736,0.71,0.837,102,0.65,21.67,21.83,13.01,13.45,103,20.13,24.69,25.29,32.36,31.48
101,2022,121,1600,0,101,0.393,0.596,0.736,0.71,0.837,102,0.65,21.7,21.84,13,13.46,103,20.06,24.66,25.27,32.36,31.47
101,2022,121,1700,0,101,0.392,0.596,0.736,0.71,0.837,102,0.651,21.72,21.85,13.01,13.46,103,20,24.63,25.25,32.35,31.46
101,2022,121,1800,0,101,0.392,0.596,0.736,0.71,0.837,102,0.651,21.73,21.84,13.01,13.46,103,19.99,24.61,25.23,32.36,31.46
101,2022,121,1900,0,101,0.392,0.596,0.736,0.71,0.837,102,0.651,21.74,21.85,13.01,13.47,103,20.01,24.59,25.2,32.36,31.48
101,2022,121,2000,0,101,0.393,0.596,0.736,0.71,0.837,102,0.651,21.75,21.85,13.01,13.47,103,20.01,24.59,25.19,32.36,31.48
101,2022,121,2100,0,101,0.393,0.596,0.736,0.71,0.838,102,0.65,21.75,21.85,13.01,13.47,103,20.02,24.58,25.17,32.36,31.48
101,2022,121,2200,0,101,0.394,0.596,0.735,0.71,0.838,102,0.649,21.74,21.87,13.01,13.47,103,19.93,24.55,25.16,32.36,31.48
101,2022,121,2300,0,101,0.394,0.596,0.735,0.71,0.838,102,0.649,21.73,21.87,13.01,13.47,103,19.93,24.55,25.15,32.35,31.48
101,2022,122,000,0,101,0.395,0.596,0.735,0.71,0.838,102,0.648,21.73,21.87,13.01,13.48,103,19.95,24.54,25.14,32.35,31.48
101,2022,122,100,0,101,0.396,0.596,0.735,0.71,0.838,102,0.648,21.71,21.87,13.01,13.47,103,19.96,24.53,25.13,32.34,31.48
101,2022,122,200,0,101,0.395,0.596,0.735,0.71,0.837,102,0.647,21.7,21.86,13.01,13.48,103,19.96,24.53,25.12,32.33,31.48
101,2022,122,300,0,101,0.402,0.597,0.735,0.71,0.838,102,0.647,21.7,21.87,13.01,13.48,103,20.01,24.53,25.12,32.33,31.48
101,2022,122,400,0,101,0.399,0.596,0.735,0.71,0.838,102,0.647,21.69,21.86,13.01,13.48,103,20.07,24.54,25.11,32.33,31.48
101,2022,122,500,0,101,0.399,0.596,0.735,0.71,0.838,102,0.646,21.68,21.85,13.01,13.48,103,20.07,24.54,25.11,32.32,31.48
101,2022,122,600,0,101,0.399,0.596,0.735,0.71,0.838,102,0.646,21.66,21.85,13.01,13.48,103,20.07,24.54,25.11,32.32,31.48
101,2022,122,700,0,101,0.399,0.596,0.735,0.71,0.838,102,0.646,21.65,21.85,13.01,13.48,103,20.07,24.55,25.13,32.3,31.45
101,2022,122,800,0,101,0.398,0.596,0.735,0.71,0.837,102,0.645,21.62,21.84,13.01,13.47,103,20.04,24.55,25.13,32.29,31.45
101,2022,122,900,0,101,0.398,0.596,0.735,0.71,0.837,102,0.645,21.62,21.84,13.01,13.47,103,20.01,24.55,25.11,32.29,31.44
101,2022,122,1000,0,101,0.397,0.596,0.735,0.71,0.837,102,0.644,21.59,21.84,13.01,13.47,103,19.95,24.54,25.11,32.28,31.44
101,2022,122,1100,0,101,0.397,0.595,0.735,0.71,0.837,102,0.644,21.57,21.83,13.01,13.46,103,19.89,24.53,25.1,32.27,31.43
101,2022,122,1200,0,101,0.395,0.595,0.735,0.71,0.837,102,0.644,21.55,21.82,13.01,13.46,103,19.81,24.51,25.1,32.27,31.42
101,2022,122,1300,0,101,0.395,0.595,0.735,0.71,0.837,102,0.644,21.56,21.82,13,13.47,103,19.74,24.48,25.08,32.27,31.43
101,2022,122,1400,0,101,0.395,0.595,0.735,0.71,0.837,102,0.644,21.55,21.82,13.01,13.46,103,19.71,24.46,25.07,32.26,31.43
101,2022,122,1500,0,101,0.394,0.594,0.735,0.71,0.837,102,0.644,21.55,21.81,13,13.46,103,19.68,24.44,25.06,32.25,31.42
101,2022,122,1600,0,101,0.393,0.594,0.735,0.71,0.837,102,0.644,21.54,21.81,13,13.46,103,19.68,24.42,25.03,32.27,31.44
101,2022,122,1700,0,101,0.393,0.594,0.735,0.71,0.837,102,0.644,21.54,21.81,13,13.46,103,19.67,24.42,25.02,32.27,31.45
101,2022,122,1800,0,101,0.393,0.594,0.734,0.71,0.837,102,0.644,21.53,21.8,13,13.46,103,19.67,24.39,24.99,32.26,31.45
101,2022,122,1900,0,101,0.393,0.594,0.734,0.709,0.837,102,0.643,21.52,21.8,13,13.46,103,19.67,24.38,24.99,32.25,31.44
101,2022,122,2000,0,101,0.394,0.594,0.734,0.709,0.837,102,0.643,21.52,21.79,13,13.46,103,19.67,24.36,24.97,32.25,31.44
101,2022,122,2100,0,101,0.394,0.594,0.734,0.709,0.837,102,0.643,21.5,21.79,13,13.46,103,19.68,24.35,24.95,32.25,31.43
101,2022,122,2200,0,101,0.394,0.594,0.734,0.709,0.837,102,0.642,21.5,21.79,13,13.46,103,19.7,24.34,24.95,32.24,31.43
101,2022,122,2300,0,101,0.394,0.594,0.734,0.709,0.837,102,0.642,21.49,21.79,13,13.46,103,19.71,24.34,24.93,32.23,31.42
101,2022,123,000,0,101,0.394,0.594,0.734,0.709,0.837,102,0.642,21.47,21.78,13,13.46,103,19.72,24.34,24.92,32.22,31.42
101,2022,123,100,0,101,0.394,0.594,0.734,0.709,0.837,102,0.641,21.46,21.77,13,13.46,103,19.71,24.34,24.92,32.22,31.42
101,2022,123,200,0,101,0.394,0.594,0.734,0.709,0.837,102,0.641,21.45,21.77,13,13.45,103,19.71,24.34,24.91,32.21,31.42
101,2022,123,300,0,101,0.394,0.594,0.734,0.709,0.837,102,0.641,21.43,21.76,13,13.45,103,19.71,24.33,24.9,32.21,31.42
101,2022,123,400,0,101,0.394,0.594,0.734,0.709,0.837,102,0.64,21.42,21.75,13,13.45,103,19.71,24.33,24.88,32.2,31.41
101,2022,123,500,0,101,0.394,0.594,0.734,0.709,0.837,102,0.64,21.41,21.75,13,13.45,103,19.71,24.32,24.88,32.19,31.41
101,2022,123,600,0,101,0.394,0.593,0.734,0.709,0.837,102,0.64,21.39,21.74,12.99,13.45,103,19.7,24.32,24.86,32.18,31.41
101,2022,123,700,0,101,0.397,0.594,0.734,0.709,0.837,102,0.64,21.37,21.73,12.99,13.44,103,19.71,24.3,24.87,32.16,31.38
101,2022,123,800,0,101,0.397,0.594,0.734,0.709,0.837,102,0.639,21.35,21.72,12.99,13.44,103,19.78,24.3,24.86,32.15,31.38
101,2022,123,900,0,101,0.397,0.593,0.734,0.709,0.837,102,0.639,21.33,21.7,12.99,13.43,103,19.8,24.31,24.86,32.14,31.38
101,2022,123,1000,0,101,0.396,0.593,0.734,0.709,0.837,102,0.639,21.31,21.69,12.99,13.43,103,19.78,24.29,24.86,32.14,31.39
101,2022,123,1100,0,101,0.395,0.593,0.733,0.709,0.837,102,0.639,21.29,21.68,12.99,13.43,103,19.75,24.29,24.86,32.13,31.39
101,2022,123,1200,0,101,0.393,0.593,0.733,0.709,0.837,102,0.64,21.28,21.68,12.99,13.43,103,19.7,24.27,24.86,32.13,31.39
101,2022,123,1300,0,101,0.392,0.592,0.733,0.709,0.837,102,0.64,21.28,21.67,12.99,13.43,103,19.67,24.25,24.85,32.12,31.38
101,2022,123,1400,0,101,0.39,0.592,0.733,0.709,0.837,102,0.641,21.28,21.66,12.99,13.42,103,19.67,24.23,24.84,32.11,31.38
101,2022,123,1500,0,101,0.389,0.592,0.733,0.709,0.836,102,0.642,21.28,21.65,12.99,13.42,103,19.64,24.22,24.84,32.1,31.38
101,2022,123,1600,0,101,0.389,0.591,0.733,0.709,0.836,102,0.643,21.29,21.65,12.99,13.42,103,19.62,24.2,24.83,32.1,31.37
101,2022,123,1700,0,101,0.388,0.591,0.733,0.709,0.836,102,0.644,21.31,21.66,12.98,13.42,103,19.59,24.18,24.81,32.09,31.35
101,2022,123,1800,0,101,0.388,0.591,0.733,0.709,0.836,102,0.644,21.33,21.67,12.98,13.42,103,19.6,24.16,24.79,32.09,31.35
101,2022,123,1900,0,101,0.389,0.591,0.733,0.709,0.837,102,0.644,21.34,21.67,12.98,13.43,103,19.62,24.15,24.77,32.1,31.36
101,2022,123,2000,0,101,0.389,0.591,0.733,0.709,0.837,102,0.643,21.36,21.67,12.98,13.42,103,19.62,24.15,24.77,32.09,31.36
101,2022,123,2100,0,101,0.39,0.591,0.733,0.709,0.837,102,0.643,21.36,21.67,12.98,13.43,103,19.52,24.13,24.75,32.08,31.36
101,2022,123,2200,0,101,0.391,0.591,0.733,0.709,0.837,102,0.642,21.35,21.67,12.98,13.43,103,19.53,24.11,24.74,32.08,31.36
101,2022,123,2300,0,101,0.392,0.591,0.733,0.709,0.837,102,0.642,21.34,21.67,12.98,13.42,103,19.55,24.11,24.72,32.08,31.35
101,2022,124,000,0,101,0.392,0.591,0.733,0.709,0.837,102,0.641,21.33,21.67,12.98,13.43,103,19.56,24.11,24.7,32.07,31.35
101,2022,124,100,0,101,0.392,0.591,0.733,0.709,0.837,102,0.641,21.32,21.67,12.97,13.42,103,19.59,24.1,24.69,32.07,31.35
101,2022,124,200,0,101,0.392,0.591,0.733,0.709,0.837,102,0.641,21.31,21.66,12.97,13.42,103,19.59,24.09,24.68,32.06,31.35
101,2022,124,300,0,101,0.393,0.591,0.733,0.709,0.837,102,0.64,21.29,21.66,12.97,13.42,103,19.61,24.09,24.67,32.05,31.35
101,2022,124,400,0,101,0.393,0.591,0.733,0.709,0.837,102,0.64,21.28,21.65,12.97,13.42,103,19.61,24.09,24.67,32.05,31.35
101,2022,124,500,0,101,0.393,0.591,0.733,0.709,0.837,102,0.64,21.28,21.65,12.97,13.42,103,19.61,24.09,24.67,32.05,31.33
101,2022,124,600,0,101,0.393,0.591,0.733,0.708,0.837,102,0.639,21.26,21.65,12.97,13.42,103,19.61,24.08,24.68,32.03,31.32
101,2022,124,700,0,101,0.394,0.591,0.733,0.708,0.836,102,0.639,21.22,21.64,12.97,13.41,103,19.62,24.07,24.68,32.02,31.3
101,2022,124,800,0,101,0.393,0.591,0.732,0.708,0.836,102,0.638,21.2,21.62,12.97,13.4,103,19.64,24.07,24.68,32.01,31.31
101,2022,124,900,0,101,0.392,0.591,0.732,0.708,0.836,102,0.638,21.18,21.61,12.97,13.4,103,19.62,24.06,24.68,32.01,31.32
101,2022,124,1000,0,101,0.391,0.591,0.732,0.708,0.836,102,0.638,21.17,21.6,12.97,13.4,103,19.59,24.05,24.67,32,31.32
101,2022,124,1100,0,101,0.391,0.591,0.732,0.708,0.836,102,0.639,21.15,21.6,12.97,13.4,103,19.54,24.03,24.67,31.99,31.32
101,2022,124,1200,0,101,0.39,0.591,0.732,0.708,0.836,102,0.639,21.15,21.59,12.97,13.4,103,19.59,24.01,24.67,31.99,31.32
101,2022,124,1300,0,101,0.388,0.59,0.732,0.708,0.836,102,0.64,21.14,21.59,12.97,13.4,103,19.87,23.98,24.66,31.98,31.32
101,2022,124,1400,0,101,0.386,0.59,0.732,0.708,0.836,102,0.642,21.15,21.58,12.97,13.39,103,19.93,23.98,24.66,31.97,31.31
101,2022,124,1500,0,101,0.385,0.59,0.732,0.708,0.836,102,0.643,21.15,21.57,12.97,13.39,103,19.91,23.98,24.65,31.97,31.31
101,2022,124,1600,0,101,0.383,0.59,0.732,0.708,0.836,102,0.644,21.18,21.59,12.96,13.39,103,19.87,23.96,24.64,31.96,31.29
101,2022,124,1700,0,101,0.382,0.589,0.732,0.708,0.836,102,0.644,21.2,21.59,12.96,13.4,103,19.86,23.95,24.61,31.96,31.29
101,2022,124,1800,0,101,0.383,0.59,0.732,0.708,0.836,102,0.644,21.22,21.59,12.96,13.4,103,19.86,23.95,24.6,31.96,31.29
101,2022,124,1900,0,101,0.383,0.59,0.732,0.708,0.836,102,0.644,21.23,21.59,12.96,13.4,103,19.87,23.94,24.59,31.95,31.29
101,2022,124,2000,0,101,0.383,0.59,0.732,0.708,0.836,102,0.643,21.23,21.6,12.96,13.4,103,19.87,23.94,24.58,31.95,31.29
101,2022,124,2100,0,101,0.384,0.59,0.732,0.708,0.836,102,0.642,21.23,21.6,12.96,13.39,103,19.87,23.92,24.57,31.95,31.29
101,2022,124,2200,0,101,0.385,0.59,0.732,0.708,0.836,102,0.642,21.23,21.6,12.96,13.4,103,19.84,23.91,24.56,31.94,31.28
101,2022,124,2300,0,101,0.386,0.59,0.732,0.708,0.836,102,0.641,21.23,21.6,12.95,13.4,103,19.83,23.9,24.55,31.94,31.28
101,2022,125,000,0,101,0.386,0.59,0.732,0.708,0.836,102,0.641,21.23,21.61,12.96,13.39,103,19.83,23.9,24.54,31.94,31.27
101,2022,125,100,0,101,0.387,0.59,0.732,0.708,0.836,102,0.64,21.22,21.61,12.96,13.39,103,19.84,23.88,24.53,31.92,31.26
101,2022,125,200,0,101,0.387,0.59,0.732,0.708,0.836,102,0.64,21.2,21.61,12.96,13.39,103,19.86,23.88,24.53,31.92,31.26
101,2022,125,300,0,101,0.387,0.59,0.732,0.708,0.836,102,0.639,21.19,21.61,12.95,13.39,103,19.86,23.88,24.51,31.92,31.25
101,2022,125,400,0,101,0.388,0.59,0.732,0.708,0.836,102,0.639,21.18,21.6,12.95,13.39,103,19.86,23.86,24.5,31.92,31.26
101,2022,125,500,0,101,0.388,0.589,0.732,0.708,0.836,102,0.639,21.17,21.6,12.95,13.39,103,19.87,23.86,24.5,31.92,31.25
101,2022,125,600,0,101,0.388,0.589,0.732,0.708,0.836,102,0.639,21.16,21.6,12.95,13.39,103,19.87,23.86,24.5,31.91,31.25
101,2022,125,700,0,101,0.39,0.589,0.732,0.708,0.836,102,0.638,21.15,21.6,12.95,13.39,103,19.87,23.86,24.5,31.91,31.24
101,2022,125,800,0,101,0.395,0.59,0.732,0.708,0.836,102,0.638,21.15,21.59,12.95,13.39,103,19.89,23.86,24.5,31.9,31.25
101,2022,125,900,0,101,0.394,0.59,0.732,0.708,0.836,102,0.638,21.14,21.59,12.95,13.39,103,19.92,23.85,24.49,31.89,31.23
101,2022,125,1000,0,101,0.394,0.59,0.732,0.708,0.836,102,0.638,21.12,21.58,12.95,13.38,103,19.93,23.85,24.49,31.88,31.21
101,2022,125,1100,0,101,0.392,0.59,0.732,0.708,0.836,102,0.638,21.11,21.57,12.95,13.38,103,19.92,23.85,24.49,31.87,31.2
101,2022,125,1200,0,101,0.391,0.59,0.732,0.708,0.836,102,0.638,21.1,21.57,12.95,13.38,103,19.9,23.84,24.48,31.88,31.22
101,2022,125,1300,0,101,0.394,0.59,0.732,0.708,0.836,102,0.637,21.08,21.56,12.95,13.38,103,19.88,23.84,24.49,31.86,31.19
101,2022,125,1400,0,101,0.396,0.591,0.732,0.708,0.836,102,0.638,21.09,21.56,12.95,13.39,103,19.95,23.84,24.48,31.86,31.2
101,2022,125,1500,0,101,0.395,0.591,0.732,0.708,0.836,102,0.638,21.09,21.56,12.95,13.39,103,20.04,23.86,24.49,31.85,31.2
101,2022,125,1600,0,101,0.394,0.59,0.732,0.708,0.836,102,0.638,21.07,21.55,12.94,13.38,103,20.05,23.86,24.5,31.85,31.19
101,2022,125,1700,0,101,0.392,0.59,0.732,0.708,0.836,102,0.638,21.07,21.55,12.94,13.38,103,20.02,23.86,24.5,31.85,31.19
101,2022,125,1800,0,101,0.393,0.59,0.731,0.708,0.836,102,0.638,21.07,21.54,12.95,13.38,103,19.98,23.87,24.5,31.85,31.19
101,2022,125,1900,0,101,0.393,0.59,0.731,0.708,0.836,102,0.638,21.07,21.54,12.94,13.38,103,19.96,23.87,24.5,31.85,31.19
101,2022,125,2000,0,101,0.395,0.59,0.731,0.708,0.836,102,0.638,21.07,21.53,12.94,13.38,103,19.97,23.87,24.5,31.85,31.19
101,2022,125,2100,0,101,0.404,0.591,0.731,0.708,0.836,102,0.638,21.08,21.53,12.95,13.39,103,20.06,23.87,24.5,31.85,31.19
101,2022,125,2200,0,101,0.414,0.593,0.732,0.708,0.836,102,0.638,21.09,21.53,12.95,13.4,103,20.37,23.89,24.5,31.84,31.18
101,2022,125,2300,0,101,0.416,0.595,0.732,0.708,0.836,102,0.639,21.09,21.52,12.94,13.4,103,21.09,23.95,24.52,31.84,31.18
101,2022,126,000,0,101,0.412,0.595,0.732,0.708,0.836,102,0.64,21.09,21.52,12.94,13.4,103,21.36,24.1,24.59,31.83,31.17
101,2022,126,100,0,101,0.411,0.594,0.732,0.708,0.836,102,0.641,21.09,21.51,12.94,13.39,103,21.28,24.21,24.67,31.84,31.16
101,2022,126,200,0,101,0.411,0.594,0.732,0.708,0.836,102,0.641,21.09,21.5,12.94,13.39,103,21.2,24.27,24.74,31.83,31.16
101,2022,126,300,0,101,0.411,0.594,0.732,0.708,0.836,102,0.642,21.1,21.5,12.94,13.39,103,21.15,24.32,24.79,31.85,31.16
101,2022,126,400,0,101,0.41,0.595,0.732,0.708,0.836,102,0.642,21.11,21.5,12.94,13.39,103,21.07,24.34,24.84,31.85,31.15
101,2022,126,500,0,101,0.409,0.594,0.732,0.708,0.836,102,0.642,21.12,21.5,12.94,13.39,103,20.99,24.36,24.87,31.85,31.15
101,2022,126,600,0,101,0.409,0.594,0.732,0.708,0.836,102,0.643,21.13,21.49,12.94,13.38,103,20.92,24.36,24.88,31.85,31.13
101,2022,126,700,0,101,0.409,0.594,0.732,0.708,0.836,102,0.643,21.13,21.49,12.94,13.38,103,20.85,24.38,24.9,31.85,31.12
101,2022,126,800,0,101,0.407,0.594,0.732,0.708,0.836,102,0.643,21.13,21.48,12.94,13.37,103,20.78,24.37,24.92,31.85,31.1
101,2022,126,900,0,101,0.405,0.593,0.732,0.708,0.836,102,0.643,21.16,21.49,12.94,13.38,103,20.68,24.36,24.92,31.86,31.12
101,2022,126,1000,0,101,0.402,0.594,0.732,0.708,0.836,102,0.643,21.17,21.48,12.93,13.37,103,20.53,24.34,24.92,31.88,31.12
101,2022,126,1100,0,101,0.426,0.598,0.732,0.708,0.836,102,0.644,21.2,21.48,12.94,13.38,103,20.83,24.36,24.92,31.88,31.11
101,2022,126,1200,0,101,0.436,0.602,0.733,0.708,0.836,102,0.647,21.26,21.48,12.95,13.39,103,22.02,24.45,24.93,31.9,31.13
101,2022,126,1300,0,101,0.435,0.603,0.734,0.708,0.836,102,0.65,21.25,21.47,12.94,13.38,103,22.44,24.74,25.06,31.89,31.11
101,2022,126,1400,0,101,0.426,0.602,0.734,0.708,0.836,102,0.652,21.31,21.48,12.94,13.38,103,22.15,24.93,25.24,31.9,31.1
101,2022,126,1500,0,101,0.429,0.602,0.735,0.708,0.836,102,0.653,21.41,21.49,12.95,13.39,103,21.96,24.97,25.34,31.92,31.11
101,2022,126,1600,0,101,0.44,0.604,0.735,0.708,0.836,102,0.656,21.51,21.49,12.95,13.4,103,22.44,25.05,25.41,31.96,31.11
101,2022,126,1700,0,101,0.436,0.605,0.736,0.708,0.836,102,0.658,21.62,21.51,12.94,13.4,103,22.58,25.23,25.52,31.99,31.1
101,2022,126,1800,0,101,0.431,0.605,0.736,0.708,0.836,102,0.66,21.73,21.53,12.95,13.4,103,22.31,25.33,25.63,32.02,31.1
101,2022,126,1900,0,101,0.449,0.608,0.737,0.708,0.836,102,0.661,21.84,21.54,12.96,13.41,103,22.51,25.36,25.69,32.05,31.1
101,2022,126,2000,0,101,0.439,0.608,0.737,0.708,0.836,102,0.663,21.98,21.57,12.96,13.41,103,22.54,25.5,25.79,32.09,31.1
101,2022,126,2100,0,101,0.446,0.609,0.738,0.708,0.836,102,0.665,22.11,21.6,12.97,13.42,103,22.62,25.57,25.86,32.14,31.1
101,2022,126,2200,0,101,0.452,0.611,0.738,0.709,0.836,102,0.666,22.25,21.64,12.97,13.42,103,22.68,25.67,25.94,32.19,31.1
101,2022,126,2300,0,101,0.445,0.611,0.739,0.709,0.836,102,0.668,22.4,21.68,12.97,13.43,103,22.66,25.77,26.02,32.25,31.1
101,2022,127,000,0,101,0.444,0.611,0.739,0.709,0.836,102,0.668,22.54,21.72,12.98,13.44,103,22.53,25.82,26.09,32.31,31.1
101,2022,127,100,0,101,0.449,0.611,0.74,0.709,0.836,102,0.669,22.68,21.78,12.99,13.46,103,22.56,25.85,26.13,32.37,31.1
101,2022,127,200,0,101,0.442,0.611,0.74,0.709,0.836,102,0.67,22.81,21.84,13,13.47,103,22.53,25.91,26.18,32.44,31.1
101,2022,127,300,0,101,0.44,0.611,0.74,0.709,0.836,102,0.67,22.92,21.9,13.02,13.49,103,22.41,25.92,26.21,32.5,31.11
101,2022,127,400,0,101,0.437,0.611,0.74,0.71,0.836,102,0.67,23.02,21.96,13.03,13.5,103,22.31,25.94,26.23,32.56,31.12
101,2022,127,500,0,101,0.442,0.611,0.74,0.71,0.836,102,0.67,23.08,22.02,13.04,13.53,103,22.28,25.93,26.23,32.63,31.13
101,2022,127,600,0,101,0.443,0.612,0.741,0.71,0.836,102,0.672,23.16,22.09,13.05,13.54,103,22.6,26,26.27,32.69,31.14
101,2022,127,700,0,101,0.44,0.612,0.741,0.71,0.836,102,0.672,23.25,22.16,13.06,13.56,103,22.49,26.04,26.31,32.74,31.15
101,2022,127,800,0,101,0.437,0.612,0.741,0.71,0.835,102,0.672,23.33,22.23,13.07,13.58,103,22.35,26.04,26.33,32.78,31.16
101,2022,127,900,0,101,0.435,0.611,0.741,0.711,0.835,102,0.671,23.33,22.29,13.08,13.59,103,22.19,26.03,26.35,32.82,31.17
101,2022,127,1000,0,101,0.432,0.61,0.741,0.711,0.835,102,0.671,23.39,22.36,13.09,13.61,103,22.07,26.01,26.34,32.88,31.19
101,2022,127,1100,0,101,0.429,0.61,0.741,0.711,0.835,102,0.67,23.37,22.41,13.1,13.63,103,21.94,25.98,26.33,32.92,31.21
101,2022,127,1200,0,101,0.426,0.609,0.741,0.711,0.835,102,0.67,23.38,22.47,13.12,13.65,103,21.81,25.94,26.31,32.96,31.24
101,2022,127,1300,0,101,0.424,0.609,0.741,0.711,0.835,102,0.669,23.35,22.51,13.13,13.66,103,21.67,25.89,26.29,32.98,31.26
101,2022,127,1400,0,101,0.421,0.608,0.741,0.711,0.835,102,0.668,23.34,22.54,13.13,13.68,103,21.55,25.85,26.26,33,31.29
101,2022,127,1500,0,101,0.419,0.607,0.741,0.712,0.835,102,0.668,23.31,22.56,13.14,13.7,103,21.42,25.8,26.23,33.02,31.3
101,2022,127,1600,0,101,0.418,0.607,0.74,0.712,0.835,102,0.667,23.29,22.59,13.15,13.71,103,21.33,25.76,26.2,33.02,31.32
101,2022,127,1700,0,101,0.417,0.606,0.74,0.712,0.835,102,0.667,23.28,22.61,13.16,13.73,103,21.27,25.71,26.17,33.05,31.37
101,2022,127,1800,0,101,0.421,0.607,0.74,0.712,0.836,102,0.666,23.25,22.61,13.17,13.74,103,21.27,25.69,26.13,33.06,31.4
101,2022,127,1900,0,101,0.421,0.607,0.74,0.712,0.836,102,0.666,23.23,22.62,13.18,13.75,103,21.35,25.66,26.1,33.06,31.43
101,2022,127,2000,0,101,0.422,0.606,0.74,0.712,0.836,102,0.665,23.2,22.63,13.18,13.76,103,21.36,25.65,26.08,33.05,31.45
101,2022,127,2100,0,101,0.422,0.606,0.74,0.712,0.836,102,0.665,23.18,22.63,13.19,13.77,103,21.37,25.64,26.06,33.05,31.48
101,2022,127,2200,0,101,0.421,0.606,0.74,0.712,0.836,102,0.664,23.14,22.63,13.19,13.77,103,21.38,25.63,26.05,33.05,31.5
101,2022,127,2300,0,101,0.421,0.606,0.74,0.712,0.836,102,0.664,23.12,22.63,13.19,13.77,103,21.38,25.62,26.03,33.04,31.51
101,2022,128,000,0,101,0.42,0.606,0.74,0.712,0.836,102,0.664,23.09,22.61,13.2,13.78,103,21.37,25.62,26.03,33.03,31.54
101,2022,128,100,0,101,0.419,0.606,0.739,0.712,0.836,102,0.663,23.05,22.6,13.2,13.78,103,21.35,25.62,26.01,33.02,31.56
101,2022,128,200,0,101,0.42,0.606,0.739,0.712,0.836,102,0.663,23.03,22.59,13.21,13.78,103,21.32,25.61,26,33.02,31.58
101,2022,128,300,0,101,0.42,0.605,0.739,0.712,0.837,102,0.662,22.99,22.58,13.2,13.78,103,21.27,25.59,25.99,33.01,31.6
101,2022,128,400,0,101,0.421,0.605,0.739,0.712,0.837,102,0.662,22.97,22.58,13.21,13.78,103,21.27,25.59,25.98,33,31.61
101,2022,128,500,0,101,0.421,0.606,0.739,0.712,0.837,102,0.661,22.94,22.57,13.21,13.79,103,21.27,25.59,25.97,33,31.62
101,2022,128,600,0,101,0.42,0.605,0.739,0.712,0.837,102,0.661,22.92,22.57,13.21,13.79,103,21.26,25.57,25.97,33,31.64
101,2022,128,700,0,101,0.42,0.606,0.739,0.712,0.837,102,0.661,22.91,22.56,13.21,13.79,103,21.28,25.57,25.96,32.99,31.65
101,2022,128,800,0,101,0.42,0.606,0.739,0.713,0.837,102,0.66,22.89,22.54,13.22,13.79,103,21.3,25.57,25.96,32.98,31.67
101,2022,128,900,0,101,0.422,0.607,0.739,0.713,0.837,102,0.66,22.87,22.54,13.22,13.79,103,21.36,25.58,25.96,32.98,31.67
101,2022,128,1000,0,101,0.425,0.607,0.739,0.713,0.837,102,0.66,22.84,22.54,13.21,13.78,103,21.47,25.59,25.98,32.96,31.65
101,2022,128,1100,0,101,0.436,0.608,0.739,0.713,0.837,102,0.661,22.83,22.52,13.21,13.78,103,21.78,25.64,25.99,32.94,31.66
101,2022,128,1200,0,101,0.43,0.608,0.74,0.713,0.837,102,0.662,22.88,22.52,13.21,13.79,103,21.77,25.7,26.03,32.97,31.67
101,2022,128,1300,0,101,0.428,0.607,0.74,0.713,0.837,102,0.662,22.89,22.52,13.21,13.78,103,21.62,25.73,26.07,32.96,31.67
101,2022,128,1400,0,101,0.425,0.607,0.74,0.713,0.837,102,0.662,22.88,22.52,13.21,13.77,103,21.47,25.71,26.08,32.96,31.67
101,2022,128,1500,0,101,0.423,0.606,0.74,0.713,0.837,102,0.662,22.91,22.53,13.21,13.78,103,21.34,25.69,26.06,32.98,31.69
101,2022,128,1600,0,101,0.422,0.606,0.74,0.713,0.837,102,0.661,22.89,22.53,13.21,13.77,103,21.22,25.66,26.06,32.98,31.69
101,2022,128,1700,0,101,0.421,0.606,0.739,0.713,0.837,102,0.661,22.9,22.54,13.21,13.78,103,21.15,25.64,26.03,32.99,31.71
101,2022,128,1800,0,101,0.42,0.606,0.739,0.713,0.837,102,0.661,22.89,22.54,13.22,13.78,103,21.1,25.61,26.01,33,31.72
101,2022,128,1900,0,101,0.42,0.606,0.739,0.713,0.838,102,0.661,22.88,22.54,13.22,13.79,103,21.07,25.6,26,33,31.74
101,2022,128,2000,0,101,0.418,0.605,0.739,0.713,0.838,102,0.66,22.84,22.52,13.22,13.78,103,20.99,25.57,25.98,33,31.74
101,2022,128,2100,0,101,0.417,0.604,0.739,0.713,0.838,102,0.659,22.8,22.52,13.22,13.78,103,20.9,25.55,25.96,33.01,31.74
101,2022,128,2200,0,101,0.416,0.604,0.739,0.713,0.838,102,0.658,22.77,22.51,13.22,13.77,103,20.83,25.53,25.94,33,31.74
101,2022,128,2300,0,101,0.415,0.604,0.739,0.713,0.838,102,0.657,22.74,22.5,13.21,13.77,103,20.77,25.51,25.92,32.98,31.74
101,2022,129,000,0,101,0.415,0.604,0.739,0.713,0.838,102,0.657,22.71,22.49,13.21,13.77,103,20.73,25.5,25.9,32.98,31.76
101,2022,129,100,0,101,0.416,0.603,0.739,0.713,0.838,102,0.656,22.68,22.48,13.21,13.76,103,20.67,25.48,25.88,32.97,31.77
101,2022,129,200,0,101,0.416,0.603,0.739,0.713,0.838,102,0.655,22.63,22.47,13.21,13.76,103,20.65,25.46,25.86,32.95,31.77
101,2022,129,300,0,101,0.415,0.603,0.738,0.713,0.838,102,0.654,22.59,22.46,13.21,13.76,103,20.61,25.45,25.85,32.94,31.77
101,2022,129,400,0,101,0.415,0.602,0.738,0.713,0.838,102,0.654,22.55,22.44,13.21,13.76,103,20.51,25.45,25.85,32.96,31.76
101,2022,129,500,0,101,0.413,0.602,0.738,0.713,0.839,102,0.654,22.52,22.42,13.2,13.75,103,20.37,25.45,25.87,33.02,31.75
101,2022,129,600,0,101,0.414,0.602,0.738,0.713,0.839,102,0.653,22.49,22.4,13.21,13.76,103,20.23,25.44,25.9,33.06,31.76
101,2022,129,700,0,101,0.412,0.602,0.738,0.713,0.839,102,0.653,22.49,22.4,13.22,13.77,103,20.22,25.42,25.9,33.06,31.78
101,2022,129,800,0,101,0.412,0.603,0.738,0.713,0.839,102,0.653,22.49,22.4,13.22,13.77,103,20.36,25.4,25.88,33.06,31.77
101,2022,129,900,0,101,0.416,0.603,0.738,0.713,0.838,102,0.653,22.47,22.4,13.21,13.77,103,20.65,25.41,25.88,33.03,31.77
101,2022,129,1000,0,101,0.417,0.603,0.738,0.713,0.838,102,0.653,22.47,22.4,13.21,13.77,103,20.75,25.43,25.88,33.02,31.77
101,2022,129,1100,0,101,0.416,0.603,0.738,0.713,0.838,102,0.653,22.44,22.38,13.21,13.77,103,20.69,25.45,25.9,33,31.77
101,2022,129,1200,0,101,0.414,0.603,0.738,0.713,0.838,102,0.653,22.39,22.36,13.21,13.75,103,20.6,25.43,25.9,32.99,31.77
101,2022,129,1300,0,101,0.412,0.603,0.738,0.713,0.838,102,0.653,22.4,22.36,13.21,13.76,103,20.52,25.42,25.9,32.98,31.76
101,2022,129,1400,0,101,0.411,0.603,0.738,0.713,0.838,102,0.653,22.36,22.34,13.21,13.74,103,20.47,25.4,25.88,32.97,31.75
101,2022,129,1500,0,101,0.41,0.602,0.738,0.713,0.838,102,0.654,22.38,22.34,13.2,13.75,103,20.42,25.37,25.86,32.98,31.77
101,2022,129,1600,0,101,0.409,0.602,0.738,0.712,0.838,102,0.654,22.35,22.33,13.2,13.74,103,20.35,25.34,25.86,32.95,31.75
101,2022,129,1700,0,101,0.408,0.602,0.738,0.712,0.838,102,0.654,22.37,22.33,13.2,13.74,103,20.33,25.32,25.82,32.97,31.77
101,2022,129,1800,0,101,0.408,0.602,0.738,0.712,0.838,102,0.654,22.36,22.31,13.2,13.74,103,20.31,25.31,25.81,32.96,31.78
101,2022,129,1900,0,101,0.408,0.602,0.738,0.712,0.839,102,0.654,22.35,22.32,13.2,13.74,103,20.25,25.3,25.79,32.96,31.78
101,2022,129,2000,0,101,0.409,0.602,0.738,0.712,0.839,102,0.653,22.34,22.31,13.2,13.74,103,20.23,25.27,25.77,32.95,31.78
101,2022,129,2100,0,101,0.409,0.602,0.738,0.712,0.839,102,0.653,22.33,22.3,13.19,13.74,103,20.24,25.26,25.75,32.94,31.78
101,2022,129,2200,0,101,0.409,0.601,0.738,0.712,0.839,102,0.653,22.3,22.3,13.19,13.74,103,20.22,25.25,25.74,32.94,31.78
101,2022,129,2300,0,101,0.409,0.601,0.738,0.712,0.839,102,0.652,22.28,22.28,13.19,13.73,103,20.19,25.23,25.71,32.92,31.77
101,2022,130,000,0,101,0.409,0.601,0.737,0.712,0.839,102,0.652,22.26,22.27,13.19,13.73,103,20.2,25.22,25.69,32.9,31.78
101,2022,130,100,0,101,0.409,0.601,0.737,0.712,0.839,102,0.651,22.23,22.26,13.18,13.72,103,20.19,25.22,25.68,32.9,31.78
101,2022,130,200,0,101,0.409,0.601,0.737,0.712,0.839,102,0.651,22.21,22.24,13.18,13.72,103,20.18,25.21,25.67,32.89,31.77
101,2022,130,300,0,101,0.408,0.601,0.737,0.712,0.839,102,0.65,22.19,22.23,13.17,13.71,103,20.15,25.2,25.65,32.87,31.77
101,2022,130,400,0,101,0.408,0.6,0.737,0.712,0.84,102,0.65,22.16,22.22,13.17,13.71,103,20.14,25.2,25.64,32.86,31.78
101,2022,130,500,0,101,0.408,0.6,0.737,0.712,0.84,102,0.649,22.14,22.21,13.17,13.71,103,20.09,25.2,25.62,32.84,31.77
101,2022,130,600,0,101,0.409,0.6,0.737,0.712,0.839,102,0.649,22.11,22.19,13.16,13.71,103,20.08,25.19,25.62,32.82,31.79
101,2022,130,700,0,101,0.41,0.601,0.737,0.712,0.839,102,0.649,22.09,22.19,13.17,13.71,103,20.3,25.16,25.62,32.82,31.76
101,2022,130,800,0,101,0.411,0.601,0.737,0.712,0.839,102,0.648,22.08,22.17,13.17,13.71,103,20.42,25.14,25.61,32.79,31.73
101,2022,130,900,0,101,0.412,0.601,0.737,0.712,0.839,102,0.648,22.06,22.17,13.16,13.71,103,20.55,25.14,25.6,32.78,31.74
101,2022,130,1000,0,101,0.411,0.601,0.737,0.712,0.839,102,0.648,22.06,22.17,13.16,13.71,103,20.59,25.14,25.59,32.78,31.74
101,2022,130,1100,0,101,0.41,0.601,0.737,0.712,0.839,102,0.648,22.04,22.16,13.16,13.71,103,20.56,25.16,25.6,32.78,31.74
