101,2022,2,1500,0,101,0.524,0.594,0.631,0.549,0.694,102,0.608,18.12,17.51,12.22,13.67,103,20.34,25.03,26.1,33.04,30.34
101,2022,2,1600,0,101,0.524,0.594,0.631,0.549,0.694,102,0.608,18.12,17.5,12.22,13.68,103,20.33,25.03,26.1,33.03,30.34
101,2022,2,1700,0,101,0.525,0.594,0.631,0.549,0.694,102,0.608,18.12,17.51,12.22,13.68,103,20.33,25.02,26.1,33.03,30.33
101,2022,2,1800,0,101,0.525,0.594,0.63,0.549,0.694,102,0.608,18.12,17.5,12.22,13.68,103,20.33,25.02,26.1,33.02,30.33
101,2022,2,1900,0,101,0.525,0.594,0.63,0.549,0.694,102,0.608,18.12,17.51,12.22,13.67,103,20.32,25.01,26.09,33.02,30.33
101,2022,2,2000,0,101,0.525,0.594,0.63,0.549,0.694,102,0.608,18.11,17.5,12.22,13.67,103,20.32,25.01,26.09,33.02,30.33
101,2022,2,2100,0,101,0.525,0.594,0.63,0.548,0.693,102,0.608,18.11,17.5,12.22,13.67,103,20.31,25,26.09,33.02,30.32
101,2022,2,2200,0,101,0.525,0.594,0.63,0.548,0.693,102,0.608,18.11,17.49,12.22,13.67,103,20.31,25,26.08,33.01,30.32
101,2022,2,2300,0,101,0.525,0.594,0.63,0.548,0.693,102,0.608,18.11,17.49,12.22,13.67,103,20.31,25,26.08,33.01,30.32
101,2022,3,000,0,101,0.525,0.594,0.63,0.548,0.693,102,0.608,18.11,17.49,12.22,13.67,103,20.31,25,26.08,33.01,30.32
101,2022,3,100,0,101,0.525,0.594,0.63,0.548,0.693,102,0.608,18.11,17.48,12.22,13.67,103,20.31,24.99,26.08,33.01,30.32
101,2022,3,200,0,101,0.525,0.594,0.63,0.548,0.693,102,0.608,18.11,17.48,12.22,13.67,103,20.31,24.99,26.08,33.01,30.32
101,2022,3,300,0,101,0.525,0.594,0.63,0.548,0.693,102,0.608,18.11,17.48,12.22,13.67,103,20.31,24.98,26.07,33,30.31
101,2022,3,400,0,101,0.525,0.594,0.63,0.548,0.693,102,0.608,18.11,17.48,12.21,13.67,103,20.31,24.99,26.07,33,30.31
101,2022,3,500,0,101,0.525,0.594,0.63,0.548,0.693,102,0.608,18.11,17.48,12.22,13.67,103,20.3,24.98,26.07,32.99,30.31
101,2022,3,600,0,101,0.525,0.594,0.63,0.548,0.693,102,0.608,18.1,17.48,12.22,13.68,103,20.3,24.98,26.06,32.99,30.31
101,2022,3,700,0,101,0.526,0.594,0.63,0.548,0.693,102,0.608,18.11,17.47,12.21,13.67,103,20.31,24.98,26.06,32.99,30.31
101,2022,3,800,0,101,0.526,0.594,0.63,0.548,0.693,102,0.608,18.11,17.47,12.21,13.68,103,20.31,24.98,26.05,32.98,30.31
101,2022,3,900,0,101,0.526,0.594,0.63,0.548,0.693,102,0.608,18.11,17.46,12.21,13.68,103,20.3,24.97,26.05,32.99,30.31
101,2022,3,1000,0,101,0.526,0.594,0.63,0.548,0.693,102,0.608,18.11,17.46,12.21,13.68,103,20.3,24.97,26.05,32.98,30.31
101,2022,3,1100,0,101,0.527,0.594,0.63,0.548,0.693,102,0.608,18.12,17.45,12.2,13.68,103,20.31,24.97,26.05,32.98,30.3
101,2022,3,1200,0,101,0.527,0.594,0.63,0.548,0.693,102,0.608,18.12,17.45,12.2,13.69,103,20.31,24.97,26.04,32.98,30.3
101,2022,3,1300,0,101,0.528,0.594,0.63,0.548,0.693,102,0.608,18.12,17.45,12.19,13.69,103,20.31,24.97,26.04,32.97,30.3
101,2022,3,1400,0,101,0.528,0.595,0.63,0.548,0.693,102,0.608,18.12,17.44,12.19,13.69,103,20.3,24.97,26.04,32.97,30.3
101,2022,3,1500,0,101,0.529,0.595,0.63,0.548,0.693,102,0.608,18.13,17.43,12.19,13.69,103,20.31,24.97,26.03,32.97,30.3
101,2022,3,1600,0,101,0.529,0.595,0.63,0.548,0.693,102,0.608,18.13,17.43,12.19,13.69,103,20.31,24.97,26.04,32.96,30.29
101,2022,3,1700,0,101,0.53,0.595,0.63,0.548,0.693,102,0.608,18.13,17.43,12.18,13.69,103,20.31,24.97,26.03,32.96,30.3
101,2022,3,1800,0,101,0.53,0.595,0.63,0.548,0.693,102,0.608,18.13,17.43,12.18,13.69,103,20.31,24.96,26.03,32.95,30.29
101,2022,3,1900,0,101,0.53,0.596,0.63,0.548,0.693,102,0.608,18.14,17.43,12.18,13.7,103,20.31,24.97,26.03,32.94,30.29
101,2022,3,2000,0,101,0.531,0.596,0.63,0.548,0.693,102,0.608,18.14,17.43,12.18,13.7,103,20.31,24.96,26.03,32.94,30.29
101,2022,3,2100,0,101,0.531,0.596,0.63,0.548,0.693,102,0.608,18.14,17.43,12.18,13.7,103,20.32,24.96,26.03,32.94,30.29
101,2022,3,2200,0,101,0.531,0.596,0.631,0.548,0.693,102,0.608,18.15,17.42,12.18,13.7,103,20.32,24.96,26.03,32.94,30.29
101,2022,3,2300,0,101,0.531,0.596,0.631,0.548,0.693,102,0.608,18.14,17.43,12.18,13.7,103,20.31,24.96,26.03,32.93,30.28
101,2022,4,000,0,101,0.531,0.596,0.631,0.548,0.692,102,0.608,18.15,17.43,12.18,13.7,103,20.32,24.97,26.03,32.93,30.28
101,2022,4,100,0,101,0.532,0.597,0.631,0.548,0.692,102,0.608,18.15,17.42,12.18,13.7,103,20.32,24.96,26.02,32.92,30.28
101,2022,4,200,0,101,0.532,0.597,0.631,0.548,0.692,102,0.608,18.16,17.42,12.18,13.7,103,20.32,24.97,26.02,32.91,30.28
101,2022,4,300,0,101,0.532,0.597,0.631,0.548,0.692,102,0.608,18.16,17.43,12.18,13.7,103,20.33,24.97,26.02,32.91,30.28
101,2022,4,400,0,101,0.532,0.597,0.631,0.548,0.692,102,0.608,18.16,17.43,12.18,13.7,103,20.33,24.98,26.02,32.9,30.28
101,2022,4,500,0,101,0.532,0.597,0.631,0.548,0.692,102,0.608,18.16,17.43,12.18,13.7,103,20.33,24.97,26.01,32.91,30.28
101,2022,4,600,0,101,0.532,0.597,0.631,0.548,0.692,102,0.608,18.17,17.43,12.18,13.7,103,20.33,24.98,26.02,32.9,30.28
101,2022,4,700,0,101,0.533,0.597,0.631,0.548,0.692,102,0.608,18.17,17.42,12.18,13.7,103,20.33,24.98,26.02,32.9,30.28
101,2022,4,800,0,101,0.533,0.597,0.632,0.548,0.692,102,0.608,18.17,17.43,12.18,13.7,103,20.33,24.98,26.01,32.9,30.27
101,2022,4,900,0,101,0.533,0.598,0.632,0.548,0.692,102,0.608,18.17,17.43,12.18,13.7,103,20.33,24.98,26.01,32.9,30.28
101,2022,4,1000,0,101,0.533,0.598,0.632,0.548,0.692,102,0.608,18.18,17.43,12.18,13.7,103,20.33,24.98,26.02,32.9,30.27
101,2022,4,1100,0,101,0.533,0.598,0.632,0.548,0.692,102,0.608,18.18,17.43,12.18,13.7,103,20.34,24.98,26.01,32.9,30.27
101,2022,4,1200,0,101,0.533,0.598,0.632,0.548,0.692,102,0.608,18.18,17.43,12.18,13.7,103,20.33,24.98,26.01,32.9,30.27
101,2022,4,1300,0,101,0.533,0.598,0.632,0.548,0.692,102,0.608,18.18,17.43,12.18,13.7,103,20.34,24.98,26.02,32.89,30.27
101,2022,4,1400,0,101,0.533,0.598,0.632,0.548,0.692,102,0.609,18.19,17.43,12.18,13.7,103,20.33,24.99,26.02,32.9,30.27
101,2022,4,1500,0,101,0.534,0.598,0.632,0.548,0.692,102,0.609,18.19,17.43,12.18,13.7,103,20.34,24.99,26.02,32.89,30.27
101,2022,4,1600,0,101,0.534,0.599,0.632,0.548,0.692,102,0.609,18.2,17.43,12.18,13.7,103,20.33,24.99,26.02,32.89,30.27
101,2022,4,1700,0,101,0.534,0.599,0.632,0.548,0.692,102,0.609,18.2,17.43,12.18,13.7,103,20.34,25,26.02,32.89,30.27
101,2022,4,1800,0,101,0.534,0.599,0.633,0.548,0.692,102,0.609,18.2,17.43,12.18,13.7,103,20.34,25,26.02,32.89,30.26
101,2022,4,1900,0,101,0.534,0.599,0.633,0.548,0.692,102,0.609,18.2,17.44,12.18,13.7,103,20.34,25,26.02,32.89,30.26
101,2022,4,2000,0,101,0.535,0.599,0.633,0.548,0.692,102,0.609,18.21,17.44,12.18,13.7,103,20.34,25,26.03,32.9,30.27
101,2022,4,2100,0,101,0.535,0.599,0.633,0.548,0.692,102,0.609,18.21,17.44,12.18,13.7,103,20.34,25,26.02,32.9,30.27
101,2022,4,2200,0,101,0.535,0.599,0.633,0.548,0.692,102,0.609,18.21,17.45,12.18,13.7,103,20.34,25,26.02,32.89,30.26
101,2022,4,2300,0,101,0.535,0.6,0.633,0.548,0.692,102,0.609,18.21,17.44,12.18,13.7,103,20.35,25.01,26.02,32.9,30.27
101,2022,5,000,0,101,0.535,0.6,0.633,0.548,0.692,102,0.609,18.22,17.45,12.18,13.7,103,20.34,25,26.03,32.9,30.27
101,2022,5,100,0,101,0.535,0.6,0.633,0.548,0.692,102,0.609,18.22,17.45,12.18,13.7,103,20.34,25.01,26.03,32.9,30.27
101,2022,5,200,0,101,0.76,0.831,0.658,0.548,0.692,102,0.609,18.22,17.45,12.19,13.71,103,20.35,25.01,26.03,32.89,30.26
101,2022,5,300,0,101,0.733,0.828,0.684,0.548,0.692,102,0.609,18.22,17.45,12.19,13.71,103,20.36,25.02,26.02,32.89,30.27
101,2022,5,400,0,101,0.709,0.818,0.688,0.55,0.693,102,0.609,18.22,17.45,12.19,13.71,103,20.35,25.01,26.03,32.89,30.27
101,2022,5,500,0,101,0.694,0.811,0.688,0.551,0.693,102,0.609,18.22,17.45,12.19,13.71,103,20.36,25.02,26.03,32.89,30.27
101,2022,5,600,0,101,0.681,0.805,0.687,0.553,0.693,102,0.609,18.23,17.46,12.19,13.71,103,20.36,25.03,26.02,32.89,30.27
101,2022,5,700,0,101,0.668,0.799,0.684,0.555,0.693,102,0.609,18.23,17.45,12.19,13.71,103,20.36,25.02,26.03,32.89,30.27
101,2022,5,800,0,101,0.658,0.793,0.682,0.557,0.693,102,0.609,18.23,17.45,12.19,13.71,103,20.36,25.03,26.03,32.89,30.26
101,2022,5,900,0,101,0.65,0.788,0.68,0.558,0.693,102,0.609,18.23,17.46,12.19,13.71,103,20.36,25.03,26.03,32.89,30.26
101,2022,5,1000,0,101,0.643,0.785,0.678,0.559,0.694,102,0.61,18.24,17.46,12.19,13.71,103,20.37,25.03,26.03,32.89,30.26
101,2022,5,1100,0,101,0.638,0.782,0.677,0.559,0.694,102,0.61,18.24,17.46,12.19,13.71,103,20.37,25.04,26.03,32.89,30.26
101,2022,5,1200,0,101,0.634,0.78,0.675,0.559,0.695,102,0.61,18.25,17.46,12.19,13.71,103,20.37,25.04,26.03,32.9,30.27
101,2022,5,1300,0,101,0.631,0.778,0.674,0.56,0.695,102,0.61,18.26,17.46,12.19,13.71,103,20.37,25.05,26.03,32.9,30.27
101,2022,5,1400,0,101,0.629,0.776,0.674,0.56,0.696,102,0.61,18.26,17.46,12.19,13.71,103,20.37,25.05,26.04,32.89,30.27
101,2022,5,1500,0,101,0.651,0.778,0.673,0.56,0.697,102,0.61,18.26,17.47,12.19,13.71,103,20.37,25.05,26.04,32.9,30.27
101,2022,5,1600,0,101,0.726,0.802,0.679,0.56,0.697,102,0.61,18.26,17.47,12.19,13.71,103,20.39,25.05,26.05,32.9,30.27
101,2022,5,1700,0,101,0.734,0.813,0.687,0.561,0.697,102,0.61,18.27,17.47,12.19,13.72,103,20.39,25.07,26.05,32.9,30.28
101,2022,5,1800,0,101,0.741,0.819,0.695,0.562,0.698,102,0.61,18.28,17.47,12.19,13.72,103,20.39,25.07,26.05,32.9,30.28
101,2022,5,1900,0,101,0.76,0.854,0.717,0.566,0.699,102,0.61,18.28,17.47,12.19,13.72,103,20.4,25.08,26.06,32.91,30.28
101,2022,5,2000,0,101,0.737,0.886,0.78,0.581,0.704,102,0.61,18.29,17.48,12.19,13.72,103,20.4,25.09,26.07,32.9,30.28
101,2022,5,2100,0,101,0.664,0.899,0.869,0.665,0.746,102,0.61,18.3,17.48,12.2,13.73,103,20.42,25.1,26.08,32.91,30.28
101,2022,5,2200,0,101,0.601,0.89,0.889,0.71,0.844,102,0.61,18.31,17.48,12.2,13.73,103,20.46,25.14,26.1,32.91,30.28
101,2022,5,2300,0,101,0.571,0.853,0.896,0.772,0.899,102,0.61,18.31,17.49,12.2,13.74,103,20.59,25.24,26.18,32.9,30.3
101,2022,6,000,0,101,0.569,0.82,0.896,0.761,0.889,102,0.611,18.32,17.49,12.21,13.75,103,20.81,25.45,26.32,32.91,30.3
101,2022,6,100,0,101,0.569,0.744,0.896,0.768,0.89,102,0.611,18.33,17.49,12.21,13.76,103,21.09,25.77,26.57,32.95,30.3
101,2022,6,200,0,101,0.568,0.69,0.891,0.756,0.887,102,0.611,18.35,17.5,12.22,13.79,103,21.37,26.17,26.9,33.02,30.28
101,2022,6,300,0,101,0.565,0.629,0.885,0.753,0.887,102,0.612,18.37,17.5,12.23,13.82,103,21.65,26.58,27.26,33.18,30.28
101,2022,6,400,0,101,0.566,0.633,0.885,0.752,0.887,102,0.613,18.4,17.52,12.25,13.87,103,21.89,26.96,27.61,33.4,30.28
101,2022,6,500,0,101,0.567,0.683,0.889,0.753,0.887,102,0.614,18.44,17.52,12.27,13.92,103,22.12,27.3,27.95,33.73,30.33
101,2022,6,600,0,101,0.564,0.622,0.885,0.752,0.888,102,0.616,18.49,17.54,12.3,13.99,103,22.32,27.65,28.32,34.18,30.43
101,2022,6,700,0,101,0.546,0.598,0.881,0.752,0.887,102,0.618,18.57,17.57,12.33,14.06,103,22.46,28,28.67,34.89,30.77
101,2022,6,800,0,101,0.552,0.598,0.88,0.75,0.887,102,0.621,18.69,17.6,12.36,14.12,103,22.49,28.16,28.86,35.73,31.54
101,2022,6,900,0,101,0.555,0.601,0.881,0.75,0.887,102,0.624,18.87,17.66,12.39,14.18,103,22.51,28.28,28.98,36.29,33.14
101,2022,6,1000,0,101,0.544,0.593,0.88,0.75,0.887,102,0.627,19.1,17.75,12.43,14.23,103,22.54,28.38,29.12,36.65,34.91
101,2022,6,1100,0,101,0.535,0.587,0.879,0.75,0.887,102,0.63,19.35,17.9,12.46,14.28,103,22.55,28.43,29.2,36.88,35.8
101,2022,6,1200,0,101,0.525,0.58,0.878,0.749,0.887,102,0.632,19.6,18.11,12.49,14.31,103,22.52,28.43,29.22,36.99,35.97
101,2022,6,1300,0,101,0.52,0.576,0.877,0.748,0.886,102,0.634,19.82,18.39,12.52,14.35,103,22.49,28.41,29.21,37.03,35.95
101,2022,6,1400,0,101,0.515,0.575,0.876,0.747,0.886,102,0.636,19.99,18.69,12.55,14.37,103,22.47,28.38,29.19,37.03,35.86
101,2022,6,1500,0,101,0.507,0.572,0.875,0.746,0.885,102,0.637,20.15,18.97,12.57,14.39,103,22.44,28.34,29.16,37.03,35.81
101,2022,6,1600,0,101,0.5,0.568,0.874,0.745,0.884,102,0.637,20.25,19.21,12.59,14.41,103,22.38,28.28,29.11,36.99,35.72
101,2022,6,1700,0,101,0.493,0.566,0.872,0.744,0.883,102,0.638,20.33,19.39,12.62,14.43,103,22.31,28.18,29.03,36.94,35.63
101,2022,6,1800,0,101,0.487,0.563,0.871,0.743,0.882,102,0.638,20.37,19.51,12.64,14.45,103,22.24,28.08,28.95,36.86,35.52
101,2022,6,1900,0,101,0.48,0.561,0.87,0.742,0.881,102,0.638,20.39,19.58,12.67,14.46,103,22.17,27.97,28.84,36.77,35.4
101,2022,6,2000,0,101,0.481,0.559,0.869,0.741,0.88,102,0.637,20.39,19.63,12.7,14.47,103,22.09,27.86,28.75,36.68,35.27
101,2022,6,2100,0,101,0.48,0.558,0.868,0.74,0.879,102,0.637,20.37,19.64,12.72,14.47,103,22.02,27.76,28.65,36.57,35.14
101,2022,6,2200,0,101,0.479,0.557,0.868,0.739,0.878,102,0.636,20.37,19.66,12.75,14.47,103,21.96,27.67,28.58,36.48,35.02
101,2022,6,2300,0,101,0.48,0.557,0.868,0.738,0.877,102,0.636,20.35,19.66,12.77,14.48,103,21.93,27.62,28.52,36.39,34.91
101,2022,7,000,0,101,0.479,0.556,0.867,0.738,0.877,102,0.636,20.34,19.67,12.79,14.47,103,21.89,27.58,28.47,36.32,34.8
101,2022,7,100,0,101,0.48,0.556,0.867,0.737,0.876,102,0.636,20.34,19.67,12.8,14.47,103,21.88,27.55,28.45,36.28,34.72
101,2022,7,200,0,101,0.482,0.556,0.867,0.737,0.876,102,0.635,20.33,19.66,12.82,14.47,103,21.87,27.54,28.43,36.24,34.65
101,2022,7,300,0,101,0.486,0.556,0.867,0.737,0.876,102,0.635,20.34,19.67,12.82,14.47,103,21.88,27.55,28.43,36.22,34.6
101,2022,7,400,0,101,0.486,0.556,0.867,0.737,0.876,102,0.636,20.36,19.68,12.83,14.47,103,21.93,27.61,28.47,36.22,34.58
101,2022,7,500,0,101,0.482,0.556,0.867,0.737,0.876,102,0.636,20.39,19.71,12.84,14.48,103,22,27.7,28.55,36.27,34.59
101,2022,7,600,0,101,0.482,0.555,0.867,0.737,0.876,102,0.637,20.46,19.76,12.85,14.48,103,22.03,27.72,28.57,36.31,34.62
101,2022,7,700,0,101,0.483,0.556,0.867,0.738,0.877,102,0.638,20.52,19.82,12.87,14.49,103,22.05,27.75,28.58,36.34,34.65
101,2022,7,800,0,101,0.482,0.556,0.867,0.738,0.877,102,0.639,20.58,19.87,12.88,14.5,103,22.09,27.79,28.63,36.37,34.68
101,2022,7,900,0,101,0.481,0.556,0.867,0.738,0.877,102,0.64,20.66,19.95,12.9,14.51,103,22.13,27.84,28.67,36.41,34.72
101,2022,7,1000,0,101,0.478,0.556,0.867,0.738,0.877,102,0.642,20.73,20.04,12.92,14.52,103,22.13,27.84,28.67,36.44,34.76
101,2022,7,1100,0,101,0.475,0.555,0.867,0.737,0.877,102,0.642,20.78,20.09,12.95,14.52,103,22.1,27.79,28.64,36.42,34.76
101,2022,7,1200,0,101,0.472,0.555,0.867,0.737,0.877,102,0.641,20.78,20.11,12.97,14.53,103,22.04,27.73,28.58,36.39,34.74
101,2022,7,1300,0,101,0.467,0.553,0.867,0.737,0.876,102,0.641,20.75,20.1,12.97,14.52,103,21.98,27.65,28.53,36.35,34.71
101,2022,7,1400,0,101,0.463,0.552,0.866,0.736,0.876,102,0.64,20.72,20.08,12.97,14.52,103,21.93,27.58,28.48,36.29,34.66
101,2022,7,1500,0,101,0.458,0.551,0.866,0.736,0.876,102,0.64,20.69,20.05,12.97,14.51,103,21.88,27.52,28.43,36.24,34.61
101,2022,7,1600,0,101,0.452,0.55,0.866,0.736,0.875,102,0.639,20.65,20.02,12.97,14.51,103,21.84,27.46,28.38,36.18,34.55
101,2022,7,1700,0,101,0.443,0.549,0.865,0.735,0.875,102,0.638,20.61,19.98,12.96,14.5,103,21.8,27.4,28.32,36.13,34.49
101,2022,7,1800,0,101,0.436,0.547,0.864,0.735,0.874,102,0.638,20.58,19.95,12.95,14.49,103,21.75,27.34,28.27,36.08,34.44
101,2022,7,1900,0,101,0.43,0.546,0.864,0.734,0.873,102,0.637,20.54,19.92,12.95,14.48,103,21.71,27.28,28.22,36.02,34.38
101,2022,7,2000,0,101,0.425,0.545,0.863,0.734,0.873,102,0.636,20.5,19.87,12.94,14.48,103,21.67,27.22,28.15,35.96,34.33
101,2022,7,2100,0,101,0.421,0.544,0.863,0.733,0.872,102,0.636,20.46,19.84,12.92,14.47,103,21.62,27.15,28.1,35.91,34.29
101,2022,7,2200,0,101,0.419,0.543,0.862,0.733,0.871,102,0.635,20.43,19.8,12.91,14.47,103,21.58,27.09,28.04,35.85,34.26
101,2022,7,2300,0,101,0.417,0.543,0.862,0.732,0.871,102,0.635,20.39,19.76,12.9,14.46,103,21.53,27.03,27.99,35.79,34.22
101,2022,8,000,0,101,0.416,0.543,0.862,0.731,0.87,102,0.634,20.35,19.72,12.89,14.45,103,21.5,26.98,27.93,35.72,34.17
101,2022,8,100,0,101,0.417,0.543,0.861,0.731,0.87,102,0.634,20.31,19.68,12.89,14.44,103,21.47,26.93,27.87,35.67,34.13
101,2022,8,200,0,101,0.418,0.542,0.861,0.73,0.869,102,0.633,20.27,19.64,12.88,14.43,103,21.45,26.87,27.82,35.61,34.09
101,2022,8,300,0,101,0.418,0.541,0.861,0.73,0.869,102,0.633,20.24,19.61,12.87,14.43,103,21.42,26.83,27.76,35.56,34.05
101,2022,8,400,0,101,0.417,0.541,0.86,0.73,0.868,102,0.632,20.21,19.57,12.86,14.41,103,21.39,26.78,27.71,35.51,34
101,2022,8,500,0,101,0.417,0.54,0.86,0.729,0.868,102,0.632,20.17,19.54,12.86,14.41,103,21.36,26.74,27.68,35.46,33.96
101,2022,8,600,0,101,0.416,0.539,0.86,0.729,0.867,102,0.632,20.12,19.51,12.87,14.4,103,21.33,26.7,27.64,35.41,33.92
101,2022,8,700,0,101,0.415,0.539,0.859,0.729,0.867,102,0.632,20.08,19.47,12.87,14.39,103,21.31,26.66,27.6,35.37,33.89
101,2022,8,800,0,101,0.415,0.538,0.859,0.728,0.867,102,0.631,20.05,19.44,12.87,14.39,103,21.28,26.63,27.56,35.33,33.84
101,2022,8,900,0,101,0.414,0.537,0.859,0.728,0.867,102,0.631,20.01,19.4,12.87,14.37,103,21.26,26.59,27.52,35.29,33.81
101,2022,8,1000,0,101,0.414,0.537,0.858,0.728,0.867,102,0.631,19.99,19.37,12.86,14.36,103,21.25,26.57,27.49,35.26,33.77
101,2022,8,1100,0,101,0.415,0.537,0.858,0.727,0.866,102,0.63,19.99,19.34,12.86,14.36,103,21.24,26.54,27.46,35.22,33.73
101,2022,8,1200,0,101,0.416,0.537,0.858,0.727,0.866,102,0.629,19.99,19.33,12.86,14.36,103,21.23,26.52,27.43,35.18,33.69
101,2022,8,1300,0,101,0.418,0.537,0.858,0.727,0.866,102,0.629,19.98,19.3,12.86,14.35,103,21.22,26.49,27.4,35.15,33.65
101,2022,8,1400,0,101,0.42,0.536,0.857,0.727,0.865,102,0.629,19.95,19.28,12.85,14.35,103,21.2,26.47,27.37,35.11,33.62
101,2022,8,1500,0,101,0.42,0.536,0.857,0.727,0.865,102,0.628,19.92,19.25,12.85,14.34,103,21.18,26.44,27.35,35.08,33.58
101,2022,8,1600,0,101,0.42,0.536,0.857,0.726,0.865,102,0.628,19.9,19.22,12.84,14.34,103,21.17,26.42,27.33,35.05,33.54
101,2022,8,1700,0,101,0.419,0.535,0.857,0.726,0.864,102,0.628,19.85,19.2,12.84,14.33,103,21.15,26.38,27.31,35.02,33.51
101,2022,8,1800,0,101,0.418,0.535,0.857,0.726,0.864,102,0.628,19.78,19.16,12.83,14.34,103,21.13,26.35,27.29,35.01,33.49
101,2022,8,1900,0,101,0.416,0.534,0.857,0.726,0.864,102,0.629,19.69,19.13,12.83,14.34,103,21.1,26.33,27.27,34.98,33.46
101,2022,8,2000,0,101,0.414,0.534,0.856,0.726,0.863,102,0.629,19.62,19.09,12.82,14.33,103,21.07,26.3,27.24,34.95,33.45
101,2022,8,2100,0,101,0.411,0.533,0.856,0.725,0.863,102,0.629,19.57,19.05,12.82,14.32,103,21.05,26.27,27.21,34.92,33.42
101,2022,8,2200,0,101,0.408,0.533,0.856,0.725,0.863,102,0.629,19.51,19.02,12.82,14.32,103,21.02,26.25,27.2,34.9,33.39
101,2022,8,2300,0,101,0.405,0.532,0.856,0.725,0.863,102,0.628,19.47,18.99,12.81,14.32,103,21,26.23,27.18,34.88,33.36
101,2022,9,000,0,101,0.402,0.532,0.855,0.725,0.863,102,0.628,19.43,18.97,12.81,14.3,103,20.98,26.21,27.18,34.86,33.32
101,2022,9,100,0,101,0.399,0.531,0.855,0.725,0.863,102,0.628,19.39,18.93,12.8,14.3,103,20.95,26.2,27.16,34.83,33.26
101,2022,9,200,0,101,0.398,0.531,0.855,0.725,0.862,102,0.628,19.33,18.9,12.79,14.29,103,20.92,26.18,27.13,34.79,33.2
101,2022,9,300,0,101,0.397,0.53,0.855,0.724,0.862,102,0.627,19.29,18.86,12.78,14.27,103,20.89,26.15,27.12,34.73,33.11
101,2022,9,400,0,101,0.396,0.53,0.854,0.724,0.862,102,0.627,19.25,18.83,12.76,14.25,103,20.84,26.13,27.09,34.67,33.03
101,2022,9,500,0,101,0.395,0.53,0.854,0.724,0.861,102,0.627,19.22,18.8,12.75,14.24,103,20.8,26.09,27.07,34.61,32.95
101,2022,9,600,0,101,0.394,0.53,0.854,0.724,0.861,102,0.626,19.18,18.78,12.74,14.21,103,20.77,26.07,27.05,34.56,32.9
101,2022,9,700,0,101,0.393,0.529,0.853,0.723,0.861,102,0.626,19.14,18.76,12.72,14.18,103,20.72,26.04,27.02,34.51,32.84
101,2022,9,800,0,101,0.392,0.528,0.853,0.723,0.861,102,0.626,19.1,18.73,12.71,14.15,103,20.68,26.02,27,34.46,32.8
101,2022,9,900,0,101,0.391,0.528,0.853,0.723,0.862,102,0.625,19.07,18.72,12.7,14.12,103,20.64,25.99,26.97,34.43,32.75
101,2022,9,1000,0,101,0.391,0.528,0.853,0.723,0.861,102,0.625,19.06,18.71,12.69,14.09,103,20.6,25.97,26.94,34.41,32.71
101,2022,9,1100,0,101,0.392,0.528,0.852,0.723,0.861,102,0.623,19.08,18.72,12.68,14.07,103,20.56,25.94,26.92,34.37,32.68
101,2022,9,1200,0,101,0.393,0.528,0.852,0.723,0.86,102,0.622,19.07,18.72,12.68,14.06,103,20.53,25.92,26.91,34.33,32.66
101,2022,9,1300,0,101,0.394,0.528,0.852,0.723,0.86,102,0.621,19.05,18.7,12.67,14.05,103,20.53,25.9,26.89,34.31,32.62
101,2022,9,1400,0,101,0.396,0.53,0.852,0.722,0.86,102,0.621,19.03,18.69,12.68,14.05,103,20.53,25.87,26.87,34.28,32.61
101,2022,9,1500,0,101,0.406,0.53,0.853,0.722,0.86,102,0.621,19,18.67,12.68,14.05,103,20.55,25.86,26.85,34.28,32.61
101,2022,9,1600,0,101,0.403,0.529,0.851,0.722,0.86,102,0.621,18.98,18.65,12.68,14.05,103,20.57,25.84,26.83,34.26,32.62
101,2022,9,1700,0,101,0.402,0.528,0.851,0.722,0.858,102,0.621,18.95,18.62,12.69,14.06,103,20.57,25.82,26.8,34.24,32.63
101,2022,9,1800,0,101,0.401,0.528,0.851,0.722,0.858,102,0.622,18.92,18.6,12.69,14.05,103,20.58,25.81,26.79,34.21,32.65
101,2022,9,1900,0,101,0.401,0.528,0.85,0.722,0.858,102,0.622,18.91,18.58,12.68,14.05,103,20.58,25.8,26.76,34.19,32.66
101,2022,9,2000,0,101,0.4,0.527,0.85,0.722,0.858,102,0.622,18.89,18.56,12.68,14.05,103,20.59,25.78,26.74,34.14,32.66
101,2022,9,2100,0,101,0.4,0.527,0.849,0.721,0.858,102,0.622,18.86,18.53,12.68,14.05,103,20.6,25.77,26.73,34.11,32.66
101,2022,9,2200,0,101,0.399,0.527,0.849,0.721,0.857,102,0.622,18.84,18.52,12.68,14.05,103,20.59,25.76,26.71,34.08,32.66
101,2022,9,2300,0,101,0.398,0.526,0.848,0.721,0.858,102,0.622,18.82,18.49,12.68,14.04,103,20.59,25.75,26.7,34.06,32.65
101,2022,10,000,0,101,0.396,0.526,0.848,0.721,0.857,102,0.622,18.78,18.48,12.67,14.04,103,20.58,25.73,26.68,34.04,32.63
101,2022,10,100,0,101,0.395,0.525,0.848,0.721,0.858,102,0.621,18.75,18.45,12.66,14.03,103,20.56,25.73,26.68,34.04,32.62
101,2022,10,200,0,101,0.392,0.524,0.847,0.72,0.858,102,0.621,18.71,18.43,12.65,14.02,103,20.54,25.72,26.67,34.04,32.6
101,2022,10,300,0,101,0.39,0.524,0.846,0.72,0.857,102,0.621,18.67,18.41,12.63,13.98,103,20.52,25.71,26.67,34.04,32.55
101,2022,10,400,0,101,0.388,0.524,0.845,0.719,0.857,102,0.62,18.65,18.4,12.62,13.96,103,20.48,25.69,26.65,34.02,32.48
101,2022,10,500,0,101,0.386,0.523,0.845,0.719,0.856,102,0.62,18.61,18.39,12.61,13.93,103,20.44,25.69,26.63,33.99,32.43
101,2022,10,600,0,101,0.386,0.523,0.844,0.718,0.856,102,0.619,18.59,18.38,12.6,13.9,103,20.4,25.66,26.63,33.95,32.39
101,2022,10,700,0,101,0.385,0.523,0.844,0.718,0.856,102,0.619,18.57,18.37,12.59,13.88,103,20.37,25.65,26.61,33.93,32.37
101,2022,10,800,0,101,0.385,0.523,0.844,0.718,0.856,102,0.618,18.55,18.37,12.58,13.86,103,20.33,25.63,26.6,33.9,32.34
101,2022,10,900,0,101,0.385,0.523,0.844,0.718,0.857,102,0.617,18.54,18.36,12.58,13.83,103,20.3,25.62,26.58,33.88,32.33
101,2022,10,1000,0,101,0.386,0.523,0.844,0.718,0.857,102,0.616,18.52,18.35,12.57,13.82,103,20.28,25.6,26.57,33.86,32.3
101,2022,10,1100,0,101,0.386,0.523,0.843,0.718,0.856,102,0.616,18.5,18.34,12.57,13.82,103,20.28,25.58,26.55,33.84,32.28
101,2022,10,1200,0,101,0.387,0.523,0.843,0.718,0.856,102,0.616,18.48,18.32,12.56,13.81,103,20.28,25.57,26.54,33.84,32.27
101,2022,10,1300,0,101,0.4,0.527,0.844,0.718,0.856,102,0.616,18.47,18.32,12.57,13.82,103,20.31,25.56,26.53,33.84,32.28
101,2022,10,1400,0,101,0.41,0.53,0.845,0.718,0.856,102,0.616,18.46,18.31,12.58,13.82,103,20.33,25.55,26.53,33.83,32.3
101,2022,10,1500,0,101,0.414,0.529,0.844,0.718,0.856,102,0.616,18.45,18.3,12.58,13.82,103,20.34,25.54,26.52,33.81,32.32
101,2022,10,1600,0,101,0.408,0.527,0.844,0.718,0.856,102,0.616,18.44,18.28,12.59,13.82,103,20.36,25.53,26.49,33.79,32.34
101,2022,10,1700,0,101,0.404,0.526,0.843,0.718,0.856,102,0.616,18.43,18.27,12.58,13.84,103,20.37,25.52,26.48,33.75,32.35
101,2022,10,1800,0,101,0.402,0.526,0.843,0.718,0.856,102,0.616,18.42,18.25,12.59,13.84,103,20.4,25.53,26.47,33.72,32.36
101,2022,10,1900,0,101,0.401,0.526,0.843,0.718,0.856,102,0.616,18.41,18.24,12.58,13.84,103,20.44,25.53,26.47,33.7,32.36
101,2022,10,2000,0,101,0.4,0.526,0.843,0.718,0.856,102,0.616,18.4,18.22,12.58,13.85,103,20.47,25.55,26.47,33.68,32.36
101,2022,10,2100,0,101,0.399,0.526,0.843,0.718,0.856,102,0.616,18.4,18.21,12.58,13.84,103,20.49,25.55,26.47,33.67,32.37
101,2022,10,2200,0,101,0.398,0.525,0.843,0.718,0.855,102,0.617,18.4,18.19,12.57,13.85,103,20.5,25.56,26.46,33.64,32.36
101,2022,10,2300,0,101,0.398,0.525,0.843,0.718,0.855,102,0.617,18.4,18.19,12.57,13.85,103,20.5,25.55,26.46,33.63,32.37
101,2022,11,000,0,101,0.398,0.525,0.843,0.718,0.855,102,0.617,18.4,18.17,12.57,13.86,103,20.51,25.55,26.45,33.61,32.36
101,2022,11,100,0,101,0.398,0.525,0.843,0.718,0.855,102,0.617,18.4,18.16,12.57,13.86,103,20.5,25.55,26.44,33.59,32.36
101,2022,11,200,0,101,0.398,0.525,0.842,0.718,0.855,102,0.617,18.4,18.15,12.56,13.86,103,20.5,25.54,26.43,33.57,32.36
101,2022,11,300,0,101,0.399,0.525,0.842,0.718,0.856,102,0.617,18.4,18.14,12.56,13.86,103,20.5,25.53,26.43,33.56,32.36
101,2022,11,400,0,101,0.402,0.525,0.842,0.718,0.856,102,0.617,18.4,18.13,12.56,13.86,103,20.5,25.52,26.41,33.54,32.35
101,2022,11,500,0,101,0.404,0.526,0.842,0.718,0.856,102,0.617,18.4,18.12,12.56,13.87,103,20.5,25.52,26.41,33.53,32.34
101,2022,11,600,0,101,0.412,0.528,0.842,0.718,0.856,102,0.617,18.4,18.11,12.56,13.87,103,20.5,25.51,26.4,33.52,32.34
101,2022,11,700,0,101,0.414,0.528,0.842,0.718,0.856,102,0.617,18.4,18.1,12.55,13.87,103,20.5,25.51,26.4,33.52,32.34
101,2022,11,800,0,101,0.411,0.527,0.842,0.718,0.856,102,0.617,18.4,18.09,12.55,13.88,103,20.51,25.51,26.39,33.51,32.33
101,2022,11,900,0,101,0.415,0.528,0.842,0.718,0.856,102,0.617,18.41,18.08,12.55,13.88,103,20.52,25.52,26.4,33.5,32.33
101,2022,11,1000,0,101,0.424,0.532,0.844,0.718,0.855,102,0.618,18.42,18.07,12.54,13.88,103,20.54,25.53,26.4,33.5,32.32
101,2022,11,1100,0,101,0.437,0.535,0.847,0.718,0.855,102,0.619,18.44,18.06,12.54,13.89,103,20.58,25.56,26.41,33.5,32.32
101,2022,11,1200,0,101,0.44,0.535,0.847,0.718,0.855,102,0.62,18.47,18.04,12.54,13.89,103,20.67,25.61,26.44,33.51,32.31
101,2022,11,1300,0,101,0.443,0.535,0.847,0.718,0.855,102,0.622,18.53,18.04,12.54,13.91,103,20.87,25.72,26.52,33.52,32.31
101,2022,11,1400,0,101,0.438,0.533,0.846,0.718,0.855,102,0.625,18.63,18.04,12.53,13.92,103,21.13,25.92,26.65,33.54,32.31
101,2022,11,1500,0,101,0.435,0.533,0.846,0.718,0.855,102,0.629,18.79,18.06,12.53,13.93,103,21.35,26.15,26.82,33.59,32.3
101,2022,11,1600,0,101,0.432,0.533,0.846,0.718,0.855,102,0.633,18.98,18.1,12.53,13.94,103,21.47,26.35,27,33.65,32.29
101,2022,11,1700,0,101,0.428,0.533,0.846,0.719,0.856,102,0.636,19.19,18.18,12.53,13.95,103,21.5,26.49,27.14,33.75,32.3
101,2022,11,1800,0,101,0.425,0.533,0.847,0.719,0.855,102,0.637,19.39,18.28,12.54,13.96,103,21.44,26.53,27.2,33.87,32.32
101,2022,11,1900,0,101,0.421,0.533,0.847,0.719,0.855,102,0.638,19.53,18.4,12.54,13.97,103,21.37,26.52,27.22,33.97,32.34
101,2022,11,2000,0,101,0.419,0.532,0.847,0.72,0.856,102,0.638,19.62,18.51,12.55,13.98,103,21.31,26.49,27.21,34.06,32.39
101,2022,11,2100,0,101,0.417,0.532,0.846,0.72,0.857,102,0.637,19.67,18.61,12.56,13.99,103,21.25,26.46,27.19,34.1,32.44
101,2022,11,2200,0,101,0.416,0.532,0.846,0.72,0.857,102,0.637,19.69,18.69,12.56,14,103,21.21,26.43,27.18,34.14,32.48
101,2022,11,2300,0,101,0.415,0.532,0.846,0.72,0.857,102,0.636,19.7,18.76,12.57,14.02,103,21.18,26.4,27.16,34.17,32.52
101,2022,12,000,0,101,0.414,0.531,0.846,0.72,0.858,102,0.636,19.7,18.8,12.58,14.03,103,21.14,26.37,27.14,34.19,32.57
101,2022,12,100,0,101,0.413,0.531,0.846,0.72,0.857,102,0.635,19.69,18.83,12.59,14.05,103,21.12,26.35,27.13,34.2,32.61
101,2022,12,200,0,101,0.413,0.531,0.846,0.72,0.858,102,0.635,19.69,18.86,12.6,14.05,103,21.09,26.33,27.1,34.21,32.64
101,2022,12,300,0,101,0.412,0.531,0.846,0.72,0.856,102,0.634,19.68,18.88,12.61,14.06,103,21.07,26.31,27.1,34.22,32.68
101,2022,12,400,0,101,0.411,0.531,0.846,0.72,0.857,102,0.634,19.66,18.88,12.62,14.07,103,21.05,26.29,27.08,34.21,32.7
101,2022,12,500,0,101,0.41,0.531,0.846,0.72,0.857,102,0.633,19.65,18.89,12.62,14.08,103,21.03,26.27,27.06,34.22,32.73
101,2022,12,600,0,101,0.41,0.53,0.846,0.72,0.857,102,0.633,19.64,18.89,12.63,14.09,103,21.02,26.25,27.05,34.22,32.75
101,2022,12,700,0,101,0.408,0.53,0.846,0.72,0.857,102,0.632,19.62,18.9,12.64,14.1,103,21,26.23,27.03,34.21,32.77
101,2022,12,800,0,101,0.407,0.53,0.846,0.72,0.857,102,0.632,19.61,18.91,12.64,14.11,103,20.99,26.21,27.02,34.21,32.79
101,2022,12,900,0,101,0.407,0.53,0.846,0.72,0.858,102,0.632,19.61,18.9,12.64,14.11,103,20.97,26.18,26.98,34.19,32.84
101,2022,12,1000,0,101,0.407,0.53,0.845,0.72,0.858,102,0.631,19.61,18.89,12.65,14.12,103,20.96,26.16,26.96,34.18,32.86
101,2022,12,1100,0,101,0.409,0.53,0.845,0.72,0.858,102,0.631,19.59,18.89,12.65,14.12,103,20.95,26.15,26.94,34.16,32.87
101,2022,12,1200,0,101,0.411,0.53,0.845,0.72,0.857,102,0.63,19.58,18.88,12.66,14.12,103,20.94,26.14,26.93,34.16,32.88
101,2022,12,1300,0,101,0.412,0.53,0.845,0.72,0.858,102,0.63,19.57,18.87,12.66,14.13,103,20.94,26.13,26.92,34.15,32.88
101,2022,12,1400,0,101,0.414,0.531,0.845,0.72,0.859,102,0.63,19.55,18.86,12.66,14.13,103,20.93,26.12,26.92,34.15,32.88
101,2022,12,1500,0,101,0.415,0.531,0.846,0.72,0.861,102,0.63,19.54,18.85,12.67,14.13,103,20.94,26.11,26.9,34.14,32.89
101,2022,12,1600,0,101,0.415,0.531,0.846,0.721,0.859,102,0.63,19.54,18.84,12.67,14.13,103,20.99,26.14,26.91,34.14,32.89
101,2022,12,1700,0,101,0.414,0.531,0.846,0.721,0.859,102,0.631,19.56,18.84,12.67,14.13,103,21.07,26.18,26.94,34.14,32.89
101,2022,12,1800,0,101,0.413,0.531,0.846,0.721,0.858,102,0.631,19.6,18.85,12.67,14.13,103,21.08,26.21,26.96,34.14,32.88
101,2022,12,1900,0,101,0.411,0.531,0.846,0.721,0.858,102,0.631,19.62,18.86,12.67,14.13,103,21.07,26.21,26.97,34.15,32.88
101,2022,12,2000,0,101,0.409,0.53,0.846,0.721,0.858,102,0.631,19.63,18.88,12.68,14.14,103,21.05,26.21,26.97,34.16,32.88
101,2022,12,2100,0,101,0.407,0.53,0.846,0.721,0.858,102,0.631,19.62,18.89,12.67,14.14,103,21.03,26.2,26.97,34.16,32.89
101,2022,12,2200,0,101,0.405,0.53,0.846,0.721,0.858,102,0.632,19.61,18.89,12.67,14.14,103,21.01,26.18,26.96,34.16,32.89
101,2022,12,2300,0,101,0.403,0.529,0.846,0.721,0.858,102,0.631,19.59,18.89,12.67,14.15,103,20.99,26.16,26.94,34.16,32.9
101,2022,13,000,0,101,0.402,0.529,0.845,0.721,0.858,102,0.631,19.59,18.89,12.67,14.15,103,20.97,26.14,26.92,34.14,32.9
101,2022,13,100,0,101,0.401,0.529,0.845,0.721,0.859,102,0.63,19.61,18.89,12.67,14.15,103,20.96,26.12,26.9,34.13,32.91
101,2022,13,200,0,101,0.4,0.529,0.845,0.721,0.859,102,0.63,19.61,18.88,12.67,14.15,103,20.94,26.11,26.89,34.11,32.91
101,2022,13,300,0,101,0.399,0.529,0.845,0.721,0.859,102,0.629,19.6,18.88,12.66,14.16,103,20.94,26.09,26.87,34.1,32.91
101,2022,13,400,0,101,0.4,0.529,0.845,0.721,0.858,102,0.629,19.59,18.86,12.66,14.16,103,20.93,26.07,26.85,34.09,32.91
101,2022,13,500,0,101,0.4,0.529,0.845,0.72,0.859,102,0.629,19.58,18.85,12.66,14.16,103,20.92,26.06,26.84,34.08,32.91
101,2022,13,600,0,101,0.4,0.529,0.845,0.72,0.858,102,0.629,19.57,18.84,12.66,14.16,103,20.91,26.05,26.84,34.08,32.91
101,2022,13,700,0,101,0.401,0.529,0.845,0.72,0.858,102,0.628,19.55,18.83,12.66,14.16,103,20.91,26.04,26.82,34.08,32.91
101,2022,13,800,0,101,0.404,0.529,0.845,0.72,0.859,102,0.628,19.54,18.82,12.66,14.16,103,20.96,26.04,26.82,34.07,32.91
101,2022,13,900,0,101,0.408,0.53,0.845,0.72,0.859,102,0.628,19.53,18.8,12.66,14.16,103,21.07,26.08,26.84,34.07,32.91
101,2022,13,1000,0,101,0.412,0.53,0.845,0.72,0.859,102,0.63,19.57,18.8,12.67,14.16,103,21.35,26.18,26.88,34.08,32.9
101,2022,13,1100,0,101,0.413,0.531,0.845,0.72,0.859,102,0.633,19.66,18.82,12.67,14.16,103,21.53,26.35,27,34.1,32.89
101,2022,13,1200,0,101,0.412,0.531,0.845,0.72,0.858,102,0.635,19.78,18.86,12.67,14.16,103,21.63,26.49,27.1,34.16,32.88
101,2022,13,1300,0,101,0.411,0.531,0.845,0.72,0.858,102,0.638,19.91,18.93,12.68,14.17,103,21.73,26.62,27.21,34.23,32.89
101,2022,13,1400,0,101,0.41,0.531,0.846,0.721,0.859,102,0.64,20.06,19,12.68,14.17,103,21.89,26.77,27.34,34.32,32.9
101,2022,13,1500,0,101,0.41,0.531,0.846,0.721,0.859,102,0.642,20.21,19.11,12.69,14.18,103,21.91,26.89,27.46,34.42,32.92
101,2022,13,1600,0,101,0.409,0.531,0.846,0.721,0.859,102,0.643,20.34,19.23,12.7,14.19,103,21.86,26.92,27.51,34.54,32.96
101,2022,13,1700,0,101,0.408,0.531,0.846,0.721,0.858,102,0.643,20.43,19.35,12.71,14.21,103,21.82,26.93,27.53,34.64,33.02
101,2022,13,1800,0,101,0.408,0.531,0.846,0.721,0.858,102,0.643,20.5,19.46,12.73,14.22,103,21.77,26.92,27.54,34.72,33.09
101,2022,13,1900,0,101,0.408,0.531,0.846,0.721,0.858,102,0.643,20.52,19.54,12.74,14.23,103,21.7,26.9,27.53,34.77,33.17
101,2022,13,2000,0,101,0.407,0.531,0.846,0.721,0.858,102,0.642,20.52,19.59,12.75,14.25,103,21.63,26.85,27.51,34.8,33.27
101,2022,13,2100,0,101,0.406,0.53,0.846,0.721,0.858,102,0.642,20.5,19.62,12.77,14.26,103,21.56,26.82,27.48,34.81,33.35
101,2022,13,2200,0,101,0.405,0.53,0.846,0.721,0.859,102,0.641,20.46,19.62,12.79,14.27,103,21.5,26.78,27.46,34.82,33.42
101,2022,13,2300,0,101,0.403,0.53,0.846,0.721,0.858,102,0.641,20.43,19.62,12.8,14.28,103,21.45,26.72,27.43,34.82,33.48
101,2022,14,000,0,101,0.401,0.529,0.846,0.721,0.859,102,0.64,20.39,19.61,12.81,14.29,103,21.39,26.67,27.39,34.8,33.51
101,2022,14,100,0,101,0.4,0.529,0.845,0.721,0.858,102,0.639,20.36,19.6,12.82,14.3,103,21.33,26.62,27.35,34.78,33.53
101,2022,14,200,0,101,0.399,0.529,0.845,0.721,0.858,102,0.639,20.33,19.58,12.83,14.3,103,21.29,26.57,27.31,34.74,33.54
101,2022,14,300,0,101,0.397,0.529,0.845,0.721,0.858,102,0.638,20.28,19.56,12.83,14.3,103,21.26,26.53,27.29,34.72,33.54
101,2022,14,400,0,101,0.395,0.528,0.845,0.721,0.858,102,0.638,20.21,19.53,12.84,14.3,103,21.2,26.49,27.25,34.69,33.54
101,2022,14,500,0,101,0.393,0.528,0.845,0.721,0.858,102,0.638,20.14,19.5,12.84,14.3,103,21.14,26.44,27.21,34.66,33.54
101,2022,14,600,0,101,0.39,0.527,0.845,0.72,0.858,102,0.637,20.07,19.47,12.85,14.29,103,21.09,26.4,27.18,34.64,33.54
101,2022,14,700,0,101,0.388,0.527,0.845,0.72,0.858,102,0.637,20,19.44,12.85,14.27,103,21.02,26.35,27.16,34.61,33.52
101,2022,14,800,0,101,0.386,0.527,0.845,0.72,0.858,102,0.636,19.95,19.42,12.85,14.23,103,20.96,26.33,27.13,34.6,33.5
101,2022,14,900,0,101,0.386,0.527,0.844,0.72,0.859,102,0.635,19.91,19.41,12.85,14.19,103,20.88,26.29,27.1,34.59,33.46
101,2022,14,1000,0,101,0.386,0.527,0.844,0.72,0.859,102,0.633,19.93,19.41,12.84,14.17,103,20.84,26.26,27.06,34.54,33.41
101,2022,14,1100,0,101,0.386,0.527,0.844,0.72,0.859,102,0.632,19.91,19.4,12.83,14.17,103,20.83,26.22,27.03,34.5,33.37
101,2022,14,1200,0,101,0.39,0.528,0.844,0.72,0.859,102,0.632,19.85,19.33,12.85,14.18,103,20.85,26.19,27,34.49,33.38
101,2022,14,1300,0,101,0.395,0.528,0.844,0.72,0.859,102,0.631,19.81,19.29,12.86,14.18,103,20.89,26.16,26.97,34.46,33.37
101,2022,14,1400,0,101,0.399,0.528,0.844,0.72,0.859,102,0.631,19.78,19.26,12.85,14.18,103,20.98,26.18,26.96,34.44,33.35
101,2022,14,1500,0,101,0.4,0.529,0.844,0.72,0.859,102,0.632,19.78,19.23,12.85,14.18,103,21.11,26.21,26.98,34.42,33.32
101,2022,14,1600,0,101,0.4,0.529,0.844,0.72,0.858,102,0.632,19.82,19.22,12.84,14.17,103,21.17,26.28,27.02,34.41,33.3
101,2022,14,1700,0,101,0.4,0.529,0.844,0.72,0.858,102,0.633,19.85,19.22,12.84,14.17,103,21.15,26.3,27.05,34.41,33.28
101,2022,14,1800,0,101,0.399,0.528,0.844,0.72,0.857,102,0.633,19.86,19.22,12.84,14.17,103,21.12,26.3,27.05,34.42,33.27
101,2022,14,1900,0,101,0.398,0.528,0.844,0.72,0.858,102,0.633,19.86,19.23,12.84,14.16,103,21.07,26.28,27.05,34.42,33.25
101,2022,14,2000,0,101,0.397,0.528,0.844,0.72,0.857,102,0.633,19.86,19.23,12.83,14.16,103,21.04,26.26,27.04,34.42,33.26
101,2022,14,2100,0,101,0.396,0.528,0.844,0.72,0.858,102,0.633,19.85,19.22,12.83,14.16,103,21.01,26.24,27.02,34.41,33.25
101,2022,14,2200,0,101,0.394,0.528,0.844,0.72,0.857,102,0.632,19.82,19.21,12.83,14.16,103,20.96,26.21,27.01,34.41,33.25
101,2022,14,2300,0,101,0.392,0.527,0.844,0.72,0.857,102,0.632,19.78,19.19,12.83,14.16,103,20.93,26.18,27,34.4,33.24
101,2022,15,000,0,101,0.39,0.527,0.844,0.72,0.857,102,0.632,19.75,19.18,12.82,14.16,103,20.88,26.16,26.97,34.38,33.25
101,2022,15,100,0,101,0.388,0.527,0.844,0.72,0.857,102,0.632,19.67,19.14,12.82,14.15,103,20.83,26.14,26.97,34.37,33.24
101,2022,15,200,0,101,0.387,0.526,0.844,0.72,0.857,102,0.632,19.59,19.11,12.79,14.11,103,20.72,26.12,26.95,34.37,33.19
101,2022,15,300,0,101,0.386,0.526,0.844,0.72,0.857,102,0.632,19.54,19.11,12.78,14.06,103,20.59,26.09,26.94,34.34,33.14
101,2022,15,400,0,101,0.385,0.526,0.844,0.72,0.857,102,0.631,19.47,19.1,12.77,14.02,103,20.45,26.05,26.92,34.33,33.13
101,2022,15,500,0,101,0.383,0.526,0.843,0.719,0.857,102,0.63,19.42,19.11,12.76,13.98,103,20.33,26.02,26.91,34.32,33.12
101,2022,15,600,0,101,0.382,0.525,0.843,0.719,0.857,102,0.628,19.36,19.1,12.75,13.94,103,20.22,25.98,26.9,34.32,33.09
101,2022,15,700,0,101,0.38,0.526,0.843,0.719,0.856,102,0.628,19.29,19.08,12.75,13.89,103,20.1,25.94,26.89,34.31,33.08
101,2022,15,800,0,101,0.379,0.526,0.843,0.719,0.857,102,0.627,19.22,19.07,12.76,13.85,103,19.98,25.91,26.87,34.29,33.06
101,2022,15,900,0,101,0.379,0.526,0.843,0.719,0.858,102,0.625,19.18,19.06,12.76,13.81,103,19.89,25.87,26.87,34.28,33.04
101,2022,15,1000,0,101,0.379,0.526,0.843,0.719,0.858,102,0.623,19.14,19.04,12.75,13.77,103,19.86,25.84,26.85,34.28,33.01
101,2022,15,1100,0,101,0.38,0.527,0.843,0.719,0.858,102,0.623,19.11,19.01,12.75,13.76,103,19.89,25.8,26.81,34.27,33.06
101,2022,15,1200,0,101,0.382,0.527,0.843,0.719,0.857,102,0.623,19.06,18.95,12.79,13.81,103,20.07,25.8,26.76,34.2,33.09
101,2022,15,1300,0,101,0.386,0.527,0.842,0.719,0.857,102,0.623,19.03,18.93,12.79,13.81,103,20.19,25.8,26.75,34.17,33.08
101,2022,15,1400,0,101,0.392,0.528,0.842,0.719,0.858,102,0.622,19,18.91,12.79,13.81,103,20.36,25.83,26.75,34.15,33.07
101,2022,15,1500,0,101,0.395,0.529,0.842,0.719,0.859,102,0.623,18.99,18.88,12.79,13.81,103,20.61,25.92,26.79,34.14,33.04
101,2022,15,1600,0,101,0.396,0.529,0.842,0.719,0.858,102,0.625,19.02,18.86,12.78,13.8,103,20.77,26.04,26.88,34.14,33.02
101,2022,15,1700,0,101,0.396,0.529,0.843,0.719,0.858,102,0.627,19.09,18.86,12.78,13.8,103,20.8,26.13,26.95,34.15,33
101,2022,15,1800,0,101,0.395,0.529,0.843,0.719,0.857,102,0.628,19.15,18.88,12.78,13.8,103,20.75,26.16,27,34.18,32.98
101,2022,15,1900,0,101,0.395,0.529,0.843,0.719,0.856,102,0.628,19.19,18.9,12.77,13.79,103,20.69,26.16,27.02,34.2,32.98
101,2022,15,2000,0,101,0.394,0.528,0.843,0.719,0.857,102,0.628,19.22,18.92,12.78,13.8,103,20.63,26.15,27.01,34.22,32.98
101,2022,15,2100,0,101,0.393,0.528,0.843,0.719,0.857,102,0.628,19.24,18.93,12.77,13.8,103,20.59,26.13,27,34.23,32.98
101,2022,15,2200,0,101,0.392,0.528,0.843,0.719,0.857,102,0.628,19.25,18.95,12.77,13.81,103,20.55,26.11,27,34.23,32.99
101,2022,15,2300,0,101,0.391,0.528,0.843,0.719,0.857,102,0.628,19.25,18.95,12.77,13.82,103,20.53,26.09,26.99,34.23,33
101,2022,16,000,0,101,0.39,0.528,0.843,0.719,0.856,102,0.628,19.24,18.96,12.77,13.82,103,20.49,26.08,26.98,34.24,33.01
101,2022,16,100,0,101,0.39,0.528,0.843,0.719,0.857,102,0.628,19.23,18.95,12.77,13.83,103,20.45,26.05,26.96,34.24,33.02
101,2022,16,200,0,101,0.388,0.527,0.842,0.719,0.857,102,0.628,19.21,18.95,12.77,13.83,103,20.42,26.03,26.94,34.23,33.02
101,2022,16,300,0,101,0.387,0.527,0.842,0.719,0.856,102,0.628,19.18,18.94,12.77,13.83,103,20.39,26.02,26.92,34.23,33.02
101,2022,16,400,0,101,0.385,0.527,0.842,0.719,0.856,102,0.627,19.13,18.92,12.77,13.81,103,20.36,26,26.91,34.22,33.03
101,2022,16,500,0,101,0.384,0.527,0.842,0.719,0.856,102,0.627,19.07,18.92,12.75,13.74,103,20.34,25.99,26.88,34.2,33.03
101,2022,16,600,0,101,0.383,0.527,0.842,0.719,0.856,102,0.626,19.02,18.92,12.76,13.69,103,20.31,25.96,26.84,34.19,33.02
101,2022,16,700,0,101,0.381,0.526,0.842,0.719,0.856,102,0.625,18.95,18.91,12.76,13.64,103,20.26,25.93,26.81,34.17,33.02
101,2022,16,800,0,101,0.379,0.526,0.842,0.718,0.856,102,0.625,18.88,18.9,12.77,13.6,103,20.2,25.9,26.78,34.11,32.98
101,2022,16,900,0,101,0.378,0.526,0.842,0.718,0.857,102,0.623,18.83,18.89,12.77,13.55,103,20.13,25.86,26.75,34.08,32.94
101,2022,16,1000,0,101,0.379,0.526,0.842,0.718,0.857,102,0.621,18.79,18.88,12.76,13.52,103,20.1,25.83,26.72,34.04,32.91
101,2022,16,1100,0,101,0.38,0.526,0.841,0.718,0.856,102,0.621,18.74,18.85,12.77,13.51,103,20.1,25.78,26.74,34.03,32.92
101,2022,16,1200,0,101,0.383,0.527,0.841,0.718,0.856,102,0.621,18.77,18.8,12.79,13.61,103,20.14,25.75,26.72,34.02,32.94
101,2022,16,1300,0,101,0.388,0.527,0.841,0.718,0.858,102,0.62,18.74,18.78,12.79,13.62,103,20.23,25.76,26.69,34.01,32.93
101,2022,16,1400,0,101,0.392,0.528,0.841,0.718,0.859,102,0.621,18.72,18.76,12.79,13.63,103,20.4,25.78,26.7,34.01,32.92
101,2022,16,1500,0,101,0.394,0.528,0.841,0.718,0.859,102,0.622,18.73,18.74,12.78,13.64,103,20.65,25.88,26.75,34,32.91
101,2022,16,1600,0,101,0.394,0.528,0.841,0.718,0.858,102,0.624,18.78,18.74,12.78,13.64,103,20.8,26.01,26.84,34.01,32.89
101,2022,16,1700,0,101,0.393,0.528,0.842,0.718,0.857,102,0.626,18.85,18.74,12.77,13.64,103,20.8,26.09,26.92,34.02,32.87
101,2022,16,1800,0,101,0.393,0.528,0.842,0.718,0.857,102,0.627,18.91,18.76,12.77,13.64,103,20.74,26.11,26.94,34.05,32.87
101,2022,16,1900,0,101,0.393,0.528,0.842,0.718,0.857,102,0.627,18.95,18.77,12.77,13.64,103,20.68,26.1,26.95,34.07,32.87
101,2022,16,2000,0,101,0.392,0.528,0.842,0.718,0.857,102,0.627,18.97,18.8,12.77,13.64,103,20.63,26.09,26.95,34.09,32.87
101,2022,16,2100,0,101,0.392,0.528,0.842,0.718,0.856,102,0.627,18.98,18.81,12.77,13.64,103,20.59,26.08,26.94,34.1,32.87
101,2022,16,2200,0,101,0.392,0.528,0.842,0.718,0.856,102,0.626,18.98,18.81,12.77,13.64,103,20.56,26.06,26.94,34.1,32.87
101,2022,16,2300,0,101,0.391,0.527,0.842,0.718,0.856,102,0.626,18.98,18.82,12.77,13.65,103,20.53,26.04,26.92,34.11,32.88
101,2022,17,000,0,101,0.39,0.527,0.842,0.718,0.856,102,0.626,18.97,18.82,12.77,13.65,103,20.51,26.03,26.92,34.11,32.89
101,2022,17,100,0,101,0.389,0.527,0.842,0.718,0.856,102,0.626,18.96,18.82,12.77,13.65,103,20.48,26.02,26.9,34.11,32.9
101,2022,17,200,0,101,0.389,0.527,0.841,0.718,0.856,102,0.625,18.95,18.82,12.77,13.65,103,20.45,26,26.89,34.1,32.91
101,2022,17,300,0,101,0.388,0.527,0.841,0.718,0.856,102,0.625,18.94,18.81,12.77,13.65,103,20.42,25.99,26.88,34.1,32.91
101,2022,17,400,0,101,0.387,0.527,0.841,0.718,0.856,102,0.625,18.93,18.81,12.77,13.66,103,20.41,25.97,26.86,34.1,32.91
101,2022,17,500,0,101,0.387,0.527,0.841,0.718,0.856,102,0.624,18.91,18.8,12.77,13.65,103,20.39,25.97,26.84,34.09,32.91
101,2022,17,600,0,101,0.386,0.526,0.841,0.718,0.856,102,0.624,18.9,18.8,12.77,13.66,103,20.37,25.95,26.82,34.08,32.91
101,2022,17,700,0,101,0.385,0.526,0.841,0.718,0.856,102,0.623,18.88,18.78,12.77,13.65,103,20.33,25.92,26.81,34.06,32.91
101,2022,17,800,0,101,0.384,0.526,0.841,0.718,0.856,102,0.623,18.86,18.78,12.77,13.65,103,20.28,25.89,26.81,34.05,32.91
101,2022,17,900,0,101,0.384,0.526,0.841,0.718,0.855,102,0.622,18.84,18.77,12.77,13.65,103,20.23,25.85,26.79,34.03,32.91
101,2022,17,1000,0,101,0.383,0.526,0.841,0.718,0.856,102,0.622,18.83,18.76,12.76,13.65,103,20.22,25.81,26.77,34.01,32.9
101,2022,17,1100,0,101,0.384,0.526,0.841,0.718,0.856,102,0.621,18.8,18.74,12.76,13.65,103,20.22,25.78,26.74,34.01,32.9
101,2022,17,1200,0,101,0.385,0.526,0.841,0.718,0.856,102,0.621,18.79,18.73,12.76,13.65,103,20.24,25.78,26.73,34,32.9
101,2022,17,1300,0,101,0.389,0.527,0.841,0.718,0.857,102,0.621,18.76,18.72,12.76,13.65,103,20.28,25.78,26.7,33.99,32.89
101,2022,17,1400,0,101,0.391,0.527,0.841,0.718,0.857,102,0.621,18.75,18.7,12.76,13.66,103,20.45,25.8,26.69,33.98,32.88
101,2022,17,1500,0,101,0.391,0.528,0.841,0.718,0.858,102,0.624,18.78,18.69,12.76,13.66,103,21,25.95,26.77,33.98,32.86
101,2022,17,1600,0,101,0.39,0.527,0.841,0.718,0.857,102,0.628,18.88,18.69,12.76,13.65,103,21.35,26.25,26.97,34,32.84
101,2022,17,1700,0,101,0.389,0.527,0.841,0.718,0.856,102,0.63,19.02,18.73,12.76,13.64,103,21.33,26.41,27.11,34.06,32.83
101,2022,17,1800,0,101,0.389,0.527,0.841,0.718,0.856,102,0.631,19.14,18.78,12.76,13.65,103,21.19,26.44,27.18,34.12,32.83
101,2022,17,1900,0,101,0.389,0.527,0.841,0.718,0.856,102,0.632,19.21,18.83,12.76,13.65,103,21.07,26.43,27.18,34.18,32.84
101,2022,17,2000,0,101,0.388,0.527,0.841,0.718,0.856,102,0.632,19.25,18.88,12.77,13.65,103,20.99,26.4,27.18,34.23,32.85
101,2022,17,2100,0,101,0.388,0.527,0.841,0.718,0.856,102,0.631,19.27,18.92,12.77,13.66,103,20.92,26.37,27.16,34.26,32.87
101,2022,17,2200,0,101,0.388,0.527,0.841,0.718,0.856,102,0.631,19.27,18.96,12.77,13.67,103,20.87,26.34,27.15,34.28,32.91
101,2022,17,2300,0,101,0.388,0.527,0.841,0.718,0.856,102,0.631,19.26,18.98,12.78,13.67,103,20.83,26.31,27.13,34.29,32.93
101,2022,18,000,0,101,0.387,0.527,0.841,0.718,0.856,102,0.63,19.25,18.99,12.78,13.68,103,20.8,26.28,27.11,34.3,32.95
101,2022,18,100,0,101,0.387,0.527,0.841,0.718,0.856,102,0.63,19.24,19,12.79,13.68,103,20.77,26.26,27.1,34.29,32.97
101,2022,18,200,0,101,0.386,0.526,0.841,0.718,0.856,102,0.629,19.22,19,12.79,13.69,103,20.75,26.24,27.08,34.3,32.98
101,2022,18,300,0,101,0.386,0.527,0.841,0.718,0.856,102,0.629,19.21,19,12.79,13.69,103,20.73,26.23,27.06,34.29,32.99
101,2022,18,400,0,101,0.385,0.527,0.841,0.718,0.855,102,0.629,19.19,19,12.8,13.69,103,20.72,26.21,27.05,34.28,33
101,2022,18,500,0,101,0.385,0.527,0.841,0.718,0.856,102,0.628,19.18,19,12.8,13.69,103,20.69,26.19,27.03,34.28,33.01
101,2022,18,600,0,101,0.384,0.527,0.841,0.717,0.856,102,0.628,19.16,18.99,12.8,13.7,103,20.66,26.17,27.02,34.28,33.02
101,2022,18,700,0,101,0.384,0.527,0.841,0.718,0.856,102,0.627,19.14,18.98,12.8,13.69,103,20.64,26.16,27.01,34.27,33.02
101,2022,18,800,0,101,0.384,0.526,0.84,0.717,0.855,102,0.627,19.13,18.97,12.8,13.69,103,20.62,26.14,27,34.25,33.02
101,2022,18,900,0,101,0.384,0.526,0.84,0.717,0.855,102,0.627,19.11,18.97,12.8,13.69,103,20.61,26.12,26.97,34.25,33.02
101,2022,18,1000,0,101,0.385,0.526,0.84,0.717,0.855,102,0.626,19.1,18.96,12.8,13.69,103,20.61,26.11,26.96,34.23,33.02
101,2022,18,1100,0,101,0.386,0.527,0.84,0.717,0.857,102,0.626,19.08,18.95,12.81,13.69,103,20.71,26.11,26.94,34.22,33.02
101,2022,18,1200,0,101,0.385,0.527,0.84,0.717,0.856,102,0.628,19.1,18.95,12.81,13.7,103,21.14,26.2,26.98,34.23,33.01
101,2022,18,1300,0,101,0.385,0.527,0.84,0.717,0.856,102,0.631,19.19,18.96,12.8,13.69,103,21.43,26.44,27.13,34.23,33
101,2022,18,1400,0,101,0.385,0.527,0.84,0.717,0.856,102,0.634,19.33,19,12.8,13.7,103,21.54,26.61,27.27,34.28,32.98
101,2022,18,1500,0,101,0.384,0.527,0.84,0.717,0.857,102,0.638,19.49,19.08,12.81,13.7,103,21.83,26.82,27.43,34.36,32.98
101,2022,18,1600,0,101,0.383,0.527,0.84,0.717,0.855,102,0.642,19.7,19.16,12.81,13.7,103,22,27.09,27.64,34.48,32.99
101,2022,18,1700,0,101,0.383,0.526,0.84,0.717,0.855,102,0.643,19.89,19.29,12.82,13.72,103,21.84,27.15,27.76,34.64,33.03
101,2022,18,1800,0,101,0.383,0.526,0.84,0.717,0.855,102,0.643,20.01,19.45,12.83,13.73,103,21.65,27.11,27.76,34.78,33.09
101,2022,18,1900,0,101,0.384,0.526,0.84,0.717,0.855,102,0.642,20.04,19.57,12.84,13.74,103,21.5,27.03,27.74,34.86,33.19
101,2022,18,2000,0,101,0.383,0.526,0.84,0.717,0.855,102,0.641,20.03,19.64,12.86,13.76,103,21.38,26.96,27.68,34.89,33.3
101,2022,18,2100,0,101,0.383,0.526,0.84,0.717,0.855,102,0.64,20.01,19.68,12.88,13.78,103,21.3,26.9,27.65,34.91,33.39
101,2022,18,2200,0,101,0.383,0.526,0.84,0.717,0.855,102,0.639,19.98,19.7,12.89,13.79,103,21.23,26.84,27.6,34.9,33.47
101,2022,18,2300,0,101,0.383,0.526,0.84,0.717,0.855,102,0.638,19.94,19.7,12.9,13.8,103,21.17,26.78,27.56,34.89,33.51
101,2022,19,000,0,101,0.383,0.526,0.84,0.717,0.855,102,0.638,19.9,19.68,12.92,13.81,103,21.12,26.73,27.52,34.87,33.54
101,2022,19,100,0,101,0.383,0.526,0.84,0.717,0.855,102,0.637,19.87,19.67,12.93,13.81,103,21.07,26.7,27.48,34.84,33.55
101,2022,19,200,0,101,0.383,0.526,0.84,0.717,0.855,102,0.636,19.83,19.65,12.94,13.82,103,21.02,26.65,27.45,34.82,33.56
101,2022,19,300,0,101,0.383,0.526,0.84,0.717,0.857,102,0.635,19.79,19.63,12.95,13.82,103,21,26.6,27.4,34.79,33.55
101,2022,19,400,0,101,0.383,0.526,0.84,0.717,0.856,102,0.635,19.75,19.6,12.95,13.82,103,20.99,26.57,27.37,34.75,33.54
101,2022,19,500,0,101,0.384,0.526,0.84,0.717,0.857,102,0.634,19.72,19.58,12.96,13.82,103,20.99,26.54,27.35,34.73,33.53
101,2022,19,600,0,101,0.384,0.526,0.84,0.717,0.857,102,0.634,19.69,19.56,12.96,13.82,103,20.97,26.51,27.32,34.7,33.51
101,2022,19,700,0,101,0.384,0.526,0.84,0.717,0.857,102,0.633,19.65,19.53,12.96,13.81,103,20.98,26.49,27.29,34.68,33.49
101,2022,19,800,0,101,0.384,0.526,0.84,0.717,0.857,102,0.633,19.62,19.5,12.95,13.81,103,21.01,26.48,27.27,34.65,33.48
101,2022,19,900,0,101,0.385,0.526,0.84,0.717,0.857,102,0.633,19.61,19.5,12.95,13.81,103,21.07,26.48,27.27,34.63,33.46
101,2022,19,1000,0,101,0.385,0.526,0.84,0.717,0.856,102,0.633,19.64,19.49,12.95,13.81,103,21.18,26.53,27.29,34.61,33.44
101,2022,19,1100,0,101,0.385,0.526,0.84,0.717,0.855,102,0.635,19.68,19.49,12.95,13.8,103,21.31,26.61,27.34,34.61,33.42
101,2022,19,1200,0,101,0.384,0.527,0.84,0.717,0.857,102,0.637,19.76,19.52,12.95,13.8,103,21.48,26.73,27.43,34.64,33.4
101,2022,19,1300,0,101,0.384,0.527,0.84,0.717,0.857,102,0.64,19.89,19.57,12.95,13.8,103,21.72,26.94,27.57,34.69,33.39
101,2022,19,1400,0,101,0.384,0.526,0.84,0.717,0.856,102,0.642,20.03,19.65,12.95,13.81,103,21.76,27.09,27.69,34.78,33.39
101,2022,19,1500,0,101,0.384,0.526,0.84,0.717,0.856,102,0.643,20.15,19.75,12.96,13.82,103,21.78,27.17,27.76,34.87,33.43
101,2022,19,1600,0,101,0.383,0.526,0.84,0.717,0.856,102,0.644,20.25,19.85,12.97,13.82,103,21.75,27.22,27.82,34.96,33.47
101,2022,19,1700,0,101,0.383,0.526,0.84,0.717,0.858,102,0.644,20.3,19.94,12.98,13.84,103,21.7,27.2,27.83,35.03,33.54
101,2022,19,1800,0,101,0.383,0.526,0.84,0.717,0.857,102,0.644,20.33,20.01,13,13.85,103,21.67,27.19,27.84,35.08,33.61
101,2022,19,1900,0,101,0.383,0.526,0.839,0.717,0.857,102,0.644,20.34,20.06,13.02,13.86,103,21.64,27.17,27.82,35.11,33.67
101,2022,19,2000,0,101,0.384,0.526,0.839,0.717,0.857,102,0.644,20.34,20.08,13.04,13.88,103,21.59,27.16,27.81,35.12,33.73
101,2022,19,2100,0,101,0.384,0.526,0.839,0.717,0.857,102,0.643,20.34,20.11,13.05,13.89,103,21.53,27.11,27.79,35.12,33.77
101,2022,19,2200,0,101,0.384,0.526,0.839,0.717,0.858,102,0.644,20.34,20.11,13.07,13.89,103,21.65,27.12,27.78,35.11,33.8
101,2022,19,2300,0,101,0.384,0.526,0.839,0.717,0.858,102,0.645,20.41,20.16,13.09,13.9,103,21.77,27.22,27.84,35.13,33.81
101,2022,20,000,0,101,0.384,0.526,0.839,0.717,0.857,102,0.646,20.49,20.22,13.1,13.91,103,21.84,27.3,27.9,35.16,33.83
101,2022,20,100,0,101,0.384,0.526,0.839,0.717,0.858,102,0.647,20.58,20.28,13.12,13.92,103,21.88,27.37,27.96,35.22,33.85
101,2022,20,200,0,101,0.384,0.526,0.839,0.717,0.858,102,0.647,20.62,20.35,13.13,13.93,103,21.8,27.35,27.97,35.27,33.9
101,2022,20,300,0,101,0.384,0.526,0.839,0.717,0.857,102,0.648,20.69,20.4,13.15,13.94,103,21.89,27.38,27.99,35.29,33.94
101,2022,20,400,0,101,0.384,0.526,0.839,0.717,0.857,102,0.652,20.87,20.51,13.17,13.95,103,22.18,27.56,28.09,35.35,33.98
101,2022,20,500,0,101,0.384,0.527,0.839,0.717,0.857,102,0.655,21.12,20.69,13.2,13.97,103,22.42,27.8,28.28,35.46,34.03
101,2022,20,600,0,101,0.383,0.528,0.839,0.717,0.857,102,0.656,21.34,20.93,13.24,13.99,103,22.58,28.02,28.49,35.65,34.13
101,2022,20,700,0,101,0.383,0.528,0.839,0.717,0.857,102,0.656,21.46,21.15,13.32,14.02,103,22.67,28.17,28.65,35.86,34.31
101,2022,20,800,0,101,0.384,0.529,0.839,0.717,0.857,102,0.656,21.53,21.3,13.41,14.06,103,22.86,28.39,28.85,36.09,34.53
101,2022,20,900,0,101,0.384,0.529,0.839,0.717,0.857,102,0.655,21.55,21.4,13.5,14.1,103,22.93,28.56,29.01,36.34,34.79
101,2022,20,1000,0,101,0.384,0.529,0.839,0.717,0.857,102,0.653,21.49,21.39,13.58,14.13,103,22.94,28.69,29.18,36.58,35.04
101,2022,20,1100,0,101,0.384,0.529,0.839,0.717,0.857,102,0.652,21.37,21.33,13.62,14.14,103,22.88,28.84,29.44,36.89,35.28
101,2022,20,1200,0,101,0.384,0.529,0.839,0.717,0.856,102,0.65,21.22,21.22,13.63,14.15,103,22.68,28.78,29.47,37.09,35.49
101,2022,20,1300,0,101,0.383,0.53,0.839,0.717,0.857,102,0.648,21.1,21.11,13.61,14.14,103,22.41,28.57,29.27,37.08,35.53
101,2022,20,1400,0,101,0.383,0.53,0.839,0.717,0.858,102,0.646,21.01,21.02,13.6,14.14,103,22.19,28.34,29.04,36.96,35.44
101,2022,20,1500,0,101,0.382,0.529,0.839,0.717,0.857,102,0.645,20.95,20.96,13.58,14.13,103,22.05,28.15,28.86,36.8,35.31
101,2022,20,1600,0,101,0.381,0.529,0.839,0.717,0.857,102,0.644,20.84,20.85,13.55,14.12,103,21.92,27.98,28.67,36.63,35.16
101,2022,20,1700,0,101,0.38,0.529,0.839,0.717,0.856,102,0.642,20.75,20.76,13.52,14.1,103,21.81,27.84,28.52,36.46,35.03
101,2022,20,1800,0,101,0.38,0.528,0.839,0.717,0.856,102,0.641,20.66,20.66,13.49,14.09,103,21.7,27.7,28.38,36.33,34.91
101,2022,20,1900,0,101,0.38,0.528,0.839,0.717,0.856,102,0.64,20.57,20.58,13.46,14.07,103,21.6,27.58,28.27,36.2,34.79
101,2022,20,2000,0,101,0.38,0.527,0.839,0.717,0.857,102,0.639,20.49,20.51,13.44,14.06,103,21.47,27.45,28.16,36.08,34.69
101,2022,20,2100,0,101,0.38,0.527,0.839,0.717,0.857,102,0.638,20.42,20.43,13.41,14.05,103,21.34,27.3,28.05,35.97,34.6
101,2022,20,2200,0,101,0.38,0.527,0.839,0.717,0.856,102,0.637,20.35,20.36,13.39,14.03,103,21.23,27.18,27.94,35.87,34.51
101,2022,20,2300,0,101,0.38,0.527,0.839,0.717,0.856,102,0.636,20.28,20.29,13.37,14.02,103,21.12,27.07,27.84,35.77,34.44
101,2022,21,000,0,101,0.38,0.527,0.839,0.717,0.855,102,0.635,20.21,20.22,13.35,14.01,103,20.99,26.96,27.74,35.68,34.36
101,2022,21,100,0,101,0.379,0.526,0.839,0.717,0.854,102,0.634,20.11,20.15,13.33,13.99,103,20.88,26.87,27.65,35.6,34.28
101,2022,21,200,0,101,0.379,0.526,0.839,0.717,0.853,102,0.633,20.01,20.06,13.31,13.98,103,20.78,26.78,27.56,35.5,34.21
101,2022,21,300,0,101,0.378,0.526,0.839,0.717,0.853,102,0.631,19.92,19.98,13.28,13.97,103,20.66,26.69,27.49,35.37,34.1
101,2022,21,400,0,101,0.377,0.526,0.839,0.717,0.853,102,0.63,19.84,19.91,13.26,13.96,103,20.51,26.61,27.44,35.26,33.96
101,2022,21,500,0,101,0.376,0.526,0.839,0.717,0.854,102,0.629,19.77,19.84,13.24,13.94,103,20.34,26.53,27.39,35.22,33.87
101,2022,21,600,0,101,0.375,0.525,0.838,0.717,0.853,102,0.627,19.69,19.76,13.22,13.93,103,20.19,26.47,27.39,35.15,33.77
101,2022,21,700,0,101,0.374,0.525,0.838,0.717,0.853,102,0.626,19.59,19.66,13.18,13.91,103,20.02,26.43,27.4,35.06,33.67
101,2022,21,800,0,101,0.373,0.525,0.838,0.717,0.853,102,0.624,19.46,19.53,13.11,13.83,103,19.88,26.4,27.43,34.97,33.57
101,2022,21,900,0,101,0.373,0.525,0.838,0.716,0.854,102,0.623,19.39,19.47,13.1,13.8,103,19.86,26.34,27.43,34.92,33.5
101,2022,21,1000,0,101,0.373,0.525,0.838,0.716,0.853,102,0.622,19.36,19.44,13.12,13.81,103,19.97,26.31,27.39,34.89,33.47
101,2022,21,1100,0,101,0.374,0.525,0.838,0.716,0.854,102,0.623,19.33,19.44,13.11,13.83,103,20.18,26.26,27.34,34.86,33.45
101,2022,21,1200,0,101,0.375,0.527,0.838,0.716,0.854,102,0.623,19.3,19.4,13.1,13.83,103,21.1,26.37,27.37,34.81,33.39
101,2022,21,1300,0,101,0.378,0.527,0.838,0.716,0.855,102,0.624,19.28,19.37,13.09,13.82,103,21.43,26.65,27.55,34.79,33.32
101,2022,21,1400,0,101,0.381,0.528,0.838,0.716,0.857,102,0.625,19.28,19.33,13.08,13.81,103,21.53,26.83,27.7,34.83,33.28
101,2022,21,1500,0,101,0.382,0.528,0.838,0.716,0.856,102,0.627,19.3,19.31,13.07,13.8,103,21.52,27.01,27.76,34.91,33.25
101,2022,21,1600,0,101,0.382,0.528,0.838,0.716,0.856,102,0.627,19.34,19.3,13.06,13.79,103,21.45,27.06,27.76,34.96,33.24
101,2022,21,1700,0,101,0.382,0.528,0.838,0.716,0.856,102,0.627,19.39,19.3,13.05,13.79,103,21.38,27.01,27.71,34.99,33.26
101,2022,21,1800,0,101,0.381,0.527,0.838,0.716,0.853,102,0.627,19.39,19.3,13.05,13.78,103,21.3,26.96,27.68,35,33.28
101,2022,21,1900,0,101,0.381,0.527,0.838,0.716,0.853,102,0.627,19.38,19.29,13.04,13.77,103,21.14,26.88,27.65,35,33.3
101,2022,21,2000,0,101,0.38,0.527,0.838,0.716,0.853,102,0.626,19.36,19.28,13.04,13.77,103,20.98,26.8,27.6,34.98,33.3
101,2022,21,2100,0,101,0.38,0.527,0.838,0.716,0.853,102,0.625,19.33,19.26,13.03,13.76,103,20.83,26.72,27.53,34.96,33.31
101,2022,21,2200,0,101,0.379,0.527,0.838,0.716,0.853,102,0.624,19.29,19.23,13.02,13.76,103,20.72,26.65,27.48,34.94,33.3
101,2022,21,2300,0,101,0.378,0.526,0.838,0.716,0.853,102,0.623,19.25,19.21,13.01,13.75,103,20.61,26.58,27.41,34.91,33.3
101,2022,22,000,0,101,0.377,0.526,0.838,0.716,0.853,102,0.623,19.22,19.18,13,13.74,103,20.55,26.53,27.35,34.87,33.28
101,2022,22,100,0,101,0.376,0.526,0.838,0.716,0.853,102,0.622,19.19,19.15,12.99,13.74,103,20.44,26.48,27.29,34.81,33.22
101,2022,22,200,0,101,0.376,0.526,0.837,0.716,0.853,102,0.62,19.15,19.12,12.98,13.73,103,20.28,26.42,27.27,34.73,33.16
101,2022,22,300,0,101,0.375,0.525,0.837,0.716,0.853,102,0.619,19.11,19.08,12.97,13.73,103,20.12,26.38,27.29,34.67,33.1
101,2022,22,400,0,101,0.374,0.525,0.837,0.716,0.853,102,0.619,19.07,19.04,12.95,13.72,103,19.93,26.35,27.32,34.59,33.05
101,2022,22,500,0,101,0.373,0.525,0.837,0.716,0.852,102,0.617,19,18.97,12.9,13.68,103,19.71,26.33,27.35,34.53,33.02
101,2022,22,600,0,101,0.371,0.525,0.837,0.716,0.853,102,0.616,18.92,18.92,12.84,13.6,103,19.49,26.31,27.35,34.44,33.01
101,2022,22,700,0,101,0.37,0.524,0.837,0.716,0.852,102,0.614,18.82,18.89,12.82,13.49,103,19.3,26.28,27.34,34.34,32.98
101,2022,22,800,0,101,0.369,0.524,0.837,0.716,0.853,102,0.613,18.7,18.85,12.81,13.39,103,19.15,26.24,27.3,34.25,32.93
101,2022,22,900,0,101,0.369,0.524,0.837,0.716,0.853,102,0.611,18.58,18.79,12.8,13.32,103,19.14,26.2,27.27,34.18,32.9
101,2022,22,1000,0,101,0.368,0.524,0.837,0.715,0.853,102,0.611,18.61,18.79,12.82,13.38,103,19.35,26.15,27.26,34.2,32.93
101,2022,22,1100,0,101,0.369,0.525,0.837,0.715,0.854,102,0.612,18.57,18.73,12.76,13.5,103,19.95,26.16,27.26,34.18,32.91
101,2022,22,1200,0,101,0.371,0.525,0.836,0.715,0.855,102,0.612,18.58,18.72,12.75,13.53,103,21.33,26.46,27.33,34.16,32.87
101,2022,22,1300,0,101,0.373,0.525,0.836,0.715,0.856,102,0.613,18.57,18.7,12.75,13.54,103,21.48,26.83,27.51,34.14,32.84
101,2022,22,1400,0,101,0.375,0.525,0.836,0.715,0.856,102,0.614,18.56,18.69,12.74,13.53,103,21.45,27.32,27.62,34.15,32.79
101,2022,22,1500,0,101,0.377,0.526,0.836,0.715,0.856,102,0.615,18.56,18.67,12.74,13.53,103,21.31,27.66,27.68,34.19,32.77
101,2022,22,1600,0,101,0.378,0.526,0.836,0.715,0.855,102,0.616,18.58,18.66,12.74,13.53,103,21.18,27.7,27.69,34.23,32.77
101,2022,22,1700,0,101,0.379,0.526,0.836,0.715,0.855,102,0.617,18.61,18.65,12.73,13.52,103,21.12,27.7,27.65,34.27,32.79
101,2022,22,1800,0,101,0.378,0.525,0.836,0.715,0.853,102,0.617,18.63,18.65,12.73,13.52,103,21.01,27.67,27.64,34.28,32.8
101,2022,22,1900,0,101,0.378,0.525,0.836,0.715,0.853,102,0.617,18.65,18.65,12.73,13.51,103,20.82,27.61,27.62,34.28,32.8
101,2022,22,2000,0,101,0.377,0.525,0.836,0.715,0.853,102,0.616,18.66,18.65,12.72,13.51,103,20.67,27.54,27.58,34.28,32.8
101,2022,22,2100,0,101,0.377,0.525,0.836,0.715,0.853,102,0.615,18.67,18.65,12.72,13.5,103,20.5,27.49,27.54,34.27,32.8
101,2022,22,2200,0,101,0.376,0.525,0.836,0.715,0.852,102,0.615,18.66,18.64,12.72,13.5,103,20.37,27.44,27.49,34.25,32.8
101,2022,22,2300,0,101,0.375,0.524,0.836,0.715,0.852,102,0.614,18.66,18.62,12.71,13.5,103,20.26,27.39,27.46,34.24,32.8
101,2022,23,000,0,101,0.374,0.524,0.836,0.715,0.852,102,0.613,18.66,18.62,12.7,13.49,103,20.12,27.35,27.41,34.23,32.8
101,2022,23,100,0,101,0.372,0.524,0.836,0.715,0.852,102,0.612,18.66,18.61,12.69,13.49,103,20.04,27.3,27.37,34.22,32.79
101,2022,23,200,0,101,0.372,0.524,0.836,0.715,0.852,102,0.611,18.65,18.6,12.68,13.49,103,19.89,27.22,27.32,34.19,32.76
101,2022,23,300,0,101,0.371,0.524,0.836,0.715,0.852,102,0.61,18.63,18.58,12.67,13.48,103,19.75,27.12,27.25,34.12,32.7
101,2022,23,400,0,101,0.37,0.523,0.836,0.715,0.852,102,0.61,18.61,18.57,12.65,13.48,103,19.64,27.05,27.2,34.05,32.66
101,2022,23,500,0,101,0.369,0.523,0.835,0.715,0.851,102,0.609,18.58,18.55,12.63,13.47,103,19.59,27.02,27.15,33.97,32.63
101,2022,23,600,0,101,0.368,0.523,0.835,0.715,0.852,102,0.608,18.56,18.53,12.6,13.45,103,19.56,26.98,27.09,33.89,32.58
101,2022,23,700,0,101,0.367,0.523,0.835,0.715,0.851,102,0.607,18.52,18.52,12.56,13.38,103,19.55,26.96,27.05,33.82,32.52
101,2022,23,800,0,101,0.366,0.523,0.835,0.715,0.851,102,0.606,18.43,18.5,12.55,13.3,103,19.55,26.94,26.97,33.74,32.47
101,2022,23,900,0,101,0.365,0.523,0.835,0.715,0.851,102,0.604,18.32,18.46,12.54,13.24,103,19.61,26.9,26.94,33.71,32.44
101,2022,23,1000,0,101,0.365,0.523,0.835,0.714,0.852,102,0.605,18.35,18.48,12.56,13.29,103,19.75,26.86,26.91,33.72,32.46
101,2022,23,1100,0,101,0.366,0.523,0.835,0.714,0.853,102,0.606,18.21,18.37,12.55,13.38,103,20.25,26.87,26.91,33.7,32.45
101,2022,23,1200,0,101,0.368,0.524,0.835,0.714,0.854,102,0.606,18.19,18.35,12.56,13.4,103,21.81,27.11,26.97,33.66,32.43
101,2022,23,1300,0,101,0.371,0.524,0.835,0.714,0.855,102,0.606,18.18,18.35,12.56,13.4,103,22.18,27.52,27.14,33.65,32.41
101,2022,23,1400,0,101,0.373,0.524,0.835,0.714,0.854,102,0.607,18.16,18.33,12.56,13.4,103,21.96,27.72,27.26,33.67,32.38
101,2022,23,1500,0,101,0.375,0.525,0.834,0.714,0.854,102,0.608,18.16,18.32,12.56,13.4,103,21.84,27.84,27.32,33.7,32.35
101,2022,23,1600,0,101,0.377,0.525,0.834,0.714,0.855,102,0.609,18.16,18.31,12.56,13.4,103,21.72,27.89,27.35,33.72,32.34
101,2022,23,1700,0,101,0.377,0.525,0.834,0.714,0.856,102,0.609,18.18,18.31,12.55,13.39,103,21.68,27.88,27.33,33.76,32.36
101,2022,23,1800,0,101,0.377,0.525,0.834,0.714,0.854,102,0.61,18.19,18.31,12.55,13.39,103,21.64,27.86,27.32,33.78,32.37
101,2022,23,1900,0,101,0.377,0.524,0.834,0.714,0.854,102,0.61,18.2,18.3,12.55,13.39,103,21.6,27.85,27.31,33.8,32.37
101,2022,23,2000,0,101,0.377,0.524,0.834,0.714,0.854,102,0.61,18.21,18.3,12.55,13.39,103,21.51,27.84,27.3,33.79,32.38
101,2022,23,2100,0,101,0.377,0.524,0.834,0.714,0.854,102,0.61,18.22,18.29,12.55,13.38,103,21.35,27.79,27.28,33.8,32.38
101,2022,23,2200,0,101,0.376,0.523,0.834,0.714,0.854,102,0.61,18.23,18.29,12.54,13.38,103,21.22,27.76,27.25,33.79,32.38
101,2022,23,2300,0,101,0.376,0.523,0.834,0.714,0.854,102,0.609,18.25,18.28,12.55,13.38,103,21.14,27.73,27.22,33.79,32.38
101,2022,24,000,0,101,0.375,0.523,0.834,0.714,0.854,102,0.609,18.25,18.29,12.54,13.38,103,21.04,27.68,27.18,33.78,32.38
101,2022,24,100,0,101,0.375,0.523,0.834,0.714,0.854,102,0.608,18.25,18.28,12.54,13.37,103,20.96,27.64,27.16,33.77,32.38
101,2022,24,200,0,101,0.374,0.523,0.834,0.714,0.854,102,0.608,18.25,18.28,12.54,13.37,103,20.91,27.61,27.13,33.75,32.38
101,2022,24,300,0,101,0.374,0.523,0.834,0.714,0.855,102,0.608,18.26,18.28,12.54,13.37,103,20.86,27.57,27.1,33.75,32.38
101,2022,24,400,0,101,0.373,0.523,0.834,0.714,0.854,102,0.607,18.26,18.28,12.53,13.37,103,20.81,27.54,27.08,33.73,32.38
101,2022,24,500,0,101,0.372,0.523,0.834,0.714,0.854,102,0.607,18.27,18.29,12.52,13.37,103,20.78,27.51,27.05,33.72,32.37
101,2022,24,600,0,101,0.372,0.523,0.834,0.714,0.854,102,0.606,18.27,18.29,12.52,13.37,103,20.77,27.46,27.02,33.71,32.36
101,2022,24,700,0,101,0.372,0.523,0.834,0.714,0.855,102,0.606,18.26,18.28,12.52,13.37,103,20.8,27.43,27.01,33.69,32.36
101,2022,24,800,0,101,0.371,0.523,0.834,0.714,0.855,102,0.606,18.26,18.27,12.51,13.37,103,20.78,27.4,26.99,33.68,32.34
101,2022,24,900,0,101,0.37,0.523,0.834,0.714,0.852,102,0.605,18.18,18.21,12.51,13.36,103,20.81,27.36,26.97,33.66,32.33
101,2022,24,1000,0,101,0.37,0.523,0.834,0.714,0.853,102,0.605,18.13,18.19,12.51,13.36,103,21.04,27.34,26.95,33.65,32.31
101,2022,24,1100,0,101,0.372,0.523,0.834,0.714,0.854,102,0.605,18.13,18.19,12.51,13.37,103,22.06,27.42,26.97,33.62,32.29
101,2022,24,1200,0,101,0.375,0.524,0.834,0.714,0.854,102,0.606,18.12,18.19,12.51,13.37,103,22.18,27.59,27.08,33.6,32.28
101,2022,24,1300,0,101,0.376,0.524,0.833,0.714,0.853,102,0.606,18.11,18.17,12.5,13.37,103,22.08,27.74,27.16,33.61,32.26
101,2022,24,1400,0,101,0.376,0.524,0.833,0.714,0.853,102,0.606,18.09,18.17,12.51,13.36,103,21.98,27.88,27.19,33.63,32.26
101,2022,24,1500,0,101,0.375,0.524,0.833,0.714,0.853,102,0.607,18.1,18.16,12.5,13.36,103,21.9,27.95,27.2,33.66,32.24
101,2022,24,1600,0,101,0.375,0.524,0.833,0.714,0.853,102,0.607,18.11,18.16,12.5,13.36,103,21.84,27.97,27.18,33.67,32.24
101,2022,24,1700,0,101,0.374,0.524,0.833,0.714,0.854,102,0.608,18.12,18.16,12.5,13.36,103,21.81,27.99,27.14,33.69,32.25
101,2022,24,1800,0,101,0.374,0.523,0.833,0.714,0.854,102,0.608,18.13,18.16,12.5,13.36,103,21.82,27.99,27.13,33.69,32.26
101,2022,24,1900,0,101,0.374,0.523,0.833,0.714,0.854,102,0.607,18.12,18.15,12.5,13.36,103,21.8,27.95,27.11,33.68,32.25
101,2022,24,2000,0,101,0.374,0.523,0.833,0.714,0.854,102,0.607,18.12,18.15,12.5,13.36,103,21.69,27.92,27.1,33.68,32.26
101,2022,24,2100,0,101,0.373,0.523,0.833,0.714,0.853,102,0.607,18.13,18.14,12.5,13.35,103,21.58,27.86,27.08,33.67,32.26
101,2022,24,2200,0,101,0.373,0.522,0.833,0.714,0.853,102,0.607,18.14,18.15,12.5,13.35,103,21.5,27.82,27.05,33.67,32.26
101,2022,24,2300,0,101,0.372,0.522,0.833,0.714,0.853,102,0.606,18.14,18.14,12.5,13.34,103,21.42,27.77,27.02,33.67,32.25
101,2022,25,000,0,101,0.371,0.522,0.833,0.714,0.853,102,0.606,18.13,18.13,12.49,13.34,103,21.32,27.73,27,33.66,32.26
101,2022,25,100,0,101,0.371,0.522,0.833,0.713,0.853,102,0.605,18.13,18.12,12.49,13.34,103,21.2,27.68,26.96,33.64,32.25
101,2022,25,200,0,101,0.37,0.522,0.833,0.713,0.852,102,0.605,18.13,18.12,12.48,13.34,103,21.08,27.64,26.93,33.63,32.24
101,2022,25,300,0,101,0.369,0.522,0.833,0.713,0.851,102,0.605,18.13,18.11,12.48,13.33,103,20.7,27.56,26.89,33.62,32.24
101,2022,25,400,0,101,0.369,0.521,0.833,0.713,0.85,102,0.604,18.12,18.1,12.47,13.33,103,20.47,27.45,26.84,33.6,32.23
101,2022,25,500,0,101,0.367,0.521,0.833,0.713,0.849,102,0.604,18.11,18.09,12.47,13.33,103,20.36,27.35,26.77,33.53,32.15
101,2022,25,600,0,101,0.366,0.521,0.832,0.713,0.849,102,0.603,18.08,18.08,12.46,13.33,103,20.22,27.27,26.71,33.46,32.11
101,2022,25,700,0,101,0.365,0.52,0.832,0.713,0.85,102,0.602,18.06,18.05,12.45,13.32,103,20.03,27.18,26.63,33.39,32.07
101,2022,25,800,0,101,0.363,0.52,0.832,0.713,0.85,102,0.602,18.03,18.04,12.43,13.31,103,19.9,27.1,26.55,33.31,32.02
101,2022,25,900,0,101,0.361,0.52,0.832,0.713,0.849,102,0.601,17.98,18.01,12.43,13.31,103,19.94,27.04,26.52,33.27,32
101,2022,25,1000,0,101,0.362,0.521,0.832,0.713,0.85,102,0.601,17.98,18,12.42,13.31,103,20.16,26.98,26.5,33.3,32.04
101,2022,25,1100,0,101,0.363,0.521,0.832,0.713,0.851,102,0.601,17.98,18,12.42,13.33,103,20.42,26.97,26.5,33.27,32.02
101,2022,25,1200,0,101,0.364,0.521,0.832,0.713,0.852,102,0.601,17.91,17.99,12.42,13.34,103,21.51,27.03,26.5,33.26,32
101,2022,25,1300,0,101,0.365,0.521,0.832,0.713,0.852,102,0.601,17.91,17.99,12.42,13.34,103,22.31,27.24,26.58,33.23,32
101,2022,25,1400,0,101,0.367,0.521,0.832,0.713,0.852,102,0.601,17.89,17.98,12.42,13.34,103,22.19,27.36,26.69,33.22,31.98
101,2022,25,1500,0,101,0.369,0.521,0.832,0.713,0.853,102,0.601,17.88,17.97,12.43,13.34,103,22.02,27.4,26.76,33.23,31.97
101,2022,25,1600,0,101,0.37,0.522,0.832,0.713,0.852,102,0.601,17.88,17.97,12.42,13.33,103,21.91,27.41,26.78,33.26,31.97
101,2022,25,1700,0,101,0.37,0.521,0.832,0.713,0.852,102,0.601,17.87,17.97,12.42,13.34,103,21.78,27.42,26.79,33.28,31.98
101,2022,25,1800,0,101,0.37,0.521,0.832,0.713,0.851,102,0.601,17.86,17.96,12.42,13.33,103,21.58,27.4,26.79,33.29,31.98
101,2022,25,1900,0,101,0.37,0.521,0.831,0.713,0.852,102,0.601,17.86,17.96,12.42,13.33,103,21.31,27.37,26.77,33.3,31.98
101,2022,25,2000,0,101,0.37,0.521,0.831,0.713,0.852,102,0.601,17.87,17.95,12.42,13.32,103,21.04,27.32,26.76,33.3,31.98
101,2022,25,2100,0,101,0.369,0.52,0.831,0.713,0.851,102,0.601,17.86,17.94,12.42,13.31,103,20.81,27.27,26.73,33.3,31.98
101,2022,25,2200,0,101,0.369,0.52,0.831,0.713,0.851,102,0.6,17.87,17.94,12.42,13.31,103,20.53,27.2,26.68,33.29,31.98
101,2022,25,2300,0,101,0.368,0.52,0.831,0.712,0.85,102,0.6,17.88,17.94,12.41,13.31,103,20.33,27.11,26.65,33.28,31.99
101,2022,26,000,0,101,0.366,0.52,0.831,0.712,0.85,102,0.6,17.89,17.94,12.41,13.31,103,20.2,27.04,26.61,33.27,31.98
101,2022,26,100,0,101,0.365,0.52,0.831,0.712,0.848,102,0.599,17.88,17.93,12.41,13.3,103,20.04,26.96,26.56,33.26,31.99
101,2022,26,200,0,101,0.364,0.519,0.831,0.712,0.849,102,0.599,17.87,17.92,12.4,13.3,103,19.94,26.88,26.53,33.24,31.99
101,2022,26,300,0,101,0.361,0.519,0.831,0.712,0.849,102,0.599,17.86,17.9,12.39,13.3,103,19.77,26.79,26.49,33.24,31.98
101,2022,26,400,0,101,0.359,0.519,0.831,0.712,0.849,102,0.598,17.83,17.88,12.39,13.29,103,19.57,26.71,26.43,33.17,31.89
101,2022,26,500,0,101,0.356,0.519,0.831,0.712,0.848,102,0.597,17.8,17.86,12.37,13.26,103,19.38,26.62,26.33,33.07,31.81
101,2022,26,600,0,101,0.353,0.518,0.83,0.712,0.849,102,0.596,17.74,17.84,12.34,13.21,103,19.23,26.52,26.24,32.96,31.73
101,2022,26,700,0,101,0.35,0.518,0.83,0.712,0.849,102,0.595,17.67,17.81,12.34,13.17,103,19.06,26.4,26.14,32.83,31.63
101,2022,26,800,0,101,0.347,0.517,0.83,0.712,0.849,102,0.593,17.6,17.78,12.33,13.13,103,18.94,26.28,26.02,32.7,31.52
101,2022,26,900,0,101,0.345,0.518,0.83,0.712,0.849,102,0.592,17.53,17.76,12.33,13.11,103,18.93,26.19,25.92,32.62,31.46
101,2022,26,1000,0,101,0.346,0.518,0.83,0.712,0.849,102,0.591,17.52,17.75,12.32,13.13,103,19.1,26.15,25.88,32.64,31.48
101,2022,26,1100,0,101,0.348,0.519,0.83,0.712,0.849,102,0.592,17.55,17.76,12.31,13.15,103,19.38,26.14,25.86,32.63,31.5
101,2022,26,1200,0,101,0.351,0.519,0.83,0.712,0.851,102,0.592,17.56,17.74,12.28,13.2,103,20.16,26.18,25.87,32.61,31.49
101,2022,26,1300,0,101,0.354,0.519,0.83,0.712,0.851,102,0.593,17.52,17.71,12.28,13.25,103,21.36,26.28,25.91,32.59,31.47
