101,2022,26,1400,0,3.566,9.74,32.75,22.07,35.07,13.73,7999,7999,7999,7999,7999,7999,7999,7999,7999
101,2022,26,1500,0,3.612,9.74,32.75,22.08,35.04,13.74,7999,7999,7999,7999,7999,7999,7999,7999,7999
101,2022,26,1600,0,3.639,9.74,32.74,22.08,34.88,13.75,7999,7999,7999,7999,7999,7999,7999,7999,7999
101,2022,26,1700,0,3.647,9.73,32.73,22.07,34.9,13.75,7999,7999,7999,7999,7999,7999,7999,7999,7999
101,2022,26,1800,0,3.647,9.72,32.73,22.07,34.91,13.74,7999,7999,7999,7999,7999,7999,7999,7999,7999
101,2022,26,1900,0,3.647,9.7,32.72,22.06,34.96,13.74,7999,7999,7999,7999,7999,7999,7999,7999,7999
101,2022,26,2000,0,3.636,9.69,32.71,22.06,34.97,13.74,7999,7999,7999,7999,7999,7999,7999,7999,7999
101,2022,26,2100,0,3.625,9.68,32.71,22.06,34.85,13.74,7999,7999,7999,7999,7999,7999,7999,7999,7999
101,2022,26,2200,0,3.606,9.66,32.7,22.05,34.73,13.73,7999,7999,7999,7999,7999,7999,7999,7999,7999
101,2022,26,2300,0,3.574,9.65,32.69,22.05,34.61,13.72,7999,7999,7999,7999,7999,7999,7999,7999,7999
101,2022,27,000,0,3.523,9.63,32.67,22.04,34.67,13.71,7999,7999,7999,7999,7999,7999,7999,7999,7999
101,2022,27,100,0,3.472,9.62,32.66,22.04,34.62,13.7,7999,7999,7999,7999,7999,7999,7999,7999,7999
101,2022,27,200,0,3.409,9.61,32.66,22.04,34.58,13.69,7999,7999,7999,7999,7999,7999,7999,7999,7999
101,2022,27,300,0,3.289,9.58,32.65,22.04,34.59,13.64,7999,7999,7999,7999,7999,7999,7999,7999,7999
101,2022,27,400,0,3.129,9.55,32.63,22.03,34.57,13.57,7999,7999,7999,7999,7999,7999,7999,7999,7999
101,2022,27,500,0,3.062,9.55,32.62,22.03,34.62,13.5,7999,7999,7999,7999,7999,7999,7999,7999,7999
101,2022,27,600,0,3.055,9.55,32.61,22.02,34.54,13.44,7999,7999,7999,7999,7999,7999,7999,7999,7999
101,2022,27,700,0,3.016,9.55,32.6,22.02,34.54,13.38,7999,7999,7999,7999,7999,7999,7999,7999,7999
101,2022,27,800,0,2.979,9.55,32.59,22.02,34.55,13.33,7999,7999,7999,7999,7999,7999,7999,7999,7999
101,2022,27,900,0,2.941,9.55,32.58,22,34.59,13.27,7999,7999,7999,7999,7999,7999,7999,7999,7999
101,2022,27,1000,0,2.97,9.56,32.57,22,34.57,13.23,7999,7999,7999,7999,7999,7999,7999,7999,7999
101,2022,27,1100,0,3.033,9.59,32.56,22,34.62,13.22,7999,7999,7999,7999,7999,7999,7999,7999,7999
101,2022,27,1200,0,3.109,9.61,32.56,22,34.67,13.23,7999,7999,7999,7999,7999,7999,7999,7999,7999
101,2022,27,1300,0,3.149,9.61,32.55,21.99,34.68,13.24,7999,7999,7999,7999,7999,7999,7999,7999,7999
101,2022,27,1400,0,3.205,9.65,32.54,21.98,34.8,13.29,7999,7999,7999,7999,7999,7999,7999,7999,7999
101,2022,27,1500,0,3.248,9.65,32.54,21.98,34.76,13.3,7999,7999,7999,7999,7999,7999,7999,7999,7999
101,2022,27,1600,0,3.258,9.64,32.53,21.97,34.66,13.32,7999,7999,7999,7999,7999,7999,7999,7999,7999
101,2022,27,1700,0,3.258,9.63,32.53,21.97,34.83,13.32,7999,7999,7999,7999,7999,7999,7999,7999,7999
101,2022,27,1800,0,3.253,9.62,32.53,21.97,34.88,13.31,7999,7999,7999,7999,7999,7999,7999,7999,7999
101,2022,27,1900,0,3.258,9.61,32.51,21.96,34.85,13.3,7999,7999,7999,7999,7999,7999,7999,7999,7999
101,2022,27,2000,0,3.253,9.6,32.5,21.96,34.86,13.3,7999,7999,7999,7999,7999,7999,7999,7999,7999
101,2022,27,2100,0,3.23,9.59,32.49,21.97,34.67,13.3,7999,7999,7999,7999,7999,7999,7999,7999,7999
101,2022,27,2200,0,3.19,9.57,32.48,21.96,34.58,13.3,7999,7999,7999,7999,7999,7999,7999,7999,7999
101,2022,27,2300,0,3.142,9.56,32.47,21.96,34.46,13.3,7999,7999,7999,7999,7999,7999,7999,7999,7999
101,2022,28,000,0,3.085,9.55,32.46,21.96,34.48,13.3,7999,7999,7999,7999,7999,7999,7999,7999,7999
101,2022,28,100,0,3.006,9.53,32.44,21.95,34.51,13.31,7999,7999,7999,7999,7999,7999,7999,7999,7999
101,2022,28,200,0,2.914,9.48,32.43,21.94,34.42,13.27,7999,7999,7999,7999,7999,7999,7999,7999,7999
101,2022,28,300,0,2.812,9.46,32.41,21.94,34.42,13.2,7999,7999,7999,7999,7999,7999,7999,7999,7999
101,2022,28,400,0,2.731,9.45,32.4,21.93,34.46,13.12,7999,7999,7999,7999,7999,7999,7999,7999,7999
101,2022,28,500,0,2.683,9.45,32.39,21.93,34.44,13.05,7999,7999,7999,7999,7999,7999,7999,7999,7999
101,2022,28,600,0,2.64,9.45,32.38,21.92,34.4,12.96,7999,7999,7999,7999,7999,7999,7999,7999,7999
101,2022,28,700,0,2.591,9.44,32.37,21.92,34.42,12.89,7999,7999,7999,7999,7999,7999,7999,7999,7999
101,2022,28,800,0,2.537,9.43,32.35,21.92,34.4,12.81,7999,7999,7999,7999,7999,7999,7999,7999,7999
101,2022,28,900,0,2.502,9.45,32.34,21.91,34.39,12.73,7999,7999,7999,7999,7999,7999,7999,7999,7999
101,2022,28,1000,0,2.511,9.47,32.32,21.91,34.51,12.65,7999,7999,7999,7999,7999,7999,7999,7999,7999
101,2022,28,1100,0,2.553,9.5,32.31,21.9,34.53,12.63,7999,7999,7999,7999,7999,7999,7999,7999,7999
101,2022,28,1200,0,2.654,9.53,32.31,21.9,34.7,12.65,7999,7999,7999,7999,7999,7999,7999,7999,7999
101,2022,28,1300,0,2.775,9.55,32.31,21.89,34.73,12.69,7999,7999,7999,7999,7999,7999,7999,7999,7999
101,2022,28,1400,0,2.876,9.55,32.3,21.89,34.79,12.73,7999,7999,7999,7999,7999,7999,7999,7999,7999
101,2022,28,1500,0,2.95,9.56,32.3,21.89,34.89,12.77,7999,7999,7999,7999,7999,7999,7999,7999,7999
101,2022,28,1600,0,2.97,9.56,32.28,21.88,34.78,12.8,7999,7999,7999,7999,7999,7999,7999,7999,7999
101,2022,28,1700,0,2.97,9.55,32.27,21.88,34.69,12.81,7999,7999,7999,7999,7999,7999,7999,7999,7999
101,2022,28,1800,0,2.962,9.53,32.27,21.88,34.75,12.8,7999,7999,7999,7999,7999,7999,7999,7999,7999
101,2022,28,1900,0,2.955,9.53,32.27,21.88,34.78,12.8,7999,7999,7999,7999,7999,7999,7999,7999,7999
101,2022,28,2000,0,2.953,9.51,32.25,21.88,34.79,12.8,7999,7999,7999,7999,7999,7999,7999,7999,7999
101,2022,28,2100,0,2.945,9.5,32.25,21.87,34.73,12.8,7999,7999,7999,7999,7999,7999,7999,7999,7999
101,2022,28,2200,0,2.926,9.49,32.23,21.87,34.75,12.8,7999,7999,7999,7999,7999,7999,7999,7999,7999
101,2022,28,2300,0,2.9,9.48,32.23,21.86,34.74,12.81,7999,7999,7999,7999,7999,7999,7999,7999,7999
101,2022,29,000,0,2.869,9.48,32.21,21.86,34.77,12.81,7999,7999,7999,7999,7999,7999,7999,7999,7999
101,2022,29,100,0,2.838,9.47,32.2,21.85,34.72,12.82,7999,7999,7999,7999,7999,7999,7999,7999,7999
101,2022,29,200,0,2.789,9.44,32.19,21.84,34.49,12.82,7999,7999,7999,7999,7999,7999,7999,7999,7999
101,2022,29,300,0,2.722,9.43,32.18,21.84,34.59,12.82,7999,7999,7999,7999,7999,7999,7999,7999,7999
101,2022,29,400,0,2.681,9.43,32.17,21.84,34.63,12.81,7999,7999,7999,7999,7999,7999,7999,7999,7999
101,2022,29,500,0,2.631,9.42,32.16,21.84,34.55,12.77,7999,7999,7999,7999,7999,7999,7999,7999,7999
101,2022,29,600,0,2.546,9.38,32.15,21.83,34.32,12.69,7999,7999,7999,7999,7999,7999,7999,7999,7999
101,2022,29,700,0,2.472,9.35,32.14,21.82,34.32,12.62,7999,7999,7999,7999,7999,7999,7999,7999,7999
101,2022,29,800,0,2.416,9.34,32.13,21.81,34.28,12.53,7999,7999,7999,7999,7999,7999,7999,7999,7999
101,2022,29,900,0,2.386,9.36,32.12,21.81,34.36,12.45,7999,7999,7999,7999,7999,7999,7999,7999,7999
101,2022,29,1000,0,2.405,9.39,32.1,21.81,34.48,12.39,7999,7999,7999,7999,7999,7999,7999,7999,7999
101,2022,29,1100,0,2.463,9.42,32.1,21.81,34.67,12.39,7999,7999,7999,7999,7999,7999,7999,7999,7999
101,2022,29,1200,0,2.568,9.45,32.1,21.81,34.69,12.4,7999,7999,7999,7999,7999,7999,7999,7999,7999
101,2022,29,1300,0,2.685,9.45,32.09,21.81,34.68,12.42,7999,7999,7999,7999,7999,7999,7999,7999,7999
101,2022,29,1400,0,2.801,9.46,32.09,21.81,34.62,12.46,7999,7999,7999,7999,7999,7999,7999,7999,7999
101,2022,29,1500,0,2.886,9.47,32.08,21.81,34.62,12.5,7999,7999,7999,7999,7999,7999,7999,7999,7999
101,2022,29,1600,0,2.926,9.48,32.06,21.81,34.73,12.51,7999,7999,7999,7999,7999,7999,7999,7999,7999
101,2022,29,1700,0,2.936,9.46,32.05,21.8,34.61,12.52,7999,7999,7999,7999,7999,7999,7999,7999,7999
101,2022,29,1800,0,2.926,9.45,32.05,21.8,34.74,12.51,7999,7999,7999,7999,7999,7999,7999,7999,7999
101,2022,29,1900,0,2.917,9.44,32.05,21.78,34.74,12.52,7999,7999,7999,7999,7999,7999,7999,7999,7999
101,2022,29,2000,0,2.909,9.43,32.04,21.78,34.78,12.52,7999,7999,7999,7999,7999,7999,7999,7999,7999
101,2022,29,2100,0,2.909,9.43,32.03,21.78,34.77,12.53,7999,7999,7999,7999,7999,7999,7999,7999,7999
101,2022,29,2200,0,2.905,9.42,32.02,21.78,34.78,12.54,7999,7999,7999,7999,7999,7999,7999,7999,7999
101,2022,29,2300,0,2.888,9.41,32.01,21.78,34.73,12.54,7999,7999,7999,7999,7999,7999,7999,7999,7999
101,2022,30,000,0,2.857,9.4,32.01,21.77,34.67,12.55,7999,7999,7999,7999,7999,7999,7999,7999,7999
101,2022,30,100,0,2.827,9.39,31.99,21.77,34.66,12.55,7999,7999,7999,7999,7999,7999,7999,7999,7999
101,2022,30,200,0,2.798,9.38,31.98,21.77,34.6,12.56,7999,7999,7999,7999,7999,7999,7999,7999,7999
101,2022,30,300,0,2.757,9.37,31.97,21.77,34.63,12.57,7999,7999,7999,7999,7999,7999,7999,7999,7999
101,2022,30,400,0,2.708,9.36,31.95,21.76,34.63,12.58,7999,7999,7999,7999,7999,7999,7999,7999,7999
101,2022,30,500,0,2.669,9.36,31.94,21.75,34.66,12.59,7999,7999,7999,7999,7999,7999,7999,7999,7999
101,2022,30,600,0,2.64,9.37,31.93,21.75,34.67,12.59,7999,7999,7999,7999,7999,7999,7999,7999,7999
101,2022,30,700,0,2.624,9.37,31.92,21.74,34.68,12.58,7999,7999,7999,7999,7999,7999,7999,7999,7999
101,2022,30,800,0,2.626,9.38,31.92,21.74,34.69,12.57,7999,7999,7999,7999,7999,7999,7999,7999,7999
101,2022,30,900,0,2.635,9.38,31.92,21.73,34.76,12.55,7999,7999,7999,7999,7999,7999,7999,7999,7999
101,2022,30,1000,0,2.674,9.4,31.91,21.73,34.73,12.53,7999,7999,7999,7999,7999,7999,7999,7999,7999
101,2022,30,1100,0,2.697,9.4,31.91,21.73,34.55,12.53,7999,7999,7999,7999,7999,7999,7999,7999,7999
101,2022,30,1200,0,2.775,9.41,31.9,21.73,34.6,12.54,7999,7999,7999,7999,7999,7999,7999,7999,7999
101,2022,30,1300,0,2.852,9.45,31.9,21.73,34.69,12.54,7999,7999,7999,7999,7999,7999,7999,7999,7999
101,2022,30,1400,0,2.955,9.46,31.89,21.73,34.59,12.55,7999,7999,7999,7999,7999,7999,7999,7999,7999
101,2022,30,1500,0,3.03,9.46,31.88,21.73,34.54,12.55,7999,7999,7999,7999,7999,7999,7999,7999,7999
101,2022,30,1600,0,3.065,9.46,31.88,21.73,34.64,12.57,7999,7999,7999,7999,7999,7999,7999,7999,7999
101,2022,30,1700,0,3.077,9.46,31.88,21.73,34.63,12.57,7999,7999,7999,7999,7999,7999,7999,7999,7999
101,2022,30,1800,0,3.085,9.46,31.87,21.72,34.58,12.57,7999,7999,7999,7999,7999,7999,7999,7999,7999
101,2022,30,1900,0,3.119,9.48,31.87,21.72,34.58,12.58,7999,7999,7999,7999,7999,7999,7999,7999,7999
101,2022,30,2000,0,3.174,9.63,31.9,21.73,34.66,12.61,7999,7999,7999,7999,7999,7999,7999,7999,7999
101,2022,30,2100,0,3.22,9.65,31.96,21.73,34.62,12.63,7999,7999,7999,7999,7999,7999,7999,7999,7999
101,2022,30,2200,0,3.233,9.59,31.92,21.72,34.65,12.63,7999,7999,7999,7999,7999,7999,7999,7999,7999
101,2022,30,2300,0,3.228,9.56,31.89,21.72,34.63,12.64,7999,7999,7999,7999,7999,7999,7999,7999,7999
101,2022,31,000,0,3.182,9.55,31.88,21.72,34.67,12.65,7999,7999,7999,7999,7999,7999,7999,7999,7999
101,2022,31,100,0,3.122,9.53,31.86,21.71,34.73,12.65,7999,7999,7999,7999,7999,7999,7999,7999,7999
101,2022,31,200,0,3.077,9.52,31.85,21.71,34.73,12.66,7999,7999,7999,7999,7999,7999,7999,7999,7999
101,2022,31,300,0,3.05,9.51,31.83,21.7,34.73,12.67,7999,7999,7999,7999,7999,7999,7999,7999,7999
101,2022,31,400,0,3.013,9.5,31.83,21.69,34.72,12.67,7999,7999,7999,7999,7999,7999,7999,7999,7999
101,2022,31,500,0,2.948,9.47,31.82,21.69,34.63,12.67,7999,7999,7999,7999,7999,7999,7999,7999,7999
101,2022,31,600,0,2.905,9.46,31.81,21.69,34.61,12.67,7999,7999,7999,7999,7999,7999,7999,7999,7999
101,2022,31,700,0,2.878,9.46,31.81,21.69,34.62,12.68,7999,7999,7999,7999,7999,7999,7999,7999,7999
101,2022,31,800,0,2.85,9.46,31.8,21.68,34.63,12.69,7999,7999,7999,7999,7999,7999,7999,7999,7999
101,2022,31,900,0,2.852,9.49,31.8,21.68,34.68,12.7,7999,7999,7999,7999,7999,7999,7999,7999,7999
101,2022,31,1000,0,2.874,9.51,31.8,21.68,34.39,12.71,7999,7999,7999,7999,7999,7999,7999,7999,7999
101,2022,31,1100,0,2.914,9.53,31.8,21.68,34.37,12.73,7999,7999,7999,7999,7999,7999,7999,7999,7999
101,2022,31,1200,0,2.943,9.52,31.8,21.67,34.4,12.74,7999,7999,7999,7999,7999,7999,7999,7999,7999
101,2022,31,1300,0,2.957,9.53,31.79,21.67,34.4,12.76,7999,7999,7999,7999,7999,7999,7999,7999,7999
101,2022,31,1400,0,2.979,9.53,31.79,21.66,34.34,12.76,7999,7999,7999,7999,7999,7999,7999,7999,7999
101,2022,31,1500,0,2.991,9.53,31.79,21.66,34.34,12.78,7999,7999,7999,7999,7999,7999,7999,7999,7999
101,2022,31,1600,0,2.979,9.52,31.79,21.66,34.34,12.78,7999,7999,7999,7999,7999,7999,7999,7999,7999
101,2022,31,1700,0,2.97,9.51,31.79,21.66,34.5,12.78,7999,7999,7999,7999,7999,7999,7999,7999,7999
101,2022,31,1800,0,2.945,9.5,31.79,21.66,34.53,12.78,7999,7999,7999,7999,7999,7999,7999,7999,7999
101,2022,31,1900,0,2.943,9.57,31.79,21.66,34.53,12.79,7999,7999,7999,7999,7999,7999,7999,7999,7999
101,2022,31,2000,0,2.931,9.56,31.79,21.66,34.55,12.8,7999,7999,7999,7999,7999,7999,7999,7999,7999
101,2022,31,2100,0,2.917,9.56,31.79,21.66,34.51,12.8,7999,7999,7999,7999,7999,7999,7999,7999,7999
101,2022,31,2200,0,2.874,9.54,31.79,21.65,34.53,12.81,7999,7999,7999,7999,7999,7999,7999,7999,7999
101,2022,31,2300,0,2.841,9.53,31.78,21.65,34.48,12.81,7999,7999,7999,7999,7999,7999,7999,7999,7999
101,2022,32,000,0,2.817,9.51,31.78,21.65,34.44,12.81,7999,7999,7999,7999,7999,7999,7999,7999,7999
101,2022,32,100,0,2.777,9.51,31.77,21.65,34.48,12.82,7999,7999,7999,7999,7999,7999,7999,7999,7999
101,2022,32,200,0,2.757,9.5,31.77,21.65,34.5,12.82,7999,7999,7999,7999,7999,7999,7999,7999,7999
101,2022,32,300,0,2.736,9.5,31.77,21.65,34.45,12.82,7999,7999,7999,7999,7999,7999,7999,7999,7999
101,2022,32,400,0,2.706,9.49,31.76,21.64,34.38,12.82,7999,7999,7999,7999,7999,7999,7999,7999,7999
101,2022,32,500,0,2.676,9.49,31.76,21.64,34.4,12.82,7999,7999,7999,7999,7999,7999,7999,7999,7999
101,2022,32,600,0,2.647,9.48,31.76,21.64,34.44,12.81,7999,7999,7999,7999,7999,7999,7999,7999,7999
101,2022,32,700,0,2.6,9.46,31.76,21.63,34.38,12.81,7999,7999,7999,7999,7999,7999,7999,7999,7999
101,2022,32,800,0,2.566,9.46,31.75,21.63,34.43,12.81,7999,7999,7999,7999,7999,7999,7999,7999,7999
101,2022,32,900,0,2.535,9.46,31.75,21.63,34.08,12.82,7999,7999,7999,7999,7999,7999,7999,7999,7999
101,2022,32,1000,0,2.531,9.48,31.75,21.63,34.16,12.81,7999,7999,7999,7999,7999,7999,7999,7999,7999
101,2022,32,1100,0,2.551,9.48,31.74,21.63,34.31,12.8,7999,7999,7999,7999,7999,7999,7999,7999,7999
101,2022,32,1200,0,2.562,9.49,31.74,21.62,34.29,12.8,7999,7999,7999,7999,7999,7999,7999,7999,7999
101,2022,32,1300,0,2.58,9.5,31.74,21.62,34.25,12.8,7999,7999,7999,7999,7999,7999,7999,7999,7999
101,2022,32,1400,0,2.606,9.51,31.73,21.62,34.28,12.8,7999,7999,7999,7999,7999,7999,7999,7999,7999
101,2022,32,1500,0,2.633,9.51,31.73,21.62,34.33,12.8,7999,7999,7999,7999,7999,7999,7999,7999,7999
101,2022,32,1600,0,2.635,9.5,31.72,21.62,34.25,12.8,7999,7999,7999,7999,7999,7999,7999,7999,7999
101,2022,32,1700,0,2.622,9.49,31.72,21.62,34.39,12.79,7999,7999,7999,7999,7999,7999,7999,7999,7999
101,2022,32,1800,0,2.609,9.48,31.71,21.62,34.4,12.78,7999,7999,7999,7999,7999,7999,7999,7999,7999
101,2022,32,1900,0,2.582,9.47,31.71,21.62,34.43,12.79,7999,7999,7999,7999,7999,7999,7999,7999,7999
101,2022,32,2000,0,2.555,9.45,31.71,21.62,34.37,12.78,7999,7999,7999,7999,7999,7999,7999,7999,7999
101,2022,32,2100,0,2.522,9.44,31.7,21.61,34.36,12.78,7999,7999,7999,7999,7999,7999,7999,7999,7999
101,2022,32,2200,0,2.485,9.44,31.7,21.61,34.34,12.78,7999,7999,7999,7999,7999,7999,7999,7999,7999
101,2022,32,2300,0,2.463,9.43,31.7,21.61,34.34,12.77,7999,7999,7999,7999,7999,7999,7999,7999,7999
101,2022,33,000,0,2.452,9.42,31.7,21.6,34.34,12.77,7999,7999,7999,7999,7999,7999,7999,7999,7999
101,2022,33,100,0,2.439,9.42,31.69,21.6,34.4,12.76,7999,7999,7999,7999,7999,7999,7999,7999,7999
101,2022,33,200,0,2.429,9.42,31.68,21.6,34.4,12.73,7999,7999,7999,7999,7999,7999,7999,7999,7999
101,2022,33,300,0,2.429,9.43,31.67,21.6,34.49,12.7,7999,7999,7999,7999,7999,7999,7999,7999,7999
101,2022,33,400,0,2.427,9.42,31.67,21.59,34.45,12.66,7999,7999,7999,7999,7999,7999,7999,7999,7999
101,2022,33,500,0,2.414,9.4,31.67,21.58,34.41,12.63,7999,7999,7999,7999,7999,7999,7999,7999,7999
101,2022,33,600,0,2.382,9.36,31.66,21.58,34.36,12.59,7999,7999,7999,7999,7999,7999,7999,7999,7999
101,2022,33,700,0,2.367,9.36,31.65,21.58,34.39,12.54,7999,7999,7999,7999,7999,7999,7999,7999,7999
101,2022,33,800,0,2.346,9.37,31.65,21.58,34.41,12.5,7999,7999,7999,7999,7999,7999,7999,7999,7999
101,2022,33,900,0,2.333,9.38,31.64,21.58,34.38,12.45,7999,7999,7999,7999,7999,7999,7999,7999,7999
101,2022,33,1000,0,2.337,9.39,31.62,21.57,34.21,12.41,7999,7999,7999,7999,7999,7999,7999,7999,7999
101,2022,33,1100,0,2.378,9.41,31.62,21.58,34.21,12.38,7999,7999,7999,7999,7999,7999,7999,7999,7999
101,2022,33,1200,0,2.416,9.42,31.62,21.57,34.2,12.37,7999,7999,7999,7999,7999,7999,7999,7999,7999
101,2022,33,1300,0,2.452,9.42,31.61,21.57,34.2,12.37,7999,7999,7999,7999,7999,7999,7999,7999,7999
101,2022,33,1400,0,2.522,9.45,31.61,21.58,34.32,12.38,7999,7999,7999,7999,7999,7999,7999,7999,7999
101,2022,33,1500,0,2.575,9.46,31.61,21.57,34.28,12.39,7999,7999,7999,7999,7999,7999,7999,7999,7999
101,2022,33,1600,0,2.593,9.46,31.6,21.57,34.21,12.39,7999,7999,7999,7999,7999,7999,7999,7999,7999
101,2022,33,1700,0,2.631,9.45,31.6,21.57,34.39,12.4,7999,7999,7999,7999,7999,7999,7999,7999,7999
101,2022,33,1800,0,2.631,9.44,31.58,21.57,34.31,12.39,7999,7999,7999,7999,7999,7999,7999,7999,7999
101,2022,33,1900,0,2.633,9.43,31.58,21.57,34.27,12.4,7999,7999,7999,7999,7999,7999,7999,7999,7999
101,2022,33,2000,0,2.642,9.42,31.57,21.57,34.26,12.4,7999,7999,7999,7999,7999,7999,7999,7999,7999
101,2022,33,2100,0,2.654,9.43,31.57,21.56,34.24,12.41,7999,7999,7999,7999,7999,7999,7999,7999,7999
101,2022,33,2200,0,2.665,9.43,31.57,21.56,34.24,12.41,7999,7999,7999,7999,7999,7999,7999,7999,7999
101,2022,33,2300,0,2.665,9.43,31.55,21.55,34.23,12.42,7999,7999,7999,7999,7999,7999,7999,7999,7999
101,2022,34,000,0,2.667,9.42,31.55,21.55,34.23,12.42,7999,7999,7999,7999,7999,7999,7999,7999,7999
101,2022,34,100,0,2.66,9.42,31.54,21.55,34.23,12.43,7999,7999,7999,7999,7999,7999,7999,7999,7999
101,2022,34,200,0,2.647,9.42,31.53,21.54,34.24,12.44,7999,7999,7999,7999,7999,7999,7999,7999,7999
101,2022,34,300,0,2.617,9.41,31.53,21.54,34.25,12.45,7999,7999,7999,7999,7999,7999,7999,7999,7999
101,2022,34,400,0,2.611,9.41,31.53,21.54,34.24,12.46,7999,7999,7999,7999,7999,7999,7999,7999,7999
101,2022,34,500,0,2.597,9.41,31.53,21.54,34.25,12.46,7999,7999,7999,7999,7999,7999,7999,7999,7999
101,2022,34,600,0,2.577,9.41,31.52,21.54,34.25,12.47,7999,7999,7999,7999,7999,7999,7999,7999,7999
101,2022,34,700,0,2.551,9.41,31.51,21.54,34.26,12.47,7999,7999,7999,7999,7999,7999,7999,7999,7999
101,2022,34,800,0,2.533,9.4,31.51,21.54,34.28,12.47,7999,7999,7999,7999,7999,7999,7999,7999,7999
101,2022,34,900,0,2.537,9.41,31.5,21.54,34.27,12.47,7999,7999,7999,7999,7999,7999,7999,7999,7999
101,2022,34,1000,0,2.566,9.42,31.5,21.54,34.21,12.47,7999,7999,7999,7999,7999,7999,7999,7999,7999
101,2022,34,1100,0,2.647,9.44,31.5,21.54,34.26,12.47,7999,7999,7999,7999,7999,7999,7999,7999,7999
101,2022,34,1200,0,2.812,9.47,31.49,21.54,34.15,12.48,7999,7999,7999,7999,7999,7999,7999,7999,7999
101,2022,34,1300,0,2.948,9.49,31.49,21.54,34.12,12.5,7999,7999,7999,7999,7999,7999,7999,7999,7999
101,2022,34,1400,0,3.062,9.51,31.49,21.54,34.1,12.54,7999,7999,7999,7999,7999,7999,7999,7999,7999
101,2022,34,1500,0,3.142,9.52,31.49,21.54,34.09,12.55,7999,7999,7999,7999,7999,7999,7999,7999,7999
101,2022,34,1600,0,3.185,9.53,31.49,21.54,34.11,12.57,7999,7999,7999,7999,7999,7999,7999,7999,7999
101,2022,34,1700,0,3.192,9.53,31.49,21.54,34.17,12.58,7999,7999,7999,7999,7999,7999,7999,7999,7999
101,2022,34,1800,0,3.172,9.51,31.49,21.54,34.19,12.57,7999,7999,7999,7999,7999,7999,7999,7999,7999
101,2022,34,1900,0,3.149,9.5,31.48,21.53,34.2,12.58,7999,7999,7999,7999,7999,7999,7999,7999,7999
101,2022,34,2000,0,3.129,9.49,31.48,21.53,34.19,12.58,7999,7999,7999,7999,7999,7999,7999,7999,7999
101,2022,34,2100,0,3.109,9.48,31.48,21.52,34.21,12.58,7999,7999,7999,7999,7999,7999,7999,7999,7999
101,2022,34,2200,0,3.095,9.51,31.48,21.52,34.21,12.59,7999,7999,7999,7999,7999,7999,7999,7999,7999
101,2022,34,2300,0,3.07,9.5,31.47,21.52,34.21,12.59,7999,7999,7999,7999,7999,7999,7999,7999,7999
101,2022,35,000,0,3.05,9.49,31.46,21.51,34.21,12.59,7999,7999,7999,7999,7999,7999,7999,7999,7999
101,2022,35,100,0,3.013,9.48,31.47,21.5,34.21,12.59,7999,7999,7999,7999,7999,7999,7999,7999,7999
101,2022,35,200,0,2.979,9.47,31.46,21.5,34.2,12.6,7999,7999,7999,7999,7999,7999,7999,7999,7999
101,2022,35,300,0,2.953,9.47,31.46,21.5,34.18,12.6,7999,7999,7999,7999,7999,7999,7999,7999,7999
101,2022,35,400,0,2.914,9.46,31.45,21.5,34.17,12.61,7999,7999,7999,7999,7999,7999,7999,7999,7999
101,2022,35,500,0,2.876,9.46,31.44,21.5,34.19,12.61,7999,7999,7999,7999,7999,7999,7999,7999,7999
101,2022,35,600,0,2.857,9.46,31.45,21.5,34.15,12.62,7999,7999,7999,7999,7999,7999,7999,7999,7999
101,2022,35,700,0,2.843,9.47,31.44,21.5,34.13,12.63,7999,7999,7999,7999,7999,7999,7999,7999,7999
101,2022,35,800,0,2.836,9.47,31.44,21.5,34.12,12.64,7999,7999,7999,7999,7999,7999,7999,7999,7999
101,2022,35,900,0,2.86,9.48,31.44,21.5,34.08,12.64,7999,7999,7999,7999,7999,7999,7999,7999,7999
101,2022,35,1000,0,2.9,9.49,31.44,21.5,34.09,12.65,7999,7999,7999,7999,7999,7999,7999,7999,7999
101,2022,35,1100,0,2.936,9.51,31.45,21.5,34.09,12.67,7999,7999,7999,7999,7999,7999,7999,7999,7999
101,2022,35,1200,0,2.994,9.53,31.45,21.5,34.1,12.69,7999,7999,7999,7999,7999,7999,7999,7999,7999
101,2022,35,1300,0,3.067,9.55,31.44,21.5,34.04,12.71,7999,7999,7999,7999,7999,7999,7999,7999,7999
101,2022,35,1400,0,3.157,9.55,31.44,21.5,34.03,12.72,7999,7999,7999,7999,7999,7999,7999,7999,7999
101,2022,35,1500,0,3.207,9.56,31.45,21.5,34.04,12.74,7999,7999,7999,7999,7999,7999,7999,7999,7999
101,2022,35,1600,0,3.207,9.55,31.44,21.5,34.09,12.74,7999,7999,7999,7999,7999,7999,7999,7999,7999
101,2022,35,1700,0,3.195,9.55,31.45,21.5,34.09,12.75,7999,7999,7999,7999,7999,7999,7999,7999,7999
101,2022,35,1800,0,3.185,9.54,31.44,21.49,34.06,12.75,7999,7999,7999,7999,7999,7999,7999,7999,7999
101,2022,35,1900,0,3.18,9.54,31.44,21.49,34.06,12.74,7999,7999,7999,7999,7999,7999,7999,7999,7999
101,2022,35,2000,0,3.182,9.54,31.45,21.5,34.06,12.76,7999,7999,7999,7999,7999,7999,7999,7999,7999
101,2022,35,2100,0,3.192,9.54,31.44,21.49,34.05,12.76,7999,7999,7999,7999,7999,7999,7999,7999,7999
101,2022,35,2200,0,3.19,9.54,31.44,21.49,34.06,12.76,7999,7999,7999,7999,7999,7999,7999,7999,7999
101,2022,35,2300,0,3.195,9.54,31.45,21.48,34.06,12.77,7999,7999,7999,7999,7999,7999,7999,7999,7999
101,2022,36,000,0,3.187,9.54,31.45,21.48,34.05,12.77,7999,7999,7999,7999,7999,7999,7999,7999,7999
101,2022,36,100,0,3.187,9.53,31.44,21.48,34.05,12.77,7999,7999,7999,7999,7999,7999,7999,7999,7999
101,2022,36,200,0,3.185,9.53,31.44,21.48,34.04,12.78,7999,7999,7999,7999,7999,7999,7999,7999,7999
101,2022,36,300,0,3.172,9.52,31.44,21.48,34.04,12.78,7999,7999,7999,7999,7999,7999,7999,7999,7999
101,2022,36,400,0,3.154,9.52,31.44,21.47,34.03,12.78,7999,7999,7999,7999,7999,7999,7999,7999,7999
101,2022,36,500,0,3.129,9.52,31.44,21.47,34.04,12.78,7999,7999,7999,7999,7999,7999,7999,7999,7999
101,2022,36,600,0,3.117,9.51,31.45,21.47,34.04,12.78,7999,7999,7999,7999,7999,7999,7999,7999,7999
101,2022,36,700,0,3.099,9.51,31.44,21.47,34.04,12.78,7999,7999,7999,7999,7999,7999,7999,7999,7999
101,2022,36,800,0,3.077,9.5,31.44,21.47,34.07,12.8,7999,7999,7999,7999,7999,7999,7999,7999,7999
101,2022,36,900,0,3.085,9.51,31.44,21.47,34.14,12.81,7999,7999,7999,7999,7999,7999,7999,7999,7999
101,2022,36,1000,0,3.102,9.52,31.43,21.47,34,12.82,7999,7999,7999,7999,7999,7999,7999,7999,7999
101,2022,36,1100,0,3.172,9.55,31.44,21.47,33.96,12.84,7999,7999,7999,7999,7999,7999,7999,7999,7999
101,2022,36,1200,0,3.243,9.58,31.44,21.47,33.94,12.85,7999,7999,7999,7999,7999,7999,7999,7999,7999
101,2022,36,1300,0,3.343,9.59,31.44,21.47,33.91,12.88,7999,7999,7999,7999,7999,7999,7999,7999,7999
101,2022,36,1400,0,3.406,9.6,31.44,21.47,33.91,12.89,7999,7999,7999,7999,7999,7999,7999,7999,7999
101,2022,36,1500,0,3.448,9.61,31.44,21.47,33.91,12.94,7999,7999,7999,7999,7999,7999,7999,7999,7999
101,2022,36,1600,0,3.461,9.62,31.46,21.47,33.92,12.98,7999,7999,7999,7999,7999,7999,7999,7999,7999
101,2022,36,1700,0,3.453,9.62,31.46,21.47,33.96,12.99,7999,7999,7999,7999,7999,7999,7999,7999,7999
101,2022,36,1800,0,3.427,9.61,31.46,21.47,34.02,13,7999,7999,7999,7999,7999,7999,7999,7999,7999
101,2022,36,1900,0,3.398,9.6,31.46,21.47,34.03,13,7999,7999,7999,7999,7999,7999,7999,7999,7999
101,2022,36,2000,0,3.369,9.59,31.46,21.47,34.02,13,7999,7999,7999,7999,7999,7999,7999,7999,7999
101,2022,36,2100,0,3.343,9.58,31.47,21.47,34.03,13,7999,7999,7999,7999,7999,7999,7999,7999,7999
101,2022,36,2200,0,3.32,9.57,31.47,21.47,34.02,13,7999,7999,7999,7999,7999,7999,7999,7999,7999
101,2022,36,2300,0,3.289,9.56,31.47,21.47,34.04,13,7999,7999,7999,7999,7999,7999,7999,7999,7999
101,2022,37,000,0,3.263,9.56,31.46,21.47,34.04,12.99,7999,7999,7999,7999,7999,7999,7999,7999,7999
101,2022,37,100,0,3.23,9.55,31.47,21.47,34.05,12.98,7999,7999,7999,7999,7999,7999,7999,7999,7999
101,2022,37,200,0,3.202,9.55,31.46,21.47,34.06,12.97,7999,7999,7999,7999,7999,7999,7999,7999,7999
101,2022,37,300,0,3.169,9.54,31.45,21.47,34.07,12.95,7999,7999,7999,7999,7999,7999,7999,7999,7999
101,2022,37,400,0,3.139,9.53,31.45,21.47,34.06,12.93,7999,7999,7999,7999,7999,7999,7999,7999,7999
101,2022,37,500,0,3.117,9.85,31.46,21.47,34.07,12.92,7999,7999,7999,7999,7999,7999,7999,7999,7999
101,2022,37,600,0,3.092,9.85,31.45,21.47,34.04,12.91,7999,7999,7999,7999,7999,7999,7999,7999,7999
101,2022,37,700,0,3.072,9.85,31.45,21.47,34.05,12.89,7999,7999,7999,7999,7999,7999,7999,7999,7999
101,2022,37,800,0,3.04,9.84,31.44,21.47,34.07,12.89,7999,7999,7999,7999,7999,7999,7999,7999,7999
101,2022,37,900,0,3.04,9.87,31.44,21.46,34.09,12.88,7999,7999,7999,7999,7999,7999,7999,7999,7999
101,2022,37,1000,0,3.095,9.88,31.44,21.46,33.94,12.89,7999,7999,7999,7999,7999,7999,7999,7999,7999
101,2022,37,1100,0,3.152,9.91,31.44,21.46,33.89,12.92,7999,7999,7999,7999,7999,7999,7999,7999,7999
101,2022,37,1200,0,3.22,9.93,31.46,21.47,33.87,12.94,7999,7999,7999,7999,7999,7999,7999,7999,7999
101,2022,37,1300,0,3.294,9.94,31.46,21.47,33.87,12.96,7999,7999,7999,7999,7999,7999,7999,7999,7999
101,2022,37,1400,0,3.367,9.96,31.46,21.47,33.85,12.97,7999,7999,7999,7999,7999,7999,7999,7999,7999
101,2022,37,1500,0,3.406,9.96,31.46,21.47,33.84,12.99,7999,7999,7999,7999,7999,7999,7999,7999,7999
101,2022,37,1600,0,3.416,9.96,31.46,21.47,33.84,13.02,7999,7999,7999,7999,7999,7999,7999,7999,7999
101,2022,37,1700,0,3.416,9.97,31.47,21.47,33.87,13.06,7999,7999,7999,7999,7999,7999,7999,7999,7999
101,2022,37,1800,0,3.401,9.95,31.47,21.47,33.91,13.07,7999,7999,7999,7999,7999,7999,7999,7999,7999
101,2022,37,1900,0,3.38,9.94,31.46,21.47,33.95,13.07,7999,7999,7999,7999,7999,7999,7999,7999,7999
101,2022,37,2000,0,3.364,9.96,31.47,21.47,33.95,13.07,7999,7999,7999,7999,7999,7999,7999,7999,7999
101,2022,37,2100,0,3.346,9.95,31.47,21.47,33.95,13.07,7999,7999,7999,7999,7999,7999,7999,7999,7999
101,2022,37,2200,0,3.328,9.95,31.47,21.47,33.95,13.07,7999,7999,7999,7999,7999,7999,7999,7999,7999
101,2022,37,2300,0,3.312,9.94,31.47,21.47,33.95,13.06,7999,7999,7999,7999,7999,7999,7999,7999,7999
101,2022,38,000,0,3.292,9.93,31.47,21.46,33.96,13.06,7999,7999,7999,7999,7999,7999,7999,7999,7999
101,2022,38,100,0,3.286,9.94,31.46,21.47,33.9,13.06,7999,7999,7999,7999,7999,7999,7999,7999,7999
101,2022,38,200,0,3.276,9.94,31.47,21.47,33.9,13.06,7999,7999,7999,7999,7999,7999,7999,7999,7999
101,2022,38,300,0,3.284,9.94,31.47,21.47,33.88,13.06,7999,7999,7999,7999,7999,7999,7999,7999,7999
101,2022,38,400,0,3.284,9.95,31.47,21.47,33.87,13.07,7999,7999,7999,7999,7999,7999,7999,7999,7999
101,2022,38,500,0,3.286,9.95,31.46,21.47,33.87,13.07,7999,7999,7999,7999,7999,7999,7999,7999,7999
101,2022,38,600,0,3.289,9.95,31.46,21.47,33.86,13.07,7999,7999,7999,7999,7999,7999,7999,7999,7999
101,2022,38,700,0,3.292,9.95,31.46,21.47,33.87,13.07,7999,7999,7999,7999,7999,7999,7999,7999,7999
101,2022,38,800,0,3.302,9.95,31.47,21.47,33.86,13.07,7999,7999,7999,7999,7999,7999,7999,7999,7999
101,2022,38,900,0,3.307,9.95,31.46,21.47,33.86,13.07,7999,7999,7999,7999,7999,7999,7999,7999,7999
101,2022,38,1000,0,3.315,9.95,31.47,21.47,33.84,13.07,7999,7999,7999,7999,7999,7999,7999,7999,7999
101,2022,38,1100,0,3.343,9.95,31.46,21.46,33.82,13.08,7999,7999,7999,7999,7999,7999,7999,7999,7999
101,2022,38,1200,0,3.385,9.97,31.46,21.46,33.8,13.1,7999,7999,7999,7999,7999,7999,7999,7999,7999
101,2022,38,1300,0,3.427,9.99,31.46,21.46,33.8,13.1,7999,7999,7999,7999,7999,7999,7999,7999,7999
101,2022,38,1400,0,3.461,10.01,31.46,21.46,33.79,13.13,7999,7999,7999,7999,7999,7999,7999,7999,7999
101,2022,38,1500,0,3.488,10.02,31.47,21.46,33.79,13.17,7999,7999,7999,7999,7999,7999,7999,7999,7999
101,2022,38,1600,0,3.501,10.02,31.47,21.46,33.79,13.21,7999,7999,7999,7999,7999,7999,7999,7999,7999
101,2022,38,1700,0,3.504,10.02,31.48,21.47,33.81,13.25,7999,7999,7999,7999,7999,7999,7999,7999,7999
101,2022,38,1800,0,3.504,10.02,31.48,21.46,33.84,13.26,7999,7999,7999,7999,7999,7999,7999,7999,7999
101,2022,38,1900,0,3.501,10.01,31.48,21.46,33.84,13.27,7999,7999,7999,7999,7999,7999,7999,7999,7999
101,2022,38,2000,0,3.496,10.01,31.49,21.46,33.84,13.29,7999,7999,7999,7999,7999,7999,7999,7999,7999
101,2022,38,2100,0,3.491,10.01,31.49,21.46,33.84,13.3,7999,7999,7999,7999,7999,7999,7999,7999,7999
101,2022,38,2200,0,3.477,10,31.49,21.47,33.86,13.3,7999,7999,7999,7999,7999,7999,7999,7999,7999
101,2022,38,2300,0,3.459,10,31.49,21.47,33.86,13.29,7999,7999,7999,7999,7999,7999,7999,7999,7999
101,2022,39,000,0,3.445,9.99,31.49,21.46,33.85,13.29,7999,7999,7999,7999,7999,7999,7999,7999,7999
101,2022,39,100,0,3.432,9.98,31.49,21.46,33.86,13.29,7999,7999,7999,7999,7999,7999,7999,7999,7999
101,2022,39,200,0,3.411,9.98,31.49,21.47,33.84,13.28,7999,7999,7999,7999,7999,7999,7999,7999,7999
101,2022,39,300,0,3.382,9.98,31.49,21.47,33.85,13.28,7999,7999,7999,7999,7999,7999,7999,7999,7999
101,2022,39,400,0,3.361,9.97,31.49,21.47,33.86,13.26,7999,7999,7999,7999,7999,7999,7999,7999,7999
101,2022,39,500,0,3.333,9.97,31.49,21.47,33.87,13.25,7999,7999,7999,7999,7999,7999,7999,7999,7999
101,2022,39,600,0,3.307,9.96,31.48,21.47,33.88,13.23,7999,7999,7999,7999,7999,7999,7999,7999,7999
101,2022,39,700,0,3.284,9.95,31.48,21.47,33.9,13.22,7999,7999,7999,7999,7999,7999,7999,7999,7999
101,2022,39,800,0,3.271,9.95,31.47,21.47,33.87,13.22,7999,7999,7999,7999,7999,7999,7999,7999,7999
101,2022,39,900,0,3.263,9.95,31.47,21.46,33.85,13.24,7999,7999,7999,7999,7999,7999,7999,7999,7999
101,2022,39,1000,0,3.258,9.96,31.46,21.45,33.8,13.24,7999,7999,7999,7999,7999,7999,7999,7999,7999
101,2022,39,1100,0,3.279,9.99,31.46,21.46,33.79,13.24,7999,7999,7999,7999,7999,7999,7999,7999,7999
101,2022,39,1200,0,3.33,10.01,31.47,21.46,33.77,13.24,7999,7999,7999,7999,7999,7999,7999,7999,7999
