101,2022,252,1300,0,1.905,4.315,11.81,16.97,28.52,6.313,7999,7999,6251,5170,3992,7999,7999,7999,7999
101,2022,252,1400,0,1.914,4.327,11.81,16.96,28.51,6.389,7999,7999,6251,5158,4248,7999,7999,7999,7999
101,2022,252,1500,0,1.919,4.327,11.81,16.95,28.5,6.458,7999,7999,6237,5146,4462,7999,7999,7999,7999
101,2022,252,1600,0,1.914,4.33,11.81,16.95,28.5,6.5,7999,7999,6244,5146,4201,7999,7999,7999,7999
101,2022,252,1700,0,1.903,4.327,11.81,16.95,28.49,6.504,7999,7999,6237,5146,4113,7999,7999,7999,7999
101,2022,252,1800,0,1.882,4.318,11.81,16.94,28.5,6.45,7999,7999,6229,5146,3977,7999,7999,7999,7999
101,2022,252,1900,0,1.864,4.315,11.81,16.94,28.5,6.412,7999,7999,6229,5158,3884,7999,7999,7999,7999
101,2022,252,2000,0,1.846,4.306,11.82,16.93,28.5,6.381,7999,7999,6229,5170,3821,7999,7999,7999,7999
101,2022,252,2100,0,1.837,4.303,11.82,16.93,28.49,6.347,7999,7999,6229,5176,3750,7999,7999,7999,7999
101,2022,252,2200,0,1.826,4.297,11.82,16.93,28.5,6.313,7999,7999,6222,5182,3698,7999,7999,7999,7999
101,2022,252,2300,0,1.817,4.291,11.82,16.93,28.49,6.282,7999,7999,6222,5188,3651,7999,7999,7999,7999
101,2022,253,000,0,1.811,4.285,11.82,16.92,28.49,6.252,7999,7999,6215,5194,3605,7999,7999,7999,7999
101,2022,253,100,0,1.804,4.279,11.82,16.91,28.49,6.222,7999,7999,6215,5194,3569,7999,7999,7999,7999
101,2022,253,200,0,1.797,4.273,11.82,16.91,28.49,6.196,7999,7999,6207,5200,3537,7999,7999,7999,7999
101,2022,253,300,0,1.788,4.264,11.81,16.91,28.49,6.169,7999,7999,6200,5200,3497,7999,7999,7999,7999
101,2022,253,400,0,1.777,4.255,11.81,16.91,28.49,6.143,7999,7999,6193,5194,3461,7999,7999,7999,7999
101,2022,253,500,0,1.768,4.249,11.8,16.9,28.49,6.121,7999,7999,6178,5194,3430,7999,7999,7999,7999
101,2022,253,600,0,1.763,4.24,11.79,16.89,28.49,6.102,7999,7999,6178,5194,3404,7999,7999,7999,7999
101,2022,253,700,0,1.772,4.252,11.8,16.88,28.45,6.088,7999,7999,6171,5194,3400,7999,7999,7999,7999
101,2022,253,800,0,1.795,4.273,11.79,16.88,28.44,6.084,7999,7999,6171,5188,3435,7999,7999,7999,7999
101,2022,253,900,0,1.815,4.276,11.79,16.88,28.43,6.095,7999,7999,6171,5176,3479,7999,7999,7999,7999
101,2022,253,1000,0,1.829,4.282,11.77,16.88,28.43,6.11,7999,7999,6164,5170,3528,7999,7999,7999,7999
101,2022,253,1100,0,1.849,4.285,11.76,16.87,28.44,6.14,7999,7999,6171,5152,3596,7999,7999,7999,7999
101,2022,253,1200,0,1.864,4.285,11.76,16.87,28.43,6.181,7999,7999,6164,5152,3675,7999,7999,7999,7999
101,2022,253,1300,0,1.877,4.291,11.75,16.87,28.43,6.222,7999,7999,6156,5140,3750,7999,7999,7999,7999
101,2022,253,1400,0,1.882,4.294,11.75,16.86,28.41,6.26,7999,7999,6156,5134,3802,7999,7999,7999,7999
101,2022,253,1500,0,1.881,4.294,11.75,16.85,28.41,6.275,7999,7999,6156,5140,3821,7999,7999,7999,7999
101,2022,253,1600,0,1.873,4.294,11.75,16.85,28.4,6.286,7999,7999,6156,5146,3807,7999,7999,7999,7999
101,2022,253,1700,0,1.868,4.291,11.75,16.85,28.4,6.282,7999,7999,6149,5146,3778,7999,7999,7999,7999
101,2022,253,1800,0,1.857,4.285,11.75,16.85,28.41,6.271,7999,7999,6149,5146,3745,7999,7999,7999,7999
101,2022,253,1900,0,1.844,4.282,11.75,16.84,28.41,6.26,7999,7999,6149,5158,3698,7999,7999,7999,7999
101,2022,253,2000,0,1.831,4.273,11.75,16.83,28.4,6.237,7999,7999,6149,5158,3651,7999,7999,7999,7999
101,2022,253,2100,0,1.824,4.273,11.75,16.83,28.4,6.214,7999,7999,6142,5164,3610,7999,7999,7999,7999
101,2022,253,2200,0,1.817,4.267,11.75,16.83,28.4,6.192,7999,7999,6142,5164,3578,7999,7999,7999,7999
101,2022,253,2300,0,1.813,4.261,11.75,16.82,28.4,6.177,7999,7999,6135,5164,3546,7999,7999,7999,7999
101,2022,254,000,0,1.809,4.261,11.75,16.82,28.39,6.162,7999,7999,6135,5164,3524,7999,7999,7999,7999
101,2022,254,100,0,1.808,4.261,11.75,16.81,28.39,6.151,7999,7999,6127,5170,3515,7999,7999,7999,7999
101,2022,254,200,0,1.804,4.258,11.75,16.81,28.39,6.136,7999,7999,6127,5176,3501,7999,7999,7999,7999
101,2022,254,300,0,1.804,4.255,11.74,16.8,28.39,6.125,7999,7999,6120,5170,3488,7999,7999,7999,7999
101,2022,254,400,0,1.802,4.258,11.74,16.79,28.37,6.114,7999,7999,6120,5176,3479,7999,7999,7999,7999
101,2022,254,500,0,1.804,4.258,11.74,16.79,28.37,6.11,7999,7999,6120,5176,3475,7999,7999,7999,7999
101,2022,254,600,0,1.804,4.255,11.74,16.79,28.37,6.102,7999,7999,6113,5176,3475,7999,7999,7999,7999
101,2022,254,700,0,1.804,4.258,11.74,16.78,28.35,6.099,7999,7999,6113,5176,3470,7999,7999,7999,7999
101,2022,254,800,0,1.824,4.273,11.73,16.78,28.35,6.091,7999,7999,6106,5164,3497,7999,7999,7999,7999
101,2022,254,900,0,1.849,4.276,11.71,16.78,28.36,6.11,7999,7999,6106,5146,3555,7999,7999,7999,7999
101,2022,254,1000,0,1.877,4.282,11.7,16.78,28.37,6.143,7999,7999,6106,5134,3642,7999,7999,7999,7999
101,2022,254,1100,0,1.903,4.288,11.69,16.78,28.37,6.196,7999,7999,6099,5110,3754,7999,7999,7999,7999
101,2022,254,1200,0,1.925,4.294,11.68,16.76,28.36,6.256,7999,7999,6091,5098,3884,7999,7999,7999,7999
101,2022,254,1300,0,1.94,4.306,11.68,16.76,28.36,6.324,7999,7999,6091,5086,4027,7999,7999,7999,7999
101,2022,254,1400,0,1.949,4.315,11.68,16.76,28.34,6.381,7999,7999,6091,5080,4119,7999,7999,7999,7999
101,2022,254,1500,0,1.936,4.315,11.68,16.75,28.33,6.404,7999,7999,6084,5080,4119,7999,7999,7999,7999
101,2022,254,1600,0,1.923,4.312,11.68,16.75,28.32,6.404,7999,7999,6077,5080,4088,7999,7999,7999,7999
101,2022,254,1700,0,1.914,4.315,11.69,16.74,28.32,6.404,7999,7999,6077,5086,4027,7999,7999,7999,7999
101,2022,254,1800,0,1.901,4.312,11.69,16.74,28.32,6.393,7999,7999,6077,5086,3972,7999,7999,7999,7999
101,2022,254,1900,0,1.888,4.309,11.7,16.74,28.31,6.374,7999,7999,6070,5092,3913,7999,7999,7999,7999
101,2022,254,2000,0,1.879,4.306,11.7,16.74,28.31,6.354,7999,7999,6070,5098,3864,7999,7999,7999,7999
101,2022,254,2100,0,1.869,4.303,11.71,16.73,28.31,6.339,7999,7999,6063,5104,3821,7999,7999,7999,7999
101,2022,254,2200,0,1.862,4.303,11.71,16.72,28.3,6.316,7999,7999,6063,5110,3783,7999,7999,7999,7999
101,2022,254,2300,0,1.853,4.297,11.72,16.72,28.3,6.301,7999,7999,6063,5110,3759,7999,7999,7999,7999
101,2022,255,000,0,1.846,4.294,11.72,16.72,28.3,6.282,7999,7999,6063,5110,3721,7999,7999,7999,7999
101,2022,255,100,0,1.84,4.291,11.73,16.72,28.3,6.263,7999,7999,6063,5116,3698,7999,7999,7999,7999
101,2022,255,200,0,1.837,4.285,11.73,16.72,28.29,6.248,7999,7999,6063,5122,3679,7999,7999,7999,7999
101,2022,255,300,0,1.837,4.285,11.73,16.71,28.29,6.237,7999,7999,6055,5116,3661,7999,7999,7999,7999
101,2022,255,400,0,1.835,4.285,11.73,16.71,28.28,6.226,7999,7999,6055,5122,3647,7999,7999,7999,7999
101,2022,255,500,0,1.833,4.282,11.73,16.71,28.28,6.214,7999,7999,6055,5122,3637,7999,7999,7999,7999
101,2022,255,600,0,1.835,4.279,11.73,16.7,28.27,6.207,7999,7999,6055,5128,3624,7999,7999,7999,7999
101,2022,255,700,0,1.837,4.282,11.73,16.7,28.27,6.199,7999,7999,6055,5128,3619,7999,7999,7999,7999
101,2022,255,800,0,1.837,4.276,11.73,16.7,28.27,6.196,7999,7999,6055,5128,3619,7999,7999,7999,7999
101,2022,255,900,0,1.857,4.282,11.74,16.7,28.27,6.199,7999,7999,6055,5140,3628,7999,7999,7999,7999
101,2022,255,1000,0,1.869,4.288,11.73,16.7,28.25,6.199,7999,7999,6048,5128,3637,7999,7999,7999,7999
101,2022,255,1100,0,1.884,4.288,11.71,16.7,28.25,6.211,7999,7999,6055,5104,3688,7999,7999,7999,7999
101,2022,255,1200,0,1.905,4.291,11.7,16.69,28.26,6.241,7999,7999,6048,5086,3754,7999,7999,7999,7999
101,2022,255,1300,0,1.925,4.297,11.69,16.69,28.27,6.279,7999,7999,6048,5074,3840,7999,7999,7999,7999
101,2022,255,1400,0,1.938,4.303,11.69,16.68,28.24,6.32,7999,7999,6041,5068,3899,7999,7999,7999,7999
101,2022,255,1500,0,1.946,4.303,11.69,16.68,28.24,6.347,7999,7999,6041,5057,3928,7999,7999,7999,7999
101,2022,255,1600,0,1.936,4.306,11.69,16.68,28.23,6.366,7999,7999,6041,5057,3928,7999,7999,7999,7999
101,2022,255,1700,0,1.933,4.306,11.69,16.68,28.23,6.37,7999,7999,6034,5057,3923,7999,7999,7999,7999
101,2022,255,1800,0,1.919,4.303,11.7,16.68,28.23,6.366,7999,7999,6041,5062,3899,7999,7999,7999,7999
101,2022,255,1900,0,1.903,4.297,11.7,16.67,28.23,6.351,7999,7999,6034,5068,3860,7999,7999,7999,7999
101,2022,255,2000,0,1.886,4.294,11.7,16.67,28.23,6.328,7999,7999,6034,5074,3807,7999,7999,7999,7999
101,2022,255,2100,0,1.871,4.282,11.7,16.66,28.23,6.297,7999,7999,6034,5080,3740,7999,7999,7999,7999
101,2022,255,2200,0,1.857,4.273,11.7,16.66,28.23,6.263,7999,7999,6034,5080,3679,7999,7999,7999,7999
101,2022,255,2300,0,1.844,4.267,11.7,16.66,28.23,6.233,7999,7999,6020,5086,3633,7999,7999,7999,7999
101,2022,256,000,0,1.837,4.261,11.7,16.66,28.23,6.207,7999,7999,6020,5086,3601,7999,7999,7999,7999
101,2022,256,100,0,1.829,4.255,11.7,16.66,28.23,6.181,7999,7999,6013,5092,3569,7999,7999,7999,7999
101,2022,256,200,0,1.824,4.255,11.7,16.65,28.22,6.162,7999,7999,6006,5092,3546,7999,7999,7999,7999
101,2022,256,300,0,1.824,4.252,11.69,16.64,28.22,6.143,7999,7999,6013,5086,3528,7999,7999,7999,7999
101,2022,256,400,0,1.82,4.249,11.69,16.64,28.21,6.125,7999,7999,6006,5092,3510,7999,7999,7999,7999
101,2022,256,500,0,1.818,4.249,11.69,16.63,28.21,6.11,7999,7999,6006,5092,3497,7999,7999,7999,7999
101,2022,256,600,0,1.82,4.243,11.69,16.64,28.2,6.099,7999,7999,6006,5098,3492,7999,7999,7999,7999
101,2022,256,700,0,1.822,4.249,11.69,16.63,28.19,6.091,7999,7999,5999,5098,3492,7999,7999,7999,7999
101,2022,256,800,0,1.835,4.261,11.68,16.62,28.18,6.088,7999,7999,5999,5092,3515,7999,7999,7999,7999
101,2022,256,900,0,1.857,4.267,11.68,16.63,28.17,6.095,7999,7999,5999,5086,3555,7999,7999,7999,7999
101,2022,256,1000,0,1.879,4.273,11.66,16.63,28.18,6.117,7999,7999,5999,5074,3628,7999,7999,7999,7999
101,2022,256,1100,0,1.906,4.276,11.65,16.62,28.18,6.158,7999,7999,5999,5062,3721,7999,7999,7999,7999
101,2022,256,1200,0,1.929,4.285,11.64,16.62,28.18,6.211,7999,7999,5999,5045,3821,7999,7999,7999,7999
101,2022,256,1300,0,1.944,4.291,11.63,16.62,28.18,6.267,7999,7999,6006,5033,3953,7999,7999,7999,7999
101,2022,256,1400,0,1.961,4.297,11.63,16.61,28.17,6.32,7999,7999,5999,5027,4052,7999,7999,7999,7999
101,2022,256,1500,0,1.961,4.3,11.63,16.61,28.16,6.351,7999,7999,5991,5021,4088,7999,7999,7999,7999
101,2022,256,1600,0,1.946,4.3,11.63,16.6,28.15,6.366,7999,7999,5991,5021,4042,7999,7999,7999,7999
101,2022,256,1700,0,1.923,4.297,11.64,16.59,28.15,6.366,7999,7999,5991,5021,3987,7999,7999,7999,7999
101,2022,256,1800,0,1.905,4.291,11.64,16.59,28.15,6.358,7999,7999,5991,5033,3928,7999,7999,7999,7999
101,2022,256,1900,0,1.89,4.285,11.65,16.59,28.15,6.335,7999,7999,5991,5033,3879,7999,7999,7999,7999
101,2022,256,2000,0,1.877,4.285,11.65,16.58,28.15,6.313,7999,7999,5984,5039,3826,7999,7999,7999,7999
101,2022,256,2100,0,1.866,4.282,11.65,16.58,28.15,6.286,7999,7999,5984,5045,3783,7999,7999,7999,7999
101,2022,256,2200,0,1.858,4.276,11.65,16.58,28.14,6.263,7999,7999,5984,5051,3745,7999,7999,7999,7999
101,2022,256,2300,0,1.857,4.273,11.65,16.58,28.14,6.245,7999,7999,5984,5051,3702,7999,7999,7999,7999
101,2022,257,000,0,1.849,4.27,11.65,16.57,28.14,6.222,7999,7999,5984,5057,3675,7999,7999,7999,7999
101,2022,257,100,0,1.844,4.264,11.65,16.57,28.14,6.203,7999,7999,5977,5062,3651,7999,7999,7999,7999
101,2022,257,200,0,1.84,4.261,11.65,16.57,28.13,6.184,7999,7999,5977,5062,3624,7999,7999,7999,7999
101,2022,257,300,0,1.837,4.261,11.65,16.57,28.13,6.169,7999,7999,5970,5062,3605,7999,7999,7999,7999
101,2022,257,400,0,1.833,4.255,11.65,16.57,28.13,6.155,7999,7999,5970,5068,3583,7999,7999,7999,7999
101,2022,257,500,0,1.826,4.249,11.65,16.55,28.13,6.132,7999,7999,5963,5068,3555,7999,7999,7999,7999
101,2022,257,600,0,1.824,4.24,11.64,16.57,28.13,6.114,7999,7999,5963,5074,3524,7999,7999,7999,7999
101,2022,257,700,0,1.822,4.246,11.64,16.55,28.11,6.099,7999,7999,5956,5068,3515,7999,7999,7999,7999
101,2022,257,800,0,1.84,4.258,11.63,16.55,28.1,6.091,7999,7999,5956,5062,3546,7999,7999,7999,7999
101,2022,257,900,0,1.858,4.264,11.63,16.55,28.1,6.099,7999,7999,5956,5057,3587,7999,7999,7999,7999
101,2022,257,1000,0,1.888,4.27,11.62,16.55,28.1,6.117,7999,7999,5963,5045,3656,7999,7999,7999,7999
101,2022,257,1100,0,1.912,4.276,11.61,16.54,28.1,6.158,7999,7999,5956,5033,3750,7999,7999,7999,7999
101,2022,257,1200,0,1.933,4.282,11.6,16.54,28.11,6.203,7999,7999,5956,5021,3840,7999,7999,7999,7999
101,2022,257,1300,0,1.944,4.288,11.6,16.54,28.09,6.252,7999,7999,5949,5015,3933,7999,7999,7999,7999
101,2022,257,1400,0,1.949,4.294,11.6,16.53,28.09,6.29,7999,7999,5956,5004,3992,7999,7999,7999,7999
101,2022,257,1500,0,1.946,4.294,11.59,16.53,28.08,6.32,7999,7999,5949,5004,4012,7999,7999,7999,7999
101,2022,257,1600,0,1.944,4.294,11.59,16.52,28.07,6.339,7999,7999,5949,4998,3997,7999,7999,7999,7999
101,2022,257,1700,0,1.929,4.294,11.6,16.51,28.07,6.347,7999,7999,5949,5004,3977,7999,7999,7999,7999
101,2022,257,1800,0,1.912,4.291,11.6,16.51,28.07,6.343,7999,7999,5942,5010,3938,7999,7999,7999,7999
101,2022,257,1900,0,1.903,4.288,11.61,16.51,28.08,6.324,7999,7999,5949,5010,3889,7999,7999,7999,7999
101,2022,257,2000,0,1.873,4.285,11.61,16.51,28.07,6.305,7999,7999,5942,5015,3840,7999,7999,7999,7999
101,2022,257,2100,0,1.864,4.282,11.61,16.5,28.07,6.282,7999,7999,5942,5021,3797,7999,7999,7999,7999
101,2022,257,2200,0,1.857,4.279,11.61,16.5,28.07,6.26,7999,7999,5942,5021,3764,7999,7999,7999,7999
101,2022,257,2300,0,1.857,4.273,11.61,16.5,28.07,6.241,7999,7999,5942,5027,3731,7999,7999,7999,7999
101,2022,258,000,0,1.849,4.273,11.61,16.49,28.07,6.218,7999,7999,5935,5027,3702,7999,7999,7999,7999
101,2022,258,100,0,1.844,4.27,11.61,16.49,28.07,6.207,7999,7999,5935,5033,3679,7999,7999,7999,7999
101,2022,258,200,0,1.842,4.264,11.61,16.49,28.06,6.188,7999,7999,5935,5033,3656,7999,7999,7999,7999
101,2022,258,300,0,1.835,4.264,11.61,16.49,28.06,6.169,7999,7999,5935,5039,3633,7999,7999,7999,7999
101,2022,258,400,0,1.835,4.261,11.61,16.48,28.05,6.158,7999,7999,5928,5039,3619,7999,7999,7999,7999
101,2022,258,500,0,1.829,4.255,11.61,16.48,28.05,6.143,7999,7999,5928,5039,3591,7999,7999,7999,7999
101,2022,258,600,0,1.824,4.252,11.6,16.48,28.05,6.125,7999,7999,5921,5039,3560,7999,7999,7999,7999
101,2022,258,700,0,1.824,4.255,11.6,16.47,28.03,6.114,7999,7999,5921,5039,3555,7999,7999,7999,7999
101,2022,258,800,0,1.833,4.261,11.59,16.47,28.03,6.106,7999,7999,5921,5039,3578,7999,7999,7999,7999
101,2022,258,900,0,1.849,4.273,11.59,16.47,28.02,6.11,7999,7999,5921,5027,3614,7999,7999,7999,7999
101,2022,258,1000,0,1.873,4.273,11.58,16.47,28.03,6.128,7999,7999,5921,5015,3679,7999,7999,7999,7999
101,2022,258,1100,0,1.895,4.282,11.57,16.47,28.03,6.158,7999,7999,5921,5004,3754,7999,7999,7999,7999
101,2022,258,1200,0,1.914,4.285,11.56,16.46,28.02,6.203,7999,7999,5914,4998,3835,7999,7999,7999,7999
101,2022,258,1300,0,1.927,4.291,11.56,16.46,28.01,6.245,7999,7999,5921,4992,3913,7999,7999,7999,7999
101,2022,258,1400,0,1.936,4.3,11.56,16.45,28,6.286,7999,7999,5914,4980,3972,7999,7999,7999,7999
101,2022,258,1500,0,1.946,4.303,11.56,16.45,28,6.324,7999,7999,5914,4974,4007,7999,7999,7999,7999
101,2022,258,1600,0,1.942,4.303,11.56,16.45,28,6.351,7999,7999,5907,4974,4007,7999,7999,7999,7999
101,2022,258,1700,0,1.919,4.3,11.56,16.45,27.99,6.354,7999,7999,5907,4980,3977,7999,7999,7999,7999
101,2022,258,1800,0,1.893,4.294,11.56,16.44,27.99,6.347,7999,7999,5907,4986,3928,7999,7999,7999,7999
101,2022,258,1900,0,1.879,4.291,11.56,16.43,28,6.324,7999,7999,5907,4992,3879,7999,7999,7999,7999
101,2022,258,2000,0,1.855,4.288,11.57,16.43,28,6.297,7999,7999,5907,4992,3811,7999,7999,7999,7999
101,2022,258,2100,0,1.844,4.285,11.57,16.43,27.99,6.275,7999,7999,5900,4998,3778,7999,7999,7999,7999
101,2022,258,2200,0,1.838,4.285,11.57,16.43,27.98,6.256,7999,7999,5900,4998,3740,7999,7999,7999,7999
101,2022,258,2300,0,1.833,4.282,11.58,16.43,27.99,6.233,7999,7999,5900,5004,3717,7999,7999,7999,7999
101,2022,259,000,0,1.829,4.276,11.58,16.42,27.98,6.214,7999,7999,5900,5004,3684,7999,7999,7999,7999
101,2022,259,100,0,1.824,4.273,11.58,16.42,27.98,6.192,7999,7999,5893,5004,3661,7999,7999,7999,7999
101,2022,259,200,0,1.824,4.27,11.57,16.42,27.98,6.181,7999,7999,5900,5010,3642,7999,7999,7999,7999
101,2022,259,300,0,1.82,4.267,11.57,16.41,27.98,6.162,7999,7999,5893,5010,3619,7999,7999,7999,7999
101,2022,259,400,0,1.817,4.264,11.57,16.41,27.98,6.143,7999,7999,5893,5010,3601,7999,7999,7999,7999
101,2022,259,500,0,1.813,4.258,11.57,16.41,27.98,6.128,7999,7999,5893,5015,3573,7999,7999,7999,7999
101,2022,259,600,0,1.804,4.252,11.57,16.41,27.98,6.106,7999,7999,5886,5010,3542,7999,7999,7999,7999
101,2022,259,700,0,1.804,4.252,11.56,16.4,27.96,6.091,7999,7999,5879,5010,3528,7999,7999,7999,7999
101,2022,259,800,0,1.817,4.267,11.56,16.4,27.95,6.088,7999,7999,5879,5010,3555,7999,7999,7999,7999
101,2022,259,900,0,1.837,4.273,11.55,16.39,27.94,6.091,7999,7999,5879,5004,3596,7999,7999,7999,7999
101,2022,259,1000,0,1.857,4.279,11.55,16.39,27.94,6.114,7999,7999,5879,4992,3661,7999,7999,7999,7999
101,2022,259,1100,0,1.881,4.285,11.53,16.39,27.94,6.143,7999,7999,5879,4986,3745,7999,7999,7999,7999
101,2022,259,1200,0,1.903,4.288,11.53,16.39,27.94,6.188,7999,7999,5879,4974,3821,7999,7999,7999,7999
101,2022,259,1300,0,1.914,4.294,11.52,16.39,27.94,6.233,7999,7999,5872,4969,3913,7999,7999,7999,7999
101,2022,259,1400,0,1.921,4.3,11.52,16.38,27.93,6.275,7999,7999,5872,4963,3972,7999,7999,7999,7999
101,2022,259,1500,0,1.923,4.303,11.52,16.38,27.92,6.309,7999,7999,5872,4951,3987,7999,7999,7999,7999
101,2022,259,1600,0,1.916,4.306,11.52,16.37,27.92,6.324,7999,7999,5872,4951,3982,7999,7999,7999,7999
101,2022,259,1700,0,1.901,4.3,11.52,16.37,27.92,6.332,7999,7999,5865,4957,3953,7999,7999,7999,7999
101,2022,259,1800,0,1.882,4.294,11.52,16.37,27.92,6.324,7999,7999,5865,4963,3903,7999,7999,7999,7999
101,2022,259,1900,0,1.864,4.291,11.53,16.37,27.93,6.301,7999,7999,5865,4969,3840,7999,7999,7999,7999
101,2022,259,2000,0,1.849,4.285,11.53,16.37,27.93,6.271,7999,7999,5865,4969,3783,7999,7999,7999,7999
101,2022,259,2100,0,1.838,4.279,11.53,16.37,27.93,6.245,7999,7999,5865,4974,3731,7999,7999,7999,7999
101,2022,259,2200,0,1.842,4.273,11.53,16.36,27.93,6.214,7999,7999,5858,4974,3679,7999,7999,7999,7999
101,2022,259,2300,0,1.822,4.264,11.53,16.36,27.93,6.181,7999,7999,5851,4974,3628,7999,7999,7999,7999
101,2022,260,000,0,1.809,4.261,11.52,16.36,27.93,6.155,7999,7999,5837,4969,3587,7999,7999,7999,7999
101,2022,260,100,0,1.799,4.255,11.52,16.35,27.92,6.125,7999,7999,5830,4969,3551,7999,7999,7999,7999
101,2022,260,200,0,1.792,4.252,11.51,16.34,27.92,6.099,7999,7999,5830,4969,3528,7999,7999,7999,7999
101,2022,260,300,0,1.783,4.252,11.51,16.34,27.91,6.076,7999,7999,5816,4963,3492,7999,7999,7999,7999
101,2022,260,400,0,1.777,4.258,11.5,16.34,27.9,6.054,7999,7999,5816,4963,3470,7999,7999,7999,7999
101,2022,260,500,0,1.777,4.258,11.5,16.33,27.9,6.036,7999,7999,5809,4963,3452,7999,7999,7999,7999
101,2022,260,600,0,1.774,4.261,11.49,16.32,27.9,6.021,7999,7999,5802,4957,3439,7999,7999,7999,7999
101,2022,260,700,0,1.779,4.27,11.49,16.31,27.87,6.01,7999,7999,5802,4957,3444,7999,7999,7999,7999
101,2022,260,800,0,1.786,4.279,11.49,16.31,27.87,6.01,7999,7999,5802,4957,3461,7999,7999,7999,7999
101,2022,260,900,0,1.809,4.285,11.49,16.31,27.85,6.014,7999,7999,5809,4957,3497,7999,7999,7999,7999
101,2022,260,1000,0,1.837,4.294,11.48,16.31,27.85,6.039,7999,7999,5802,4957,3569,7999,7999,7999,7999
101,2022,260,1100,0,1.864,4.294,11.47,16.31,27.85,6.076,7999,7999,5802,4951,3661,7999,7999,7999,7999
101,2022,260,1200,0,1.882,4.303,11.46,16.31,27.85,6.125,7999,7999,5802,4945,3754,7999,7999,7999,7999
101,2022,260,1300,0,1.91,4.306,11.46,16.3,27.84,6.181,7999,7999,5802,4939,3874,7999,7999,7999,7999
101,2022,260,1400,0,1.916,4.315,11.46,16.29,27.84,6.23,7999,7999,5802,4934,4007,7999,7999,7999,7999
101,2022,260,1500,0,1.916,4.321,11.46,16.29,27.84,6.286,7999,7999,5809,4928,4180,7999,7999,7999,7999
101,2022,260,1600,0,1.914,4.315,11.46,16.29,27.84,6.324,7999,7999,5802,4934,4078,7999,7999,7999,7999
101,2022,260,1700,0,1.974,4.333,11.5,16.3,27.84,6.339,7999,7999,5802,4957,4002,7999,7999,7999,7999
101,2022,260,1800,0,2.026,4.336,11.52,16.3,27.84,6.309,7999,7999,5802,4969,3933,7999,7999,7999,7999
101,2022,260,1900,0,4.903,4.397,11.61,16.34,27.99,6.374,7999,7999,5809,5027,4222,7999,7999,7999,7999
101,2022,260,2000,0,6.442,4.391,11.62,16.33,27.97,6.419,7999,7999,5802,5027,4978,7999,7999,7999,7999
101,2022,260,2100,0,6.869,4.391,11.63,16.33,27.95,6.435,7999,7999,5802,5027,5810,7999,7999,7999,7999
101,2022,260,2200,0,7.054,4.397,11.63,16.33,27.94,6.446,7999,7999,5802,5027,6587,7999,7999,7999,7999
101,2022,260,2300,0,7.127,4.4,11.63,16.31,27.94,6.458,7999,7999,5796,5033,7298,7999,7999,7999,7999
101,2022,261,000,0,7.703,4.415,11.64,16.32,27.95,6.481,7999,7999,5796,5039,7999,7999,7999,7999,7999
101,2022,261,100,0,7.729,4.434,11.64,16.32,27.95,6.496,7999,7999,5796,5033,7999,7999,7999,7999,7999
101,2022,261,200,0,7.733,4.468,11.64,16.31,27.94,6.508,7999,7999,5796,5033,7999,7999,7999,7999,7999
101,2022,261,300,0,7.78,4.517,11.64,16.31,27.94,6.523,7999,7999,5789,5039,7999,7999,7999,7999,7999
101,2022,261,400,0,7.763,4.561,11.64,16.31,27.94,6.539,7999,7999,5789,5039,7999,7999,7999,7999,7999
101,2022,261,500,0,7.746,4.602,11.64,16.31,27.93,6.55,7999,7999,5789,5039,7999,7999,7999,7999,7999
101,2022,261,600,0,7.724,4.642,11.64,16.31,27.92,6.562,7999,7999,5789,5039,7999,7999,7999,7999,7999
101,2022,261,700,0,7.707,4.684,11.64,16.31,27.91,6.574,7999,7999,5789,5039,7999,7999,7999,7999,7999
101,2022,261,800,0,7.686,4.728,11.63,16.3,27.91,6.585,7999,7999,5782,5039,7999,7999,7999,7999,7999
101,2022,261,900,0,7.665,4.77,11.63,16.3,27.9,6.601,7999,7999,5789,5033,7999,7999,7999,7999,7999
101,2022,261,1000,0,7.635,4.815,11.63,16.29,27.9,6.62,7999,7999,5782,5033,7999,7999,7999,7999,7999
101,2022,261,1100,0,7.609,4.86,11.63,16.29,27.9,6.644,7999,7999,5782,5039,7999,7999,7999,7999,7999
101,2022,261,1200,0,7.576,4.903,11.62,16.29,27.89,6.667,7999,7999,5775,5039,7999,7999,7999,7999,7999
101,2022,261,1300,0,7.533,4.952,11.62,16.29,27.87,6.695,7999,7999,5775,5033,7999,7999,7999,7999,7999
101,2022,261,1400,0,7.466,4.994,11.62,16.29,27.87,6.734,7999,7999,5775,5033,7999,7999,7999,7999,7999
101,2022,261,1500,0,7.408,5.031,11.61,16.28,27.87,6.774,7999,7999,5775,5033,7999,7999,7999,7999,7999
101,2022,261,1600,0,7.366,5.064,11.61,16.28,27.87,6.805,7999,7999,5775,5027,7999,7999,7999,7999,7999
101,2022,261,1700,0,7.308,5.094,11.61,16.27,27.87,6.829,7999,7999,5768,5027,7999,7999,7999,7999,7999
101,2022,261,1800,0,7.25,5.117,11.61,16.27,27.86,6.845,7999,7999,5768,5033,7999,7999,7999,7999,7999
101,2022,261,1900,0,7.201,5.137,11.61,16.27,27.85,6.849,7999,7999,5761,5033,7999,7999,7999,7999,7999
101,2022,261,2000,0,7.16,5.154,11.61,16.27,27.85,6.841,7999,7999,5768,5033,7999,7999,7999,7999,7999
101,2022,261,2100,0,7.127,5.168,11.61,16.27,27.86,6.829,7999,7999,5754,5033,7999,7999,7999,7999,7999
101,2022,261,2200,0,7.107,5.181,11.61,16.27,27.86,6.813,7999,7999,5754,5033,7999,7999,7999,7999,7999
101,2022,261,2300,0,7.082,5.195,11.6,16.26,27.85,6.797,7999,7999,5754,5027,7999,7999,7999,7999,7999
101,2022,262,000,0,7.062,5.205,11.59,16.26,27.85,6.786,7999,7999,5747,5033,7999,7999,7999,7999,7999
101,2022,262,100,0,7.042,5.218,11.59,16.25,27.84,6.77,7999,7999,5747,5033,7999,7999,7999,7999,7999
101,2022,262,200,0,7.026,5.225,11.59,16.25,27.84,6.758,7999,7999,5741,5033,7999,7999,7999,7999,7999
101,2022,262,300,0,7.009,5.235,11.58,16.24,27.84,6.75,7999,7999,5734,5027,7999,7999,7999,7999,7999
101,2022,262,400,0,6.997,5.249,11.58,16.24,27.83,6.742,7999,7999,5734,5027,7999,7999,7999,7999,7999
101,2022,262,500,0,6.973,5.262,11.57,16.24,27.82,6.734,7999,7999,5727,5021,7999,7999,7999,7999,7999
101,2022,262,600,0,6.957,5.269,11.57,16.24,27.82,6.73,7999,7999,5727,5027,7999,7999,7999,7999,7999
101,2022,262,700,0,6.969,5.283,11.56,16.23,27.8,6.726,7999,7999,5720,5021,7999,7999,7999,7999,7999
101,2022,262,800,0,7.009,5.303,11.56,16.23,27.8,6.73,7999,7999,5727,5021,7999,7999,7999,7999,7999
101,2022,262,900,0,7.034,5.32,11.56,16.23,27.8,6.742,7999,7999,5713,5021,7999,7999,7999,7999,7999
101,2022,262,1000,0,7.009,5.334,11.55,16.22,27.78,6.782,7999,7999,5713,5010,7999,7999,7999,7999,7999
101,2022,262,1100,0,6.973,5.344,11.53,16.21,27.77,6.833,7999,7999,5713,5004,7999,7999,7999,7999,7999
101,2022,262,1200,0,6.905,5.358,11.53,16.21,27.77,6.917,7999,7999,5706,5004,7999,7999,7999,7999,7999
101,2022,262,1300,0,6.813,5.369,11.52,16.21,27.76,7.005,7999,7999,5706,4992,7999,7999,7999,7999,7999
101,2022,262,1400,0,6.73,5.379,11.52,16.21,27.76,7.086,7999,7999,5706,4998,7999,7999,7999,7999,7999
101,2022,262,1500,0,6.636,5.393,11.52,16.19,27.75,7.147,7999,7999,5706,4998,7999,7999,7999,7999,7999
101,2022,262,1600,0,6.547,5.406,11.52,16.19,27.74,7.192,7999,7999,5706,4992,7999,7999,7999,7999,7999
101,2022,262,1700,0,6.462,5.42,11.53,16.19,27.74,7.221,7999,7999,5706,4992,7999,7999,7999,7999,7999
101,2022,262,1800,0,6.404,5.431,11.53,16.19,27.74,7.234,7999,7999,5700,4998,7999,7999,7999,7999,7999
101,2022,262,1900,0,6.347,5.438,11.54,16.19,27.74,7.246,7999,7999,5700,4998,7999,7999,7999,7999,7999
101,2022,262,2000,0,6.301,5.445,11.54,16.18,27.73,7.234,7999,7999,5700,4998,7999,7999,7999,7999,7999
101,2022,262,2100,0,6.263,5.448,11.55,16.17,27.73,7.217,7999,7999,5693,5004,7999,7999,7999,7999,7999
101,2022,262,2200,0,6.233,5.455,11.56,16.18,27.72,7.205,7999,7999,5693,5004,7999,7999,7999,7999,7999
101,2022,262,2300,0,6.203,5.455,11.56,16.17,27.72,7.192,7999,7999,5693,4998,7999,7999,7999,7999,7999
101,2022,263,000,0,6.173,5.455,11.56,16.17,27.71,7.176,7999,7999,5686,5004,7999,7999,7999,7999,7999
101,2022,263,100,0,6.143,5.459,11.56,16.17,27.71,7.16,7999,7999,5686,5004,7999,7999,7999,7999,7999
101,2022,263,200,0,6.121,5.455,11.56,16.17,27.71,7.147,7999,7999,5686,5004,7999,7999,7999,7999,7999
101,2022,263,300,0,6.095,5.455,11.56,16.17,27.71,7.131,7999,7999,5686,5004,7999,7999,7999,7999,7999
101,2022,263,400,0,6.073,5.455,11.56,16.16,27.71,7.119,7999,7999,5679,5004,7999,7999,7999,7999,7999
101,2022,263,500,0,6.054,5.455,11.56,16.16,27.7,7.111,7999,7999,5686,5004,7999,7999,7999,7999,7999
101,2022,263,600,0,6.036,5.455,11.56,16.16,27.69,7.103,7999,7999,5679,5004,7999,7999,7999,7999,7999
101,2022,263,700,0,6.014,5.455,11.56,16.16,27.69,7.099,7999,7999,5679,5004,7999,7999,7999,7999,7999
101,2022,263,800,0,5.988,5.455,11.55,16.16,27.68,7.094,7999,7999,5679,5004,7999,7999,7999,7999,7999
101,2022,263,900,0,5.955,5.448,11.55,16.15,27.68,7.09,7999,7999,5679,4998,7999,7999,7999,7999,7999
101,2022,263,1000,0,5.922,5.448,11.54,16.15,27.67,7.099,7999,7999,5679,4998,7999,7999,7999,7999,7999
101,2022,263,1100,0,5.882,5.448,11.53,16.15,27.66,7.107,7999,7999,5672,4992,7999,7999,7999,7999,7999
101,2022,263,1200,0,5.871,5.445,11.53,16.15,27.66,7.135,7999,7999,5672,4992,7999,7999,7999,7999,7999
101,2022,263,1300,0,5.845,5.441,11.53,16.15,27.65,7.172,7999,7999,5672,4980,7999,7999,7999,7999,7999
101,2022,263,1400,0,5.799,5.441,11.52,16.14,27.65,7.205,7999,7999,5672,4980,7999,7999,7999,7999,7999
101,2022,263,1500,0,5.77,5.441,11.52,16.14,27.65,7.246,7999,7999,5672,4974,7999,7999,7999,7999,7999
101,2022,263,1600,0,5.716,5.438,11.52,16.13,27.64,7.287,7999,7999,5672,4974,7999,7999,7999,7999,7999
101,2022,263,1700,0,5.648,5.438,11.52,16.13,27.64,7.308,7999,7999,5666,4974,7999,7999,7999,7999,7999
101,2022,263,1800,0,5.609,5.441,11.52,16.13,27.64,7.32,7999,7999,5666,4974,7999,7999,7999,7999,7999
101,2022,263,1900,0,5.567,5.441,11.52,16.13,27.64,7.32,7999,7999,5666,4980,7999,7999,7999,7999,7999
101,2022,263,2000,0,5.535,5.441,11.53,16.13,27.64,7.316,7999,7999,5666,4980,7999,7999,7999,7999,7999
101,2022,263,2100,0,5.507,5.445,11.53,16.13,27.63,7.304,7999,7999,5666,4980,7999,7999,7999,7999,7999
101,2022,263,2200,0,5.479,5.441,11.53,16.13,27.63,7.291,7999,7999,5659,4986,7999,7999,7999,7999,7999
101,2022,263,2300,0,5.452,5.441,11.53,16.12,27.63,7.275,7999,7999,5659,4980,7999,7999,7999,7999,7999
101,2022,264,000,0,5.438,5.441,11.53,16.12,27.63,7.262,7999,7999,5666,4986,7999,7999,7999,7999,7999
101,2022,264,100,0,5.417,5.441,11.53,16.11,27.62,7.254,7999,7999,5659,4980,7999,7999,7999,7999,7999
101,2022,264,200,0,5.396,5.434,11.52,16.12,27.63,7.246,7999,7999,5659,4980,7999,7999,7999,7999,7999
101,2022,264,300,0,5.375,5.431,11.53,16.11,27.62,7.229,7999,7999,5659,4980,7999,7999,7999,7999,7999
101,2022,264,400,0,5.362,5.431,11.53,16.11,27.62,7.217,7999,7999,5652,4986,7999,7999,7999,7999,7999
101,2022,264,500,0,5.348,5.431,11.52,16.11,27.61,7.205,7999,7999,5659,4986,7999,7999,7999,7999,7999
101,2022,264,600,0,5.338,5.427,11.52,16.11,27.61,7.192,7999,7999,5659,4986,7999,7999,7999,7999,7999
101,2022,264,700,0,5.327,5.424,11.52,16.11,27.61,7.184,7999,7999,5652,4986,7999,7999,7999,7999,7999
101,2022,264,800,0,5.324,5.42,11.52,16.11,27.6,7.184,7999,7999,5652,4980,7999,7999,7999,7999,7999
101,2022,264,900,0,5.31,5.417,11.51,16.11,27.6,7.188,7999,7999,5645,4980,7999,7999,7999,7999,7999
101,2022,264,1000,0,5.3,5.413,11.51,16.11,27.58,7.197,7999,7999,5652,4980,7999,7999,7999,7999,7999
101,2022,264,1100,0,5.286,5.41,11.51,16.1,27.58,7.213,7999,7999,5652,4980,7999,7999,7999,7999,7999
101,2022,264,1200,0,5.276,5.406,11.5,16.1,27.58,7.234,7999,7999,5645,4974,7999,7999,7999,7999,7999
101,2022,264,1300,0,5.269,5.4,11.51,16.1,27.58,7.262,7999,7999,5652,4980,7999,7999,7999,7999,7999
101,2022,264,1400,0,5.279,5.403,11.51,16.1,27.59,7.287,7999,7999,5652,4980,7999,7999,7999,7999,7999
101,2022,264,1500,0,5.273,5.406,11.51,16.09,27.58,7.295,7999,7999,5645,4980,7999,7999,7999,7999,7999
101,2022,264,1600,0,5.286,5.406,11.51,16.09,27.59,7.304,7999,7999,5645,4980,7999,7999,7999,7999,7999
101,2022,264,1700,0,5.286,5.406,11.51,16.09,27.58,7.304,7999,7999,5645,4980,7999,7999,7999,7999,7999
101,2022,264,1800,0,5.273,5.406,11.51,16.09,27.57,7.3,7999,7999,5645,4980,7999,7999,7999,7999,7999
101,2022,264,1900,0,5.266,5.406,11.51,16.09,27.57,7.291,7999,7999,5639,4980,7999,7999,7999,7999,7999
101,2022,264,2000,0,5.256,5.403,11.51,16.08,27.57,7.287,7999,7999,5639,4980,7999,7999,7999,7999,7999
101,2022,264,2100,0,5.249,5.4,11.51,16.09,27.57,7.283,7999,7999,5639,4980,7999,7999,7999,7999,7999
101,2022,264,2200,0,5.235,5.396,11.51,16.08,27.56,7.275,7999,7999,5632,4980,7999,7999,7999,7999,7999
101,2022,264,2300,0,5.222,5.396,11.51,16.08,27.56,7.275,7999,7999,5632,4980,7999,7999,7999,7999,7999
101,2022,265,000,0,5.31,5.4,11.52,16.09,27.58,7.271,7999,7999,5632,4986,7999,7999,7999,7999,7999
101,2022,265,100,0,5.424,5.403,11.53,16.08,27.58,7.275,7999,7999,5632,4986,7999,7999,7999,7999,7999
101,2022,265,200,0,5.462,5.403,11.53,16.09,27.57,7.271,7999,7999,5632,4986,7999,7999,7999,7999,7999
101,2022,265,300,0,5.483,5.4,11.53,16.08,27.57,7.262,7999,7999,5632,4986,7999,7999,7999,7999,7999
101,2022,265,400,0,5.493,5.4,11.53,16.08,27.57,7.262,7999,7999,5632,4986,7999,7999,7999,7999,7999
101,2022,265,500,0,5.493,5.396,11.52,16.08,27.56,7.258,7999,7999,5625,4986,7999,7999,7999,7999,7999
101,2022,265,600,0,5.49,5.396,11.52,16.08,27.56,7.254,7999,7999,5625,4986,7999,7999,7999,7999,7999
101,2022,265,700,0,5.49,5.396,11.52,16.08,27.55,7.25,7999,7999,5625,4980,7999,7999,7999,7999,7999
101,2022,265,800,0,5.486,5.393,11.52,16.07,27.54,7.254,7999,7999,5625,4980,7999,7999,7999,7999,7999
101,2022,265,900,0,5.483,5.393,11.51,16.07,27.54,7.254,7999,7999,5618,4974,7999,7999,7999,7999,7999
101,2022,265,1000,0,5.472,5.389,11.51,16.07,27.54,7.275,7999,7999,5618,4974,7999,7999,7999,7999,7999
101,2022,265,1100,0,5.465,5.382,11.51,16.06,27.54,7.295,7999,7999,5618,4963,7999,7999,7999,7999,7999
101,2022,265,1200,0,5.434,5.375,11.5,16.06,27.52,7.337,7999,7999,5618,4957,7999,7999,7999,7999,7999
101,2022,265,1300,0,5.386,5.375,11.5,16.05,27.52,7.383,7999,7999,5618,4957,7999,7999,7999,7999,7999
101,2022,265,1400,0,5.341,5.369,11.5,16.05,27.51,7.428,7999,7999,5612,4957,7999,7999,7999,7999,7999
101,2022,265,1500,0,5.3,5.369,11.5,16.05,27.51,7.479,7999,7999,5612,4957,7999,7999,7999,7999,7999
101,2022,265,1600,0,5.262,5.365,11.5,16.05,27.51,7.521,7999,7999,5612,4951,7999,7999,7999,7999,7999
101,2022,265,1700,0,5.228,5.365,11.51,16.05,27.5,7.55,7999,7999,5618,4951,7999,7999,7999,7999,7999
101,2022,265,1800,0,5.188,5.365,11.51,16.05,27.5,7.559,7999,7999,5612,4957,7999,7999,7999,7999,7999
101,2022,265,1900,0,5.151,5.369,11.51,16.05,27.5,7.554,7999,7999,5612,4951,7999,7999,7999,7999,7999
101,2022,265,2000,0,5.114,5.369,11.51,16.04,27.5,7.529,7999,7999,5612,4957,7999,7999,7999,7999,7999
101,2022,265,2100,0,5.091,5.369,11.52,16.03,27.5,7.508,7999,7999,5612,4957,7999,7999,7999,7999,7999
101,2022,265,2200,0,5.077,5.365,11.52,16.03,27.5,7.487,7999,7999,5612,4957,7999,7999,7999,7999,7999
101,2022,265,2300,0,5.057,5.362,11.53,16.03,27.49,7.466,7999,7999,5612,4957,7999,7999,7999,7999,7999
101,2022,266,000,0,5.044,5.358,11.53,16.04,27.48,7.445,7999,7999,5612,4957,7999,7999,7999,7999,7999
101,2022,266,100,0,5.027,5.355,11.53,16.04,27.5,7.424,7999,7999,5612,4957,7999,7999,7999,7999,7999
101,2022,266,200,0,5.011,5.351,11.53,16.03,27.49,7.408,7999,7999,5605,4963,7999,7999,7999,7999,7999
101,2022,266,300,0,4.994,5.348,11.53,16.03,27.48,7.383,7999,7999,5605,4963,7999,7999,7999,7999,7999
101,2022,266,400,0,4.978,5.344,11.53,16.03,27.48,7.362,7999,7999,5605,4957,7999,7999,7999,7999,7999
101,2022,266,500,0,4.968,5.341,11.53,16.03,27.47,7.349,7999,7999,5605,4957,7999,7999,7999,7999,7999
101,2022,266,600,0,4.952,5.334,11.52,16.03,27.49,7.333,7999,7999,5605,4957,7999,7999,7999,7999,7999
101,2022,266,700,0,4.942,5.331,11.52,16.03,27.46,7.316,7999,7999,5605,4963,7999,7999,7999,7999,7999
101,2022,266,800,0,4.945,5.327,11.52,16.03,27.46,7.304,7999,7999,5605,4957,7999,7999,7999,7999,7999
101,2022,266,900,0,4.965,5.317,11.51,16.03,27.46,7.3,7999,7999,5605,4939,7999,7999,7999,7999,7999
101,2022,266,1000,0,4.984,5.296,11.5,16.03,27.46,7.324,7999,7999,5605,4934,7999,7999,7999,7999,7999
101,2022,266,1100,0,5.021,5.286,11.49,16.03,27.47,7.378,7999,7999,5612,4922,7999,7999,7999,7999,7999
101,2022,266,1200,0,5.054,5.279,11.49,16.03,27.47,7.449,7999,7999,5612,4922,7999,7999,7999,7999,7999
101,2022,266,1300,0,5.077,5.279,11.49,16.02,27.46,7.554,7999,7999,5605,4916,7999,7999,7999,7999,7999
101,2022,266,1400,0,5.087,5.283,11.49,16.01,27.45,7.669,7999,7999,5605,4905,7999,7999,7999,7999,7999
101,2022,266,1500,0,5.077,5.286,11.5,16.01,27.45,7.759,7999,7999,5605,4905,7999,7999,7999,7999,7999
101,2022,266,1600,0,5.054,5.29,11.51,16.01,27.44,7.819,7999,7999,5612,4905,7999,7999,7999,7999,7999
101,2022,266,1700,0,5.017,5.29,11.51,16.01,27.44,7.853,7999,7999,5612,4905,7999,7999,7999,7999,7999
101,2022,266,1800,0,4.971,5.293,11.53,16.01,27.44,7.862,7999,7999,5605,4905,7999,7999,7999,7999,7999
101,2022,266,1900,0,4.935,5.296,11.54,16.01,27.44,7.849,7999,7999,5605,4916,7999,7999,7999,7999,7999
101,2022,266,2000,0,4.903,5.293,11.55,16.01,27.44,7.819,7999,7999,5612,4916,7999,7999,7999,7999,7999
101,2022,266,2100,0,4.873,5.293,11.55,16.01,27.44,7.776,7999,7999,5605,4922,7999,7999,7999,7999,7999
101,2022,266,2200,0,4.847,5.286,11.56,16.01,27.44,7.742,7999,7999,5605,4922,7999,7999,7999,7999,7999
101,2022,266,2300,0,4.828,5.283,11.56,16.01,27.44,7.703,7999,7999,5612,4922,7999,7999,7999,7999,7999
101,2022,267,000,0,4.808,5.276,11.56,16.01,27.44,7.665,7999,7999,5605,4928,7999,7999,7999,7999,7999
101,2022,267,100,0,4.792,5.273,11.56,16.01,27.44,7.626,7999,7999,5605,4928,7999,7999,7999,7999,7999
101,2022,267,200,0,4.776,5.269,11.56,16.01,27.44,7.597,7999,7999,5598,4928,7999,7999,7999,7999,7999
101,2022,267,300,0,4.76,5.266,11.56,16.01,27.44,7.567,7999,7999,5598,4928,7999,7999,7999,7999,7999
101,2022,267,400,0,4.747,5.262,11.56,16.01,27.44,7.538,7999,7999,5598,4928,7999,7999,7999,7999,7999
101,2022,267,500,0,4.735,5.259,11.56,16.01,27.44,7.508,7999,7999,5598,4928,7999,7999,7999,7999,7999
101,2022,267,600,0,4.719,5.256,11.55,16.01,27.44,7.479,7999,7999,5598,4934,7999,7999,7999,7999,7999
101,2022,267,700,0,4.715,5.259,11.56,16,27.41,7.462,7999,7999,5598,4934,7999,7999,7999,7999,7999
101,2022,267,800,0,4.731,5.259,11.56,16.01,27.4,7.441,7999,7999,5605,4928,7999,7999,7999,7999,7999
101,2022,267,900,0,4.77,5.249,11.55,16.01,27.41,7.437,7999,7999,5605,4916,7999,7999,7999,7999,7999
101,2022,267,1000,0,4.818,5.232,11.53,16.01,27.41,7.462,7999,7999,5605,4911,7999,7999,7999,7999,7999
101,2022,267,1100,0,4.85,5.218,11.52,16,27.41,7.512,7999,7999,5612,4905,7999,7999,7999,7999,7999
101,2022,267,1200,0,4.883,5.212,11.52,16,27.41,7.588,7999,7999,5605,4899,7999,7999,7999,7999,7999
101,2022,267,1300,0,4.903,5.212,11.52,16,27.41,7.69,7999,7999,5605,4888,7999,7999,7999,7999,7999
101,2022,267,1400,0,4.912,5.212,11.52,15.99,27.41,7.806,7999,7999,5612,4882,7999,7999,7999,7999,7999
101,2022,267,1500,0,4.903,5.218,11.53,15.99,27.4,7.901,7999,7999,5612,4882,7999,7999,7999,7999,7999
101,2022,267,1600,0,4.886,5.225,11.55,15.99,27.4,7.988,7999,7999,5612,4882,7999,7999,7999,7999,7999
101,2022,267,1700,0,4.847,5.225,11.56,15.99,27.39,8.01,7999,7999,5612,4876,7999,7999,7999,7999,7999
101,2022,267,1800,0,4.802,5.225,11.57,15.99,27.4,7.984,7999,7999,5618,4882,7999,7999,7999,7999,7999
101,2022,267,1900,0,4.757,5.222,11.58,15.99,27.39,7.953,7999,7999,5618,4888,7999,7999,7999,7999,7999
101,2022,267,2000,0,4.728,5.222,11.59,15.99,27.38,7.918,7999,7999,5618,4893,7999,7999,7999,7999,7999
101,2022,267,2100,0,4.703,5.222,11.59,15.99,27.39,7.879,7999,7999,5625,4893,7999,7999,7999,7999,7999
101,2022,267,2200,0,4.677,5.215,11.61,15.99,27.38,7.836,7999,7999,5618,4899,7999,7999,7999,7999,7999
101,2022,267,2300,0,4.661,5.212,11.61,15.99,27.39,7.802,7999,7999,5625,4899,7999,7999,7999,7999,7999
101,2022,268,000,0,4.642,5.201,11.61,15.99,27.39,7.767,7999,7999,5618,4905,7999,7999,7999,7999,7999
101,2022,268,100,0,4.627,5.198,11.61,15.99,27.38,7.729,7999,7999,5625,4905,7999,7999,7999,7999,7999
101,2022,268,200,0,4.611,5.191,11.61,15.99,27.38,7.699,7999,7999,5625,4905,7999,7999,7999,7999,7999
101,2022,268,300,0,4.598,5.184,11.61,16,27.39,7.669,7999,7999,5625,4905,7999,7999,7999,7999,7999
101,2022,268,400,0,4.583,5.181,11.61,16,27.39,7.639,7999,7999,5618,4911,7999,7999,7999,7999,7999
101,2022,268,500,0,4.57,5.178,11.6,16,27.38,7.609,7999,7999,5625,4911,7999,7999,7999,7999,7999
101,2022,268,600,0,4.555,5.174,11.59,16,27.38,7.584,7999,7999,5625,4911,7999,7999,7999,7999,7999
101,2022,268,700,0,4.548,5.178,11.6,15.99,27.36,7.563,7999,7999,5618,4916,7999,7999,7999,7999,7999
101,2022,268,800,0,4.564,5.178,11.59,16,27.35,7.546,7999,7999,5625,4911,7999,7999,7999,7999,7999
101,2022,268,900,0,4.595,5.164,11.58,16,27.36,7.533,7999,7999,5632,4899,7999,7999,7999,7999,7999
101,2022,268,1000,0,4.62,5.151,11.57,15.99,27.37,7.554,7999,7999,5632,4893,7999,7999,7999,7999,7999
101,2022,268,1100,0,4.655,5.141,11.57,16,27.36,7.601,7999,7999,5632,4882,7999,7999,7999,7999,7999
101,2022,268,1200,0,4.68,5.134,11.56,15.99,27.38,7.669,7999,7999,5639,4882,7999,7999,7999,7999,7999
101,2022,268,1300,0,4.703,5.137,11.56,15.99,27.37,7.759,7999,7999,5639,4871,7999,7999,7999,7999,7999
101,2022,268,1400,0,4.712,5.141,11.56,15.98,27.36,7.862,7999,7999,5639,4865,7999,7999,7999,7999,7999
101,2022,268,1500,0,4.712,5.147,11.57,15.98,27.36,7.957,7999,7999,5645,4865,7999,7999,7999,7999,7999
101,2022,268,1600,0,4.684,5.151,11.58,15.97,27.35,8.02,7999,7999,5645,4865,7999,7999,7999,7999,7999
101,2022,268,1700,0,4.639,5.151,11.59,15.97,27.34,8.03,7999,7999,5645,4865,7999,7999,7999,7999,7999
101,2022,268,1800,0,4.605,5.154,11.61,15.97,27.34,8,7999,7999,5645,4871,7999,7999,7999,7999,7999
101,2022,268,1900,0,4.564,5.151,11.62,15.98,27.35,7.975,7999,7999,5652,4876,7999,7999,7999,7999,7999
101,2022,268,2000,0,4.545,5.151,11.62,15.98,27.34,7.944,7999,7999,5645,4882,7999,7999,7999,7999,7999
101,2022,268,2100,0,4.52,5.151,11.63,15.98,27.35,7.91,7999,7999,5645,4882,7999,7999,7999,7999,7999
101,2022,268,2200,0,4.502,5.144,11.63,15.98,27.35,7.871,7999,7999,5652,4882,7999,7999,7999,7999,7999
101,2022,268,2300,0,4.486,5.137,11.64,15.98,27.35,7.832,7999,7999,5652,4882,7999,7999,7999,7999,7999
101,2022,269,000,0,4.474,5.134,11.64,15.98,27.34,7.797,7999,7999,5652,4893,7999,7999,7999,7999,7999
101,2022,269,100,0,4.458,5.127,11.64,15.98,27.34,7.767,7999,7999,5659,4893,7999,7999,7999,7999,7999
101,2022,269,200,0,4.443,5.124,11.64,15.99,27.34,7.733,7999,7999,5652,4893,7999,7999,7999,7999,7999
101,2022,269,300,0,4.431,5.117,11.64,15.99,27.34,7.699,7999,7999,5652,4893,7999,7999,7999,7999,7999
101,2022,269,400,0,4.421,5.107,11.64,15.99,27.34,7.673,7999,7999,5659,4899,7999,7999,7999,7999,7999
101,2022,269,500,0,4.409,5.101,11.63,15.99,27.34,7.643,7999,7999,5659,4893,7999,7999,7999,7999,7999
101,2022,269,600,0,4.4,5.094,11.63,15.99,27.34,7.614,7999,7999,5659,4899,7999,7999,7999,7999,7999
101,2022,269,700,0,4.394,5.094,11.63,15.99,27.33,7.592,7999,7999,5659,4905,7999,7999,7999,7999,7999
101,2022,269,800,0,4.412,5.101,11.63,15.99,27.33,7.571,7999,7999,5666,4893,7999,7999,7999,7999,7999
101,2022,269,900,0,4.443,5.094,11.62,15.99,27.33,7.559,7999,7999,5659,4888,7999,7999,7999,7999,7999
101,2022,269,1000,0,4.468,5.081,11.6,15.98,27.33,7.576,7999,7999,5666,4882,7999,7999,7999,7999,7999
101,2022,269,1100,0,4.499,5.074,11.59,15.99,27.34,7.614,7999,7999,5672,4876,7999,7999,7999,7999,7999
101,2022,269,1200,0,4.517,5.071,11.58,15.98,27.34,7.682,7999,7999,5672,4871,7999,7999,7999,7999,7999
101,2022,269,1300,0,4.533,5.074,11.58,15.98,27.34,7.763,7999,7999,5672,4859,7999,7999,7999,7999,7999
101,2022,269,1400,0,4.533,5.077,11.58,15.97,27.34,7.866,7999,7999,5672,4853,7999,7999,7999,7999,7999
101,2022,269,1500,0,4.533,5.091,11.6,15.97,27.33,7.953,7999,7999,5679,4853,7999,7999,7999,7999,7999
101,2022,269,1600,0,4.508,5.094,11.61,15.97,27.33,8.02,7999,7999,5679,4853,7999,7999,7999,7999,7999
101,2022,269,1700,0,4.471,5.094,11.62,15.97,27.32,8.03,7999,7999,5679,4853,7999,7999,7999,7999,7999
101,2022,269,1800,0,4.431,5.097,11.63,15.97,27.32,8.01,7999,7999,5679,4859,7999,7999,7999,7999,7999
101,2022,269,1900,0,4.397,5.101,11.64,15.97,27.32,7.984,7999,7999,5679,4865,7999,7999,7999,7999,7999
101,2022,269,2000,0,4.373,5.097,11.65,15.97,27.31,7.953,7999,7999,5686,4865,7999,7999,7999,7999,7999
101,2022,269,2100,0,4.354,5.094,11.65,15.97,27.32,7.91,7999,7999,5686,4871,7999,7999,7999,7999,7999
101,2022,269,2200,0,4.342,5.091,11.66,15.97,27.32,7.875,7999,7999,5693,4876,7999,7999,7999,7999,7999
101,2022,269,2300,0,4.327,5.087,11.67,15.97,27.31,7.84,7999,7999,5686,4876,7999,7999,7999,7999,7999
101,2022,270,000,0,4.312,5.081,11.67,15.97,27.31,7.802,7999,7999,5693,4876,7999,7999,7999,7999,7999
101,2022,270,100,0,4.303,5.071,11.67,15.97,27.31,7.767,7999,7999,5693,4882,7999,7999,7999,7999,7999
101,2022,270,200,0,4.291,5.064,11.67,15.97,27.31,7.733,7999,7999,5686,4888,7999,7999,7999,7999,7999
101,2022,270,300,0,4.282,5.057,11.67,15.97,27.31,7.703,7999,7999,5693,4882,7999,7999,7999,7999,7999
101,2022,270,400,0,4.273,5.051,11.66,15.97,27.31,7.669,7999,7999,5693,4882,7999,7999,7999,7999,7999
101,2022,270,500,0,4.264,5.047,11.65,15.98,27.31,7.639,7999,7999,5693,4888,7999,7999,7999,7999,7999
101,2022,270,600,0,4.255,5.041,11.65,15.97,27.31,7.614,7999,7999,5693,4893,7999,7999,7999,7999,7999
101,2022,270,700,0,4.252,5.041,11.65,15.97,27.29,7.592,7999,7999,5693,4893,7999,7999,7999,7999,7999
101,2022,270,800,0,4.27,5.047,11.65,15.97,27.3,7.567,7999,7999,5693,4888,7999,7999,7999,7999,7999
101,2022,270,900,0,4.3,5.037,11.63,15.98,27.31,7.554,7999,7999,5700,4876,7999,7999,7999,7999,7999
101,2022,270,1000,0,4.318,5.027,11.62,15.98,27.31,7.567,7999,7999,5706,4876,7999,7999,7999,7999,7999
101,2022,270,1100,0,4.333,5.021,11.62,15.97,27.31,7.601,7999,7999,5706,4871,7999,7999,7999,7999,7999
101,2022,270,1200,0,4.33,5.021,11.61,15.97,27.32,7.635,7999,7999,5700,4853,7999,7999,7999,7999,7999
101,2022,270,1300,0,4.33,5.021,11.61,15.97,27.31,7.703,7999,7999,5700,4853,7999,7999,7999,7999,7999
101,2022,270,1400,0,4.318,5.027,11.61,15.97,27.31,7.784,7999,7999,5700,4848,7999,7999,7999,7999,7999
101,2022,270,1500,0,4.297,5.037,11.62,15.96,27.3,7.845,7999,7999,5700,4848,7999,7999,7999,7999,7999
101,2022,270,1600,0,4.258,5.044,11.63,15.96,27.29,7.879,7999,7999,5700,4848,7999,7999,7999,7999,7999
101,2022,270,1700,0,4.21,5.047,11.63,15.96,27.28,7.892,7999,7999,5700,4853,7999,7999,7999,7999,7999
101,2022,270,1800,0,4.171,5.047,11.65,15.96,27.29,7.892,7999,7999,5706,4859,7999,7999,7999,7999,7999
101,2022,270,1900,0,4.136,5.051,11.65,15.96,27.29,7.879,7999,7999,5700,4865,7999,7999,7999,7999,7999
101,2022,270,2000,0,4.127,5.051,11.66,15.97,27.28,7.849,7999,7999,5706,4871,7999,7999,7999,7999,7999
101,2022,270,2100,0,4.112,5.047,11.67,15.96,27.28,7.823,7999,7999,5706,4871,7999,7999,7999,7999,7999
101,2022,270,2200,0,4.095,5.047,11.68,15.97,27.28,7.793,7999,7999,5713,4882,7999,7999,7999,7999,7999
101,2022,270,2300,0,4.08,5.047,11.68,15.96,27.28,7.767,7999,7999,5706,4888,7999,7999,7999,7999,7999
101,2022,271,000,0,4.077,5.041,11.68,15.97,27.28,7.737,7999,7999,5713,4888,7999,7999,7999,7999,7999
101,2022,271,100,0,4.071,5.034,11.68,15.97,27.28,7.707,7999,7999,5713,4888,7999,7999,7999,7999,7999
101,2022,271,200,0,4.06,5.027,11.69,15.97,27.28,7.682,7999,7999,5720,4888,7999,7999,7999,7999,7999
101,2022,271,300,0,4.051,5.021,11.68,15.97,27.28,7.652,7999,7999,5713,4893,7999,7999,7999,7999,7999
101,2022,271,400,0,4.048,5.014,11.68,15.97,27.28,7.626,7999,7999,5720,4899,7999,7999,7999,7999,7999
101,2022,271,500,0,4.036,5.017,11.68,15.97,27.28,7.605,7999,7999,5727,4899,7999,7999,7999,7999,7999
101,2022,271,600,0,4.025,5.011,11.69,15.97,27.28,7.584,7999,7999,5720,4899,7999,7999,7999,7999,7999
101,2022,271,700,0,4.016,5.011,11.68,15.97,27.27,7.567,7999,7999,5727,4899,7999,7999,7999,7999,7999
101,2022,271,800,0,4.007,5.004,11.68,15.97,27.28,7.554,7999,7999,5727,4905,7999,7999,7999,7999,7999
101,2022,271,900,0,3.999,5.001,11.68,15.97,27.27,7.542,7999,7999,5734,4905,7999,7999,7999,7999,7999
101,2022,271,1000,0,3.987,4.998,11.68,15.97,27.26,7.529,7999,7999,5734,4905,7999,7999,7999,7999,7999
101,2022,271,1100,0,3.987,4.998,11.67,15.97,27.26,7.525,7999,7999,5734,4905,7999,7999,7999,7999,7999
101,2022,271,1200,0,3.978,4.994,11.67,15.97,27.26,7.529,7999,7999,5741,4899,7999,7999,7999,7999,7999
101,2022,271,1300,0,3.95,4.988,11.66,15.97,27.25,7.546,7999,7999,5741,4899,7999,7999,7999,7999,7999
101,2022,271,1400,0,3.935,4.988,11.65,15.97,27.26,7.563,7999,7999,5741,4893,7999,7999,7999,7999,7999
101,2022,271,1500,0,3.904,4.988,11.65,15.97,27.25,7.584,7999,7999,5747,4893,7999,7999,7999,7999,7999
101,2022,271,1600,0,3.893,4.988,11.65,15.97,27.26,7.597,7999,7999,5741,4893,7999,7999,7999,7999,7999
101,2022,271,1700,0,3.89,4.988,11.65,15.97,27.26,7.597,7999,7999,5747,4899,7999,7999,7999,7999,7999
101,2022,271,1800,0,3.873,4.988,11.65,15.97,27.26,7.597,7999,7999,5747,4905,7999,7999,7999,7999,7999
101,2022,271,1900,0,3.859,4.984,11.65,15.96,27.26,7.584,7999,7999,5747,4905,7999,7999,7999,7999,7999
101,2022,271,2000,0,3.847,4.981,11.66,15.96,27.26,7.563,7999,7999,5747,4905,7999,7999,7999,7999,7999
101,2022,271,2100,0,3.842,4.981,11.66,15.96,27.26,7.538,7999,7999,5754,4911,7999,7999,7999,7999,7999
101,2022,271,2200,0,3.833,4.978,11.66,15.95,27.25,7.516,7999,7999,5754,4911,7999,7999,7999,7999,7999
101,2022,271,2300,0,3.827,4.975,11.66,15.95,27.25,7.495,7999,7999,5747,4916,7999,7999,7999,7999,7999
101,2022,272,000,0,3.822,4.971,11.66,15.96,27.25,7.479,7999,7999,5754,4916,7999,7999,7999,7999,7999
101,2022,272,100,0,3.822,4.968,11.66,15.96,27.26,7.458,7999,7999,5754,4916,7999,7999,7999,7999,7999
101,2022,272,200,0,3.822,4.965,11.65,15.95,27.25,7.441,7999,7999,5754,4922,7999,7999,7999,7999,7999
101,2022,272,300,0,3.816,4.965,11.65,15.96,27.25,7.424,7999,7999,5761,4922,7999,7999,7999,7999,7999
101,2022,272,400,0,3.813,4.961,11.65,15.96,27.24,7.412,7999,7999,5761,4922,7999,7999,7999,7999,7999
101,2022,272,500,0,3.811,4.958,11.65,15.96,27.25,7.395,7999,7999,5754,4922,7999,7999,7999,7999,7999
101,2022,272,600,0,3.811,4.955,11.65,15.95,27.25,7.387,7999,7999,5761,4928,7999,7999,7999,7999,7999
101,2022,272,700,0,3.805,4.952,11.65,15.96,27.24,7.374,7999,7999,5761,4928,7999,7999,7999,7999,7999
101,2022,272,800,0,3.805,4.952,11.64,15.96,27.24,7.362,7999,7999,5761,4928,7999,7999,7999,7999,7999
101,2022,272,900,0,3.808,4.952,11.64,15.96,27.24,7.358,7999,7999,5768,4928,7999,7999,7999,7999,7999
101,2022,272,1000,0,3.808,4.952,11.63,15.96,27.24,7.358,7999,7999,5768,4928,7999,7999,7999,7999,7999
101,2022,272,1100,0,3.811,4.952,11.63,15.95,27.24,7.358,7999,7999,5768,4928,7999,7999,7999,7999,7999
101,2022,272,1200,0,3.811,4.952,11.63,15.95,27.24,7.366,7999,7999,5768,4928,7999,7999,7999,7999,7999
101,2022,272,1300,0,3.808,4.952,11.63,15.95,27.23,7.378,7999,7999,5768,4928,7999,7999,7999,7999,7999
101,2022,272,1400,0,3.805,4.955,11.63,15.95,27.23,7.391,7999,7999,5761,4922,7999,7999,7999,7999,7999
101,2022,272,1500,0,3.788,4.958,11.62,15.95,27.23,7.42,7999,7999,5768,4922,7999,7999,7999,7999,7999
101,2022,272,1600,0,3.766,4.952,11.62,15.95,27.23,7.437,7999,7999,5768,4928,7999,7999,7999,7999,7999
101,2022,272,1700,0,3.755,4.952,11.62,15.95,27.23,7.445,7999,7999,5768,4928,7999,7999,7999,7999,7999
101,2022,272,1800,0,3.741,4.952,11.62,15.95,27.24,7.437,7999,7999,5768,4928,7999,7999,7999,7999,7999
101,2022,272,1900,0,3.741,4.952,11.62,15.94,27.23,7.428,7999,7999,5761,4928,7999,7999,7999,7999,7999
101,2022,272,2000,0,3.741,4.952,11.63,15.95,27.23,7.408,7999,7999,5761,4934,7999,7999,7999,7999,7999
101,2022,272,2100,0,3.735,4.942,11.62,15.94,27.24,7.383,7999,7999,5768,4934,7999,7999,7999,7999,7999
101,2022,272,2200,0,3.733,4.938,11.62,15.95,27.24,7.362,7999,7999,5761,4934,7999,7999,7999,7999,7999
101,2022,272,2300,0,3.73,4.932,11.62,15.95,27.24,7.333,7999,7999,5754,4934,7999,7999,7999,7999,7999
101,2022,273,000,0,3.733,4.932,11.62,15.95,27.24,7.312,7999,7999,5754,4934,7999,7999,7999,7999,7999
101,2022,273,100,0,3.73,4.922,11.61,15.95,27.24,7.291,7999,7999,5747,4928,7999,7999,7999,7999,7999
101,2022,273,200,0,3.727,4.919,11.61,15.94,27.24,7.266,7999,7999,5747,4934,7999,7999,7999,7999,7999
101,2022,273,300,0,3.73,4.919,11.6,15.93,27.24,7.246,7999,7999,5741,4928,7999,7999,7999,7999,7999
101,2022,273,400,0,3.727,4.919,11.59,15.93,27.24,7.229,7999,7999,5734,4922,7999,7999,7999,7999,7999
101,2022,273,500,0,3.727,4.919,11.58,15.93,27.24,7.213,7999,7999,5734,4922,7999,7999,7999,7999,7999
101,2022,273,600,0,3.724,4.916,11.58,15.93,27.23,7.192,7999,7999,5727,4922,7993,7999,7999,7999,7999
101,2022,273,700,0,3.724,4.919,11.57,15.92,27.21,7.184,7999,7999,5727,4922,7975,7999,7999,7999,7999
101,2022,273,800,0,3.752,4.935,11.58,15.92,27.19,7.176,7999,7999,5727,4928,7993,7999,7999,7999,7999
101,2022,273,900,0,3.785,4.938,11.57,15.92,27.18,7.164,7999,7999,5727,4916,7999,7999,7999,7999,7999
101,2022,273,1000,0,3.808,4.932,11.56,15.92,27.19,7.168,7999,7999,5727,4911,7999,7999,7999,7999,7999
101,2022,273,1100,0,3.842,4.932,11.55,15.92,27.18,7.201,7999,7999,5734,4905,7999,7999,7999,7999,7999
101,2022,273,1200,0,3.864,4.932,11.54,15.91,27.19,7.246,7999,7999,5727,4899,7999,7999,7999,7999,7999
101,2022,273,1300,0,3.881,4.938,11.55,15.9,27.19,7.312,7999,7999,5727,4899,7999,7999,7999,7999,7999
101,2022,273,1400,0,3.861,4.942,11.55,15.9,27.18,7.383,7999,7999,5727,4893,7999,7999,7999,7999,7999
101,2022,273,1500,0,3.847,4.952,11.55,15.9,27.18,7.454,7999,7999,5734,4893,7999,7999,7999,7999,7999
101,2022,273,1600,0,3.833,4.955,11.56,15.9,27.18,7.516,7999,7999,5734,4899,7999,7999,7999,7999,7999
101,2022,273,1700,0,3.805,4.955,11.56,15.89,27.17,7.55,7999,7999,5734,4893,7999,7999,7999,7999,7999
101,2022,273,1800,0,3.783,4.955,11.57,15.9,27.18,7.525,7999,7999,5727,4893,7999,7999,7999,7999,7999
101,2022,273,1900,0,3.766,4.955,11.57,15.89,27.18,7.483,7999,7999,5734,4899,7999,7999,7999,7999,7999
101,2022,273,2000,0,3.752,4.952,11.58,15.9,27.18,7.449,7999,7999,5727,4899,7999,7999,7999,7999,7999
101,2022,273,2100,0,3.746,4.952,11.58,15.89,27.18,7.42,7999,7999,5720,4905,7999,7999,7999,7999,7999
101,2022,273,2200,0,3.741,4.952,11.59,15.89,27.17,7.391,7999,7999,5727,4905,7999,7999,7999,7999,7999
101,2022,273,2300,0,3.735,4.952,11.59,15.88,27.17,7.362,7999,7999,5727,4905,7999,7999,7999,7999,7999
101,2022,274,000,0,3.727,4.945,11.59,15.88,27.17,7.333,7999,7999,5727,4911,7999,7999,7999,7999,7999
101,2022,274,100,0,3.719,4.938,11.59,15.9,27.18,7.304,7999,7999,5727,4905,7999,7999,7999,7999,7999
101,2022,274,200,0,3.716,4.935,11.59,15.88,27.17,7.283,7999,7999,5720,4911,7999,7999,7999,7999,7999
101,2022,274,300,0,3.71,4.929,11.59,15.89,27.17,7.262,7999,7999,5720,4911,7993,7999,7999,7999,7999
101,2022,274,400,0,3.705,4.922,11.59,15.89,27.17,7.238,7999,7999,5727,4916,7931,7999,7999,7999,7999
101,2022,274,500,0,3.702,4.919,11.59,15.89,27.18,7.213,7999,7999,5720,4911,7869,7999,7999,7999,7999
101,2022,274,600,0,3.699,4.912,11.58,15.89,27.17,7.192,7999,7999,5713,4911,7834,7999,7999,7999,7999
101,2022,274,700,0,3.699,4.912,11.58,15.88,27.15,7.176,7999,7999,5720,4916,7799,7999,7999,7999,7999
101,2022,274,800,0,3.719,4.919,11.58,15.88,27.15,7.164,7999,7999,5720,4911,7799,7999,7999,7999,7999
101,2022,274,900,0,3.735,4.922,11.58,15.89,27.14,7.152,7999,7999,5713,4911,7843,7999,7999,7999,7999
101,2022,274,1000,0,3.741,4.919,11.57,15.88,27.14,7.156,7999,7999,5720,4899,7922,7999,7999,7999,7999
101,2022,274,1100,0,3.76,4.919,11.56,15.88,27.15,7.176,7999,7999,5713,4893,7999,7999,7999,7999,7999
101,2022,274,1200,0,3.777,4.919,11.56,15.88,27.15,7.221,7999,7999,5720,4893,7999,7999,7999,7999,7999
101,2022,274,1300,0,3.783,4.922,11.56,15.88,27.14,7.283,7999,7999,5720,4882,7999,7999,7999,7999,7999
101,2022,274,1400,0,3.788,4.929,11.56,15.88,27.15,7.358,7999,7999,5727,4882,7999,7999,7999,7999,7999
101,2022,274,1500,0,3.774,4.932,11.56,15.87,27.14,7.433,7999,7999,5727,4888,7999,7999,7999,7999,7999
101,2022,274,1600,0,3.76,4.942,11.56,15.87,27.14,7.487,7999,7999,5727,4882,7999,7999,7999,7999,7999
101,2022,274,1700,0,3.735,4.942,11.57,15.86,27.13,7.491,7999,7999,5720,4882,7999,7999,7999,7999,7999
101,2022,274,1800,0,3.71,4.942,11.58,15.86,27.14,7.458,7999,7999,5720,4888,7999,7999,7999,7999,7999
101,2022,274,1900,0,3.691,4.942,11.58,15.86,27.13,7.433,7999,7999,5727,4888,7999,7999,7999,7999,7999
101,2022,274,2000,0,3.683,4.942,11.58,15.86,27.13,7.408,7999,7999,5727,4888,7999,7999,7999,7999,7999
101,2022,274,2100,0,3.672,4.935,11.59,15.86,27.13,7.378,7999,7999,5727,4893,7999,7999,7999,7999,7999
101,2022,274,2200,0,3.669,4.932,11.59,15.86,27.14,7.345,7999,7999,5727,4893,7999,7999,7999,7999,7999
101,2022,274,2300,0,3.664,4.929,11.61,15.86,27.14,7.312,7999,7999,5720,4893,7931,7999,7999,7999,7999
101,2022,275,000,0,3.661,4.922,11.6,15.86,27.14,7.279,7999,7999,5720,4893,7851,7999,7999,7999,7999
101,2022,275,100,0,3.658,4.916,11.6,15.86,27.14,7.25,7999,7999,5720,4893,7782,7999,7999,7999,7999
101,2022,275,200,0,3.655,4.912,11.59,15.86,27.13,7.221,7999,7999,5720,4893,7730,7999,7999,7999,7999
101,2022,275,300,0,3.653,4.906,11.59,15.86,27.14,7.197,7999,7999,5713,4893,7686,7999,7999,7999,7999
101,2022,275,400,0,3.653,4.903,11.59,15.86,27.13,7.176,7999,7999,5713,4893,7643,7999,7999,7999,7999
101,2022,275,500,0,3.65,4.899,11.59,15.86,27.12,7.156,7999,7999,5720,4893,7609,7999,7999,7999,7999
101,2022,275,600,0,3.65,4.893,11.58,15.86,27.13,7.135,7999,7999,5713,4888,7566,7999,7999,7999,7999
101,2022,275,700,0,3.65,4.893,11.58,15.85,27.1,7.119,7999,7999,5713,4899,7550,7999,7999,7999,7999
101,2022,275,800,0,3.677,4.906,11.58,15.86,27.09,7.107,7999,7999,5713,4893,7558,7999,7999,7999,7999
101,2022,275,900,0,3.705,4.912,11.57,15.86,27.09,7.094,7999,7999,5720,4888,7609,7999,7999,7999,7999
101,2022,275,1000,0,3.713,4.906,11.56,15.86,27.09,7.103,7999,7999,5720,4882,7712,7999,7999,7999,7999
101,2022,275,1100,0,3.733,4.903,11.55,15.85,27.1,7.135,7999,7999,5720,4876,7869,7999,7999,7999,7999
101,2022,275,1200,0,3.749,4.906,11.54,15.85,27.1,7.18,7999,7999,5720,4871,7999,7999,7999,7999,7999
101,2022,275,1300,0,3.758,4.909,11.53,15.85,27.1,7.246,7999,7999,5720,4859,7999,7999,7999,7999,7999
101,2022,275,1400,0,3.752,4.919,11.54,15.84,27.09,7.324,7999,7999,5720,4865,7999,7999,7999,7999,7999
101,2022,275,1500,0,3.73,4.929,11.55,15.84,27.08,7.403,7999,7999,5727,4859,7999,7999,7999,7999,7999
101,2022,275,1600,0,3.716,4.932,11.56,15.83,27.08,7.466,7999,7999,5727,4859,7999,7999,7999,7999,7999
101,2022,275,1700,0,3.688,4.935,11.56,15.83,27.08,7.495,7999,7999,5727,4865,7999,7999,7999,7999,7999
101,2022,275,1800,0,3.658,4.932,11.57,15.84,27.08,7.458,7999,7999,5734,4865,7999,7999,7999,7999,7999
101,2022,275,1900,0,3.633,4.929,11.58,15.84,27.08,7.408,7999,7999,5734,4865,7999,7999,7999,7999,7999
101,2022,275,2000,0,3.623,4.925,11.58,15.84,27.08,7.362,7999,7999,5727,4865,7922,7999,7999,7999,7999
101,2022,275,2100,0,3.617,4.919,11.59,15.83,27.08,7.324,7999,7999,5727,4865,7808,7999,7999,7999,7999
101,2022,275,2200,0,3.614,4.919,11.59,15.84,27.08,7.295,7999,7999,5734,4853,7704,7999,7999,7999,7999
101,2022,275,2300,0,3.612,4.912,11.59,15.83,27.08,7.262,7999,7999,5734,4848,7626,7999,7999,7999,7999
101,2022,276,000,0,3.612,4.909,11.6,15.83,27.08,7.225,7999,7999,5734,4853,7550,7999,7999,7999,7999
101,2022,276,100,0,3.609,4.906,11.6,15.84,27.08,7.192,7999,7999,5734,4853,7490,7999,7999,7999,7999
101,2022,276,200,0,3.606,4.896,11.6,15.84,27.08,7.164,7999,7999,5734,4859,7432,7999,7999,7999,7999
101,2022,276,300,0,3.604,4.893,11.6,15.84,27.08,7.139,7999,7999,5734,4859,7381,7999,7999,7999,7999
101,2022,276,400,0,3.601,4.889,11.59,15.83,27.08,7.115,7999,7999,5734,4859,7340,7999,7999,7999,7999
101,2022,276,500,0,3.601,4.883,11.58,15.84,27.08,7.09,7999,7999,5734,4853,7298,7999,7999,7999,7999
101,2022,276,600,0,3.601,4.883,11.58,15.84,27.08,7.07,7999,7999,5734,4853,7265,7999,7999,7999,7999
101,2022,276,700,0,3.601,4.883,11.58,15.82,27.05,7.058,7999,7999,5734,4859,7249,7999,7999,7999,7999
101,2022,276,800,0,3.623,4.893,11.58,15.83,27.05,7.05,7999,7999,5734,4865,7265,7999,7999,7999,7999
101,2022,276,900,0,3.65,4.893,11.58,15.84,27.05,7.038,7999,7999,5741,4853,7323,7999,7999,7999,7999
101,2022,276,1000,0,3.655,4.886,11.56,15.83,27.05,7.054,7999,7999,5741,4848,7423,7999,7999,7999,7999
101,2022,276,1100,0,3.677,4.883,11.55,15.82,27.06,7.09,7999,7999,5741,4842,7575,7999,7999,7999,7999
101,2022,276,1200,0,3.691,4.886,11.53,15.82,27.07,7.147,7999,7999,5747,4836,7756,7999,7999,7999,7999
101,2022,276,1300,0,3.688,4.893,11.53,15.82,27.05,7.217,7999,7999,5747,4831,7999,7999,7999,7999,7999
101,2022,276,1400,0,3.672,4.903,11.53,15.82,27.05,7.295,7999,7999,5747,4831,7999,7999,7999,7999,7999
101,2022,276,1500,0,3.658,4.916,11.54,15.81,27.05,7.366,7999,7999,5747,4825,7999,7999,7999,7999,7999
101,2022,276,1600,0,3.633,4.919,11.55,15.81,27.05,7.42,7999,7999,5747,4825,7999,7999,7999,7999,7999
101,2022,276,1700,0,3.604,4.922,11.56,15.8,27.04,7.454,7999,7999,5747,4825,7999,7999,7999,7999,7999
101,2022,276,1800,0,3.571,4.922,11.57,15.81,27.05,7.42,7999,7999,5754,4831,7999,7999,7999,7999,7999
101,2022,276,1900,0,3.547,4.919,11.58,15.81,27.05,7.37,7999,7999,5754,4831,7825,7999,7999,7999,7999
101,2022,276,2000,0,3.533,4.916,11.58,15.81,27.05,7.333,7999,7999,5754,4836,7652,7999,7999,7999,7999
101,2022,276,2100,0,3.531,4.916,11.59,15.8,27.04,7.291,7999,7999,5754,4836,7550,7999,7999,7999,7999
101,2022,276,2200,0,3.523,4.906,11.59,15.81,27.04,7.254,7999,7999,5754,4836,7457,7999,7999,7999,7999
101,2022,276,2300,0,3.52,4.903,11.6,15.81,27.04,7.217,7999,7999,5754,4842,7381,7999,7999,7999,7999
101,2022,277,000,0,3.517,4.896,11.61,15.81,27.04,7.184,7999,7999,5754,4842,7315,7999,7999,7999,7999
101,2022,277,100,0,3.515,4.893,11.6,15.81,27.05,7.147,7999,7999,5761,4842,7257,7999,7999,7999,7999
101,2022,277,200,0,3.515,4.886,11.6,15.81,27.04,7.123,7999,7999,5754,4842,7200,7999,7999,7999,7999
101,2022,277,300,0,3.517,4.88,11.6,15.81,27.04,7.09,7999,7999,5754,4848,7151,7999,7999,7999,7999
101,2022,277,400,0,3.515,4.876,11.59,15.81,27.04,7.066,7999,7999,5754,4842,7119,7999,7999,7999,7999
101,2022,277,500,0,3.512,4.87,11.59,15.82,27.04,7.046,7999,7999,5754,4848,7078,7999,7999,7999,7999
101,2022,277,600,0,3.512,4.87,11.58,15.82,27.04,7.022,7999,7999,5754,4848,7046,7999,7999,7999,7999
101,2022,277,700,0,3.512,4.863,11.58,15.81,27.02,7.005,7999,7999,5754,4848,7022,7999,7999,7999,7999
101,2022,277,800,0,3.533,4.876,11.58,15.81,27.02,6.993,7999,7999,5754,4853,7046,7999,7999,7999,7999
101,2022,277,900,0,3.566,4.88,11.57,15.81,27.01,6.985,7999,7999,5761,4842,7086,7999,7999,7999,7999
101,2022,277,1000,0,3.571,4.87,11.56,15.8,27.02,7.001,7999,7999,5761,4836,7184,7999,7999,7999,7999
101,2022,277,1100,0,3.582,4.87,11.54,15.8,27.02,7.038,7999,7999,5761,4831,7323,7999,7999,7999,7999
101,2022,277,1200,0,3.587,4.87,11.53,15.8,27.02,7.094,7999,7999,5768,4825,7516,7999,7999,7999,7999
101,2022,277,1300,0,3.579,4.876,11.53,15.8,27.02,7.164,7999,7999,5768,4819,7756,7999,7999,7999,7999
101,2022,277,1400,0,3.563,4.886,11.53,15.8,27.02,7.242,7999,7999,5768,4814,7999,7999,7999,7999,7999
101,2022,277,1500,0,3.544,4.896,11.53,15.79,27.02,7.312,7999,7999,5768,4814,7999,7999,7999,7999,7999
101,2022,277,1600,0,3.509,4.906,11.54,15.78,27,7.362,7999,7999,5768,4814,7999,7999,7999,7999,7999
101,2022,277,1700,0,3.48,4.906,11.56,15.78,27,7.387,7999,7999,5775,4814,7999,7999,7999,7999,7999
101,2022,277,1800,0,3.453,4.906,11.56,15.78,26.99,7.353,7999,7999,5768,4819,7860,7999,7999,7999,7999
101,2022,277,1900,0,3.43,4.903,11.57,15.78,26.99,7.316,7999,7999,5768,4819,7575,7999,7999,7999,7999
101,2022,277,2000,0,3.419,4.903,11.58,15.78,26.99,7.279,7999,7999,5775,4825,7389,7999,7999,7999,7999
101,2022,277,2100,0,3.414,4.896,11.58,15.78,26.99,7.242,7999,7999,5775,4825,7282,7999,7999,7999,7999
101,2022,277,2200,0,3.409,4.893,11.59,15.78,27,7.205,7999,7999,5775,4831,7192,7999,7999,7999,7999
101,2022,277,2300,0,3.406,4.886,11.59,15.78,26.99,7.164,7999,7999,5775,4831,7119,7999,7999,7999,7999
101,2022,278,000,0,3.406,4.883,11.59,15.78,26.99,7.135,7999,7999,5775,4831,7054,7999,7999,7999,7999
101,2022,278,100,0,3.403,4.876,11.59,15.78,27,7.103,7999,7999,5775,4836,6998,7999,7999,7999,7999
101,2022,278,200,0,3.406,4.87,11.59,15.79,26.99,7.074,7999,7999,5775,4836,6951,7999,7999,7999,7999
101,2022,278,300,0,3.406,4.867,11.59,15.79,26.99,7.05,7999,7999,5775,4842,6911,7999,7999,7999,7999
101,2022,278,400,0,3.406,4.86,11.59,15.79,27,7.022,7999,7999,5775,4842,6872,7999,7999,7999,7999
101,2022,278,500,0,3.409,4.857,11.58,15.79,27,6.997,7999,7999,5775,4842,6888,7999,7999,7999,7999
101,2022,278,600,0,3.409,4.85,11.58,15.79,26.99,6.977,7999,7999,5775,4836,6825,7999,7999,7999,7999
101,2022,278,700,0,3.409,4.85,11.58,15.78,26.97,6.961,7999,7999,5782,4842,6801,7999,7999,7999,7999
101,2022,278,800,0,3.43,4.86,11.58,15.79,26.97,6.949,7999,7999,5782,4842,6809,7999,7999,7999,7999
101,2022,278,900,0,3.445,4.86,11.56,15.79,26.97,6.945,7999,7999,5782,4836,6856,7999,7999,7999,7999
101,2022,278,1000,0,3.453,4.854,11.55,15.78,26.98,6.957,7999,7999,5782,4831,6959,7999,7999,7999,7999
101,2022,278,1100,0,3.467,4.857,11.53,15.78,26.98,6.993,7999,7999,5782,4825,7086,7999,7999,7999,7999
101,2022,278,1200,0,3.472,4.857,11.53,15.77,26.98,7.05,7999,7999,5789,4819,7249,7999,7999,7999,7999
101,2022,278,1300,0,3.461,4.86,11.52,15.77,26.98,7.119,7999,7999,5796,4808,7499,7999,7999,7999,7999
101,2022,278,1400,0,3.438,4.87,11.52,15.77,26.98,7.197,7999,7999,5789,4808,7773,7999,7999,7999,7999
101,2022,278,1500,0,3.422,4.883,11.53,15.76,26.97,7.262,7999,7999,5789,4808,7966,7999,7999,7999,7999
101,2022,278,1600,0,3.39,4.883,11.53,15.76,26.97,7.308,7999,7999,5789,4808,7790,7999,7999,7999,7999
101,2022,278,1700,0,3.361,4.886,11.54,15.76,26.96,7.312,7999,7999,5789,4808,7678,7999,7999,7999,7999
101,2022,278,1800,0,3.333,4.886,11.55,15.76,26.96,7.279,7999,7999,5796,4814,7541,7999,7999,7999,7999
101,2022,278,1900,0,3.312,4.883,11.56,15.76,26.96,7.246,7999,7999,5796,4814,7282,7999,7999,7999,7999
101,2022,278,2000,0,3.299,4.883,11.57,15.76,26.96,7.213,7999,7999,5796,4819,7135,7999,7999,7999,7999
101,2022,278,2100,0,3.294,4.88,11.58,15.76,26.96,7.176,7999,7999,5796,4825,7030,7999,7999,7999,7999
101,2022,278,2200,0,3.292,4.876,11.58,15.76,26.96,7.139,7999,7999,5796,4825,6959,7999,7999,7999,7999
101,2022,278,2300,0,3.286,4.87,11.58,15.76,26.96,7.107,7999,7999,5796,4831,6864,7999,7999,7999,7999
101,2022,279,000,0,3.286,4.86,11.58,15.76,26.96,7.078,7999,7999,5796,4831,6809,7999,7999,7999,7999
101,2022,279,100,0,3.284,4.854,11.58,15.76,26.96,7.046,7999,7999,5796,4831,6747,7999,7999,7999,7999
101,2022,279,200,0,3.284,4.847,11.58,15.76,26.96,7.017,7999,7999,5789,4831,6701,7999,7999,7999,7999
101,2022,279,300,0,3.286,4.844,11.58,15.76,26.96,6.993,7999,7999,5789,4836,6663,7999,7999,7999,7999
101,2022,279,400,0,3.289,4.838,11.58,15.76,26.96,6.965,7999,7999,5789,4831,6632,7999,7999,7999,7999
101,2022,279,500,0,3.292,4.834,11.57,15.76,26.96,6.945,7999,7999,5789,4836,6602,7999,7999,7999,7999
101,2022,279,600,0,3.294,4.831,11.57,15.76,26.96,6.925,7999,7999,5789,4831,6571,7999,7999,7999,7999
101,2022,279,700,0,3.294,4.828,11.57,15.76,26.95,6.909,7999,7999,5789,4836,6556,7999,7999,7999,7999
101,2022,279,800,0,3.317,4.841,11.56,15.76,26.94,6.893,7999,7999,5789,4836,6571,7999,7999,7999,7999
101,2022,279,900,0,3.335,4.844,11.56,15.76,26.93,6.889,7999,7999,5789,4825,6617,7999,7999,7999,7999
101,2022,279,1000,0,3.343,4.841,11.53,15.75,26.94,6.901,7999,7999,5796,4825,6701,7999,7999,7999,7999
101,2022,279,1100,0,3.356,4.841,11.52,15.74,26.94,6.937,7999,7999,5802,4819,6848,7999,7999,7999,7999
101,2022,279,1200,0,3.359,4.844,11.51,15.74,26.95,6.993,7999,7999,5802,4814,7022,7999,7999,7999,7999
101,2022,279,1300,0,3.351,4.847,11.51,15.74,26.95,7.058,7999,7999,5802,4808,7249,7999,7999,7999,7999
101,2022,279,1400,0,3.335,4.854,11.51,15.74,26.94,7.135,7999,7999,5802,4802,7516,7999,7999,7999,7999
101,2022,279,1500,0,3.312,4.86,11.52,15.73,26.93,7.197,7999,7999,5802,4802,7686,7999,7999,7999,7999
101,2022,279,1600,0,3.281,4.867,11.52,15.72,26.93,7.242,7999,7999,5802,4808,7465,7999,7999,7999,7999
101,2022,279,1700,0,3.248,4.87,11.53,15.72,26.92,7.238,7999,7999,5802,4808,7331,7999,7999,7999,7999
101,2022,279,1800,0,3.223,4.863,11.53,15.72,26.92,7.201,7999,7999,5802,4814,7127,7999,7999,7999,7999
101,2022,279,1900,0,3.207,4.863,11.54,15.72,26.92,7.168,7999,7999,5802,4814,6943,7999,7999,7999,7999
101,2022,279,2000,0,3.202,4.863,11.55,15.72,26.92,7.135,7999,7999,5802,4819,6856,7999,7999,7999,7999
101,2022,279,2100,0,3.195,4.86,11.55,15.72,26.92,7.103,7999,7999,5802,4814,6755,7999,7999,7999,7999
101,2022,279,2200,0,3.19,4.847,11.56,15.73,26.93,7.062,7999,7999,5802,4819,6663,7999,7999,7999,7999
101,2022,279,2300,0,3.19,4.847,11.56,15.72,26.92,7.03,7999,7999,5802,4825,6609,7999,7999,7999,7999
101,2022,280,000,0,3.195,4.838,11.56,15.72,26.93,6.993,7999,7999,5802,4825,6556,7999,7999,7999,7999
101,2022,280,100,0,3.195,4.834,11.56,15.72,26.93,6.965,7999,7999,5802,4825,6511,7999,7999,7999,7999
101,2022,280,200,0,3.197,4.831,11.55,15.72,26.92,6.937,7999,7999,5802,4825,6466,7999,7999,7999,7999
101,2022,280,300,0,3.2,4.828,11.56,15.72,26.92,6.917,7999,7999,5802,4831,6437,7999,7999,7999,7999
101,2022,280,400,0,3.2,4.821,11.55,15.72,26.92,6.897,7999,7999,5802,4831,6407,7999,7999,7999,7999
101,2022,280,500,0,3.202,4.815,11.55,15.72,26.92,6.873,7999,7999,5802,4831,6377,7999,7999,7999,7999
101,2022,280,600,0,3.202,4.815,11.55,15.72,26.92,6.853,7999,7999,5802,4831,6355,7999,7999,7999,7999
101,2022,280,700,0,3.205,4.815,11.54,15.72,26.89,6.841,7999,7999,5802,4831,6341,7999,7999,7999,7999
101,2022,280,800,0,3.225,4.825,11.53,15.72,26.89,6.829,7999,7999,5802,4836,6363,7999,7999,7999,7999
101,2022,280,900,0,3.243,4.825,11.53,15.72,26.89,6.825,7999,7999,5802,4825,6407,7999,7999,7999,7999
101,2022,280,1000,0,3.248,4.821,11.51,15.72,26.89,6.841,7999,7999,5809,4819,6496,7999,7999,7999,7999
101,2022,280,1100,0,3.258,4.821,11.5,15.72,26.9,6.877,7999,7999,5809,4819,6617,7999,7999,7999,7999
101,2022,280,1200,0,3.256,4.821,11.49,15.71,26.9,6.925,7999,7999,5809,4814,6763,7999,7999,7999,7999
101,2022,280,1300,0,3.248,4.828,11.49,15.71,26.89,6.989,7999,7999,5809,4808,6951,7999,7999,7999,7999
101,2022,280,1400,0,3.23,4.834,11.49,15.71,26.89,7.05,7999,7999,5816,4802,7184,7999,7999,7999,7999
101,2022,280,1500,0,3.21,4.838,11.49,15.7,26.89,7.107,7999,7999,5809,4808,7307,7999,7999,7999,7999
101,2022,280,1600,0,3.185,4.841,11.5,15.69,26.89,7.135,7999,7999,5816,4802,7143,7999,7999,7999,7999
101,2022,280,1700,0,3.157,4.844,11.5,15.69,26.88,7.127,7999,7999,5816,4808,7030,7999,7999,7999,7999
101,2022,280,1800,0,3.134,4.841,11.51,15.69,26.88,7.107,7999,7999,5816,4814,6856,7999,7999,7999,7999
101,2022,280,1900,0,3.114,4.841,11.51,15.69,26.89,7.086,7999,7999,5816,4814,6724,7999,7999,7999,7999
101,2022,280,2000,0,3.104,4.838,11.52,15.69,26.89,7.05,7999,7999,5816,4814,6602,7999,7999,7999,7999
101,2022,280,2100,0,3.099,4.831,11.52,15.69,26.89,7.022,7999,7999,5816,4814,6519,7999,7999,7999,7999
101,2022,280,2200,0,3.099,4.825,11.52,15.69,26.89,6.989,7999,7999,5816,4819,6451,7999,7999,7999,7999
101,2022,280,2300,0,3.099,4.821,11.52,15.69,26.89,6.953,7999,7999,5816,4825,6392,7999,7999,7999,7999
101,2022,281,000,0,3.099,4.818,11.52,15.69,26.88,6.921,7999,7999,5816,4819,6341,7999,7999,7999,7999
101,2022,281,100,0,3.102,4.812,11.52,15.69,26.89,6.893,7999,7999,5816,4819,6304,7999,7999,7999,7999
101,2022,281,200,0,3.102,4.802,11.52,15.69,26.89,6.869,7999,7999,5809,4825,6260,7999,7999,7999,7999
101,2022,281,300,0,3.107,4.802,11.52,15.69,26.89,6.845,7999,7999,5802,4825,6231,7999,7999,7999,7999
101,2022,281,400,0,3.109,4.799,11.51,15.69,26.89,6.821,7999,7999,5809,4825,6210,7999,7999,7999,7999
101,2022,281,500,0,3.114,4.796,11.51,15.69,26.88,6.797,7999,7999,5802,4825,6174,7999,7999,7999,7999
101,2022,281,600,0,3.117,4.792,11.51,15.69,26.88,6.778,7999,7999,5796,4825,6159,7999,7999,7999,7999
101,2022,281,700,0,3.119,4.789,11.5,15.68,26.86,6.762,7999,7999,5802,4825,6138,7999,7999,7999,7999
101,2022,281,800,0,3.139,4.802,11.5,15.68,26.85,6.758,7999,7999,5802,4825,6159,7999,7999,7999,7999
101,2022,281,900,0,3.164,4.805,11.49,15.68,26.85,6.75,7999,7999,5802,4819,6202,7999,7999,7999,7999
101,2022,281,1000,0,3.169,4.802,11.47,15.67,26.86,6.762,7999,7999,5809,4814,6289,7999,7999,7999,7999
101,2022,281,1100,0,3.18,4.802,11.46,15.67,26.86,6.797,7999,7999,5809,4808,6414,7999,7999,7999,7999
101,2022,281,1200,0,3.18,4.802,11.46,15.66,26.86,6.849,7999,7999,5809,4802,6587,7999,7999,7999,7999
101,2022,281,1300,0,3.167,4.805,11.45,15.66,26.86,6.913,7999,7999,5816,4802,6801,7999,7999,7999,7999
101,2022,281,1400,0,3.149,4.815,11.46,15.65,26.85,6.981,7999,7999,5816,4797,7070,7999,7999,7999,7999
101,2022,281,1500,0,3.124,4.818,11.46,15.65,26.85,7.042,7999,7999,5816,4797,7241,7999,7999,7999,7999
101,2022,281,1600,0,3.102,4.821,11.46,15.64,26.84,7.082,7999,7999,5816,4797,6998,7999,7999,7999,7999
101,2022,281,1700,0,3.075,4.821,11.46,15.64,26.83,7.078,7999,7999,5816,4797,6888,7999,7999,7999,7999
101,2022,281,1800,0,3.048,4.818,11.47,15.64,26.84,7.042,7999,7999,5809,4802,6678,7999,7999,7999,7999
101,2022,281,1900,0,3.03,4.815,11.47,15.64,26.84,7.009,7999,7999,5816,4808,6481,7999,7999,7999,7999
101,2022,281,2000,0,3.023,4.808,11.48,15.64,26.85,6.977,7999,7999,5816,4808,6370,7999,7999,7999,7999
101,2022,281,2100,0,3.021,4.799,11.48,15.64,26.85,6.937,7999,7999,5816,4808,6282,7999,7999,7999,7999
101,2022,281,2200,0,3.023,4.796,11.48,15.64,26.85,6.901,7999,7999,5809,4814,6210,7999,7999,7999,7999
101,2022,281,2300,0,3.023,4.792,11.48,15.64,26.85,6.869,7999,7999,5809,4814,6145,7999,7999,7999,7999
101,2022,282,000,0,3.03,4.789,11.48,15.63,26.83,6.841,7999,7999,5802,4814,6117,7999,7999,7999,7999
101,2022,282,100,0,3.03,4.786,11.47,15.63,26.84,6.813,7999,7999,5802,4814,6074,7999,7999,7999,7999
101,2022,282,200,0,3.035,4.779,11.47,15.64,26.84,6.786,7999,7999,5796,4814,6032,7999,7999,7999,7999
101,2022,282,300,0,3.035,4.776,11.47,15.64,26.84,6.758,7999,7999,5796,4814,5996,7999,7999,7999,7999
101,2022,282,400,0,3.04,4.776,11.46,15.63,26.83,6.742,7999,7999,5796,4814,5976,7999,7999,7999,7999
101,2022,282,500,0,3.043,4.773,11.46,15.63,26.83,6.722,7999,7999,5789,4814,5962,7999,7999,7999,7999
101,2022,282,600,0,3.045,4.77,11.46,15.63,26.83,6.703,7999,7999,5789,4814,5934,7999,7999,7999,7999
101,2022,282,700,0,3.05,4.77,11.46,15.62,26.81,6.691,7999,7999,5789,4814,5927,7999,7999,7999,7999
101,2022,282,800,0,3.07,4.779,11.46,15.62,26.8,6.687,7999,7999,5789,4819,5962,7999,7999,7999,7999
101,2022,282,900,0,3.09,4.786,11.45,15.62,26.79,6.683,7999,7999,5796,4808,6003,7999,7999,7999,7999
101,2022,282,1000,0,3.099,4.779,11.43,15.62,26.8,6.699,7999,7999,5796,4802,6102,7999,7999,7999,7999
101,2022,282,1100,0,3.107,4.779,11.42,15.61,26.8,6.734,7999,7999,5802,4797,6231,7999,7999,7999,7999
101,2022,282,1200,0,3.109,4.779,11.42,15.61,26.8,6.786,7999,7999,5802,4797,6377,7999,7999,7999,7999
101,2022,282,1300,0,3.099,4.783,11.41,15.61,26.79,6.849,7999,7999,5796,4791,6594,7999,7999,7999,7999
101,2022,282,1400,0,3.077,4.792,11.42,15.6,26.79,6.913,7999,7999,5796,4791,6840,7999,7999,7999,7999
101,2022,282,1500,0,3.053,4.799,11.42,15.59,26.79,6.973,7999,7999,5796,4785,7046,7999,7999,7999,7999
101,2022,282,1600,0,3.03,4.802,11.42,15.59,26.78,7.017,7999,7999,5802,4791,7046,7999,7999,7999,7999
101,2022,282,1700,0,3.008,4.802,11.43,15.59,26.78,7.034,7999,7999,5796,4785,6740,7999,7999,7999,7999
101,2022,282,1800,0,2.979,4.792,11.43,15.59,26.79,6.981,7999,7999,5796,4791,6504,7999,7999,7999,7999
101,2022,282,1900,0,2.962,4.789,11.44,15.59,26.79,6.941,7999,7999,5796,4791,6289,7999,7999,7999,7999
101,2022,282,2000,0,2.957,4.779,11.44,15.59,26.79,6.905,7999,7999,5796,4797,6188,7999,7999,7999,7999
101,2022,282,2100,0,2.955,4.776,11.44,15.59,26.79,6.869,7999,7999,5796,4797,6109,7999,7999,7999,7999
101,2022,282,2200,0,2.96,4.77,11.44,15.58,26.79,6.837,7999,7999,5789,4797,6046,7999,7999,7999,7999
101,2022,282,2300,0,2.96,4.77,11.43,15.58,26.79,6.801,7999,7999,5789,4797,5996,7999,7999,7999,7999
101,2022,283,000,0,2.965,4.763,11.44,15.58,26.79,6.774,7999,7999,5782,4797,5962,7999,7999,7999,7999
101,2022,283,100,0,2.967,4.76,11.43,15.58,26.79,6.75,7999,7999,5789,4797,5920,7999,7999,7999,7999
101,2022,283,200,0,2.972,4.757,11.44,15.58,26.79,6.722,7999,7999,5782,4797,5899,7999,7999,7999,7999
101,2022,283,300,0,2.977,4.757,11.43,15.58,26.78,6.703,7999,7999,5775,4797,5872,7999,7999,7999,7999
101,2022,283,400,0,2.979,4.751,11.43,15.58,26.79,6.683,7999,7999,5775,4797,5851,7999,7999,7999,7999
101,2022,283,500,0,2.982,4.751,11.42,15.58,26.78,6.663,7999,7999,5775,4797,5830,7999,7999,7999,7999
101,2022,283,600,0,2.982,4.744,11.42,15.58,26.78,6.648,7999,7999,5768,4797,5810,7999,7999,7999,7999
101,2022,283,700,0,2.987,4.744,11.42,15.58,26.76,6.632,7999,7999,5768,4802,5810,7999,7999,7999,7999
101,2022,283,800,0,3.006,4.763,11.42,15.58,26.75,6.632,7999,7999,5775,4802,5844,7999,7999,7999,7999
101,2022,283,900,0,3.03,4.763,11.4,15.57,26.74,6.632,7999,7999,5775,4791,5892,7999,7999,7999,7999
101,2022,283,1000,0,3.026,4.757,11.39,15.57,26.75,6.648,7999,7999,5782,4785,5969,7999,7999,7999,7999
101,2022,283,1100,0,3.028,4.76,11.38,15.56,26.75,6.683,7999,7999,5775,4780,6074,7999,7999,7999,7999
101,2022,283,1200,0,3.013,4.757,11.37,15.56,26.76,6.734,7999,7999,5775,4774,6210,7999,7999,7999,7999
101,2022,283,1300,0,2.996,4.763,11.37,15.55,26.74,6.789,7999,7999,5782,4774,6363,7999,7999,7999,7999
101,2022,283,1400,0,2.965,4.77,11.37,15.54,26.74,6.849,7999,7999,5775,4774,6504,7999,7999,7999,7999
101,2022,283,1500,0,2.924,4.77,11.37,15.54,26.73,6.893,7999,7999,5782,4774,6549,7999,7999,7999,7999
101,2022,283,1600,0,2.895,4.779,11.38,15.54,26.73,6.925,7999,7999,5782,4774,6579,7999,7999,7999,7999
101,2022,283,1700,0,2.867,4.779,11.39,15.54,26.73,6.937,7999,7999,5782,4774,6534,7999,7999,7999,7999
101,2022,283,1800,0,2.841,4.779,11.39,15.54,26.73,6.925,7999,7999,5782,4774,6429,7999,7999,7999,7999
101,2022,283,1900,0,2.822,4.779,11.39,15.54,26.73,6.909,7999,7999,5775,4780,6326,7999,7999,7999,7999
101,2022,283,2000,0,2.81,4.779,11.4,15.53,26.73,6.893,7999,7999,5775,4785,6231,7999,7999,7999,7999
101,2022,283,2100,0,2.803,4.776,11.41,15.53,26.73,6.869,7999,7999,5782,4785,6167,7999,7999,7999,7999
101,2022,283,2200,0,2.794,4.773,11.42,15.52,26.72,6.853,7999,7999,5782,4785,6117,7999,7999,7999,7999
101,2022,283,2300,0,2.791,4.776,11.42,15.52,26.72,6.833,7999,7999,5782,4785,6074,7999,7999,7999,7999
101,2022,284,000,0,2.791,4.773,11.42,15.52,26.71,6.813,7999,7999,5775,4785,6039,7999,7999,7999,7999
101,2022,284,100,0,2.789,4.77,11.42,15.53,26.72,6.797,7999,7999,5775,4791,6003,7999,7999,7999,7999
101,2022,284,200,0,2.787,4.77,11.42,15.53,26.71,6.786,7999,7999,5775,4791,5976,7999,7999,7999,7999
101,2022,284,300,0,2.789,4.763,11.42,15.53,26.71,6.77,7999,7999,5782,4791,5934,7999,7999,7999,7999
101,2022,284,400,0,2.789,4.757,11.42,15.54,26.72,6.754,7999,7999,5782,4791,5913,7999,7999,7999,7999
101,2022,284,500,0,2.789,4.754,11.42,15.53,26.71,6.738,7999,7999,5775,4791,5872,7999,7999,7999,7999
101,2022,284,600,0,2.789,4.744,11.42,15.54,26.73,6.714,7999,7999,5775,4791,5837,7999,7999,7999,7999
101,2022,284,700,0,2.787,4.738,11.42,15.53,26.72,6.699,7999,7999,5775,4791,5790,7999,7999,7999,7999
101,2022,284,800,0,2.801,4.747,11.42,15.53,26.69,6.683,7999,7999,5768,4791,5810,7999,7999,7999,7999
101,2022,284,900,0,2.822,4.754,11.41,15.53,26.69,6.675,7999,7999,5775,4785,5851,7999,7999,7999,7999
101,2022,284,1000,0,2.831,4.754,11.4,15.52,26.69,6.675,7999,7999,5775,4780,5913,7999,7999,7999,7999
101,2022,284,1100,0,2.85,4.754,11.39,15.52,26.69,6.703,7999,7999,5782,4780,6018,7999,7999,7999,7999
101,2022,284,1200,0,2.855,4.757,11.38,15.52,26.69,6.742,7999,7999,5775,4774,6124,7999,7999,7999,7999
101,2022,284,1300,0,2.862,4.763,11.38,15.51,26.69,6.797,7999,7999,5775,4768,6311,7999,7999,7999,7999
101,2022,284,1400,0,2.855,4.773,11.39,15.5,26.69,6.865,7999,7999,5782,4768,6422,7999,7999,7999,7999
101,2022,284,1500,0,2.841,4.773,11.39,15.5,26.69,6.913,7999,7999,5782,4763,6414,7999,7999,7999,7999
101,2022,284,1600,0,2.824,4.776,11.39,15.5,26.68,6.929,7999,7999,5775,4763,6355,7999,7999,7999,7999
101,2022,284,1700,0,2.805,4.773,11.4,15.5,26.67,6.925,7999,7999,5782,4763,6253,7999,7999,7999,7999
101,2022,284,1800,0,2.777,4.77,11.4,15.5,26.69,6.905,7999,7999,5782,4768,6117,7999,7999,7999,7999
101,2022,284,1900,0,2.761,4.757,11.41,15.5,26.69,6.869,7999,7999,5782,4768,6003,7999,7999,7999,7999
101,2022,284,2000,0,2.752,4.754,11.4,15.5,26.69,6.833,7999,7999,5775,4774,5913,7999,7999,7999,7999
101,2022,284,2100,0,2.75,4.751,11.4,15.5,26.69,6.793,7999,7999,5775,4768,5837,7999,7999,7999,7999
101,2022,284,2200,0,2.757,4.744,11.4,15.49,26.69,6.758,7999,7999,5775,4774,5783,7999,7999,7999,7999
101,2022,284,2300,0,2.757,4.744,11.4,15.49,26.69,6.73,7999,7999,5768,4768,5735,7999,7999,7999,7999
101,2022,285,000,0,2.761,4.738,11.39,15.49,26.69,6.699,7999,7999,5761,4774,5702,7999,7999,7999,7999
101,2022,285,100,0,2.763,4.735,11.39,15.49,26.69,6.671,7999,7999,5761,4768,5675,7999,7999,7999,7999
101,2022,285,200,0,2.77,4.735,11.39,15.49,26.68,6.648,7999,7999,5754,4774,5648,7999,7999,7999,7999
101,2022,285,300,0,2.773,4.735,11.39,15.49,26.68,6.624,7999,7999,5754,4768,5628,7999,7999,7999,7999
101,2022,285,400,0,2.775,4.735,11.39,15.49,26.68,6.605,7999,7999,5754,4768,5608,7999,7999,7999,7999
101,2022,285,500,0,2.78,4.731,11.39,15.49,26.68,6.585,7999,7999,5754,4768,5595,7999,7999,7999,7999
101,2022,285,600,0,2.782,4.728,11.38,15.49,26.68,6.566,7999,7999,5747,4768,5575,7999,7999,7999,7999
101,2022,285,700,0,2.787,4.731,11.37,15.49,26.66,6.55,7999,7999,5747,4768,5569,7999,7999,7999,7999
101,2022,285,800,0,2.805,4.744,11.38,15.48,26.64,6.55,7999,7999,5754,4774,5615,7999,7999,7999,7999
101,2022,285,900,0,2.831,4.747,11.37,15.48,26.63,6.55,7999,7999,5754,4768,5668,7999,7999,7999,7999
101,2022,285,1000,0,2.848,4.744,11.35,15.48,26.64,6.566,7999,7999,5754,4757,5756,7999,7999,7999,7999
101,2022,285,1100,0,2.869,4.744,11.35,15.46,26.64,6.597,7999,7999,5754,4757,5865,7999,7999,7999,7999
101,2022,285,1200,0,2.876,4.744,11.33,15.46,26.63,6.652,7999,7999,5761,4757,5989,7999,7999,7999,7999
101,2022,285,1300,0,2.876,4.747,11.33,15.46,26.64,6.714,7999,7999,5761,4752,6195,7999,7999,7999,7999
101,2022,285,1400,0,2.86,4.754,11.33,15.45,26.63,6.786,7999,7999,5761,4746,6429,7999,7999,7999,7999
101,2022,285,1500,0,2.836,4.76,11.33,15.45,26.62,6.853,7999,7999,5761,4746,6663,7999,7999,7999,7999
101,2022,285,1600,0,2.803,4.767,11.35,15.45,26.62,6.897,7999,7999,5754,4746,6747,7999,7999,7999,7999
101,2022,285,1700,0,-7999,-7999,-7999,-7999,-7999,6.925,7999,7999,5754,4752,6400,7999,7999,7999,7999
101,2022,285,1800,0,2.724,4.738,11.41,15.54,26.64,6.881,7999,7999,5754,4746,-7999,-7999,-7999,-7999,-7999
101,2022,285,1900,0,2.708,4.735,11.42,15.54,26.65,6.837,7999,7999,5754,4752,6138,7999,7999,7999,7999
101,2022,285,2000,0,2.699,4.735,11.42,15.56,26.64,6.801,7999,7999,5747,4757,6046,7999,7999,7999,7999
101,2022,285,2100,0,2.692,4.731,11.43,15.57,26.65,6.77,7999,7999,5754,4757,5976,7999,7999,7999,7999
101,2022,285,2200,0,2.688,4.722,11.44,15.58,26.65,6.734,7999,7999,5754,4752,5913,7999,7999,7999,7999
101,2022,285,2300,0,2.688,4.715,11.44,15.58,26.66,6.703,7999,7999,5747,4757,5858,7999,7999,7999,7999
101,2022,286,000,0,2.688,4.709,11.44,15.59,26.65,6.675,7999,7999,5747,4757,5823,7999,7999,7999,7999
101,2022,286,100,0,2.69,4.706,11.43,15.59,26.65,6.648,7999,7999,5747,4757,5796,7999,7999,7999,7999
101,2022,286,200,0,2.692,4.7,11.43,15.59,26.65,6.624,7999,7999,5741,4757,5756,7999,7999,7999,7999
101,2022,286,300,0,2.694,4.7,11.42,15.59,26.65,6.605,7999,7999,5741,4757,5735,7999,7999,7999,7999
101,2022,286,400,0,2.697,4.696,11.43,15.59,26.64,6.581,7999,7999,5734,4763,5715,7999,7999,7999,7999
101,2022,286,500,0,2.699,4.693,11.43,15.6,26.64,6.562,7999,7999,5727,4763,5695,7999,7999,7999,7999
101,2022,286,600,0,2.701,4.69,11.42,15.6,26.65,6.539,7999,7999,5727,4757,5675,7999,7999,7999,7999
101,2022,286,700,0,2.706,4.69,11.42,15.6,26.63,6.523,7999,7999,5727,4763,5668,7999,7999,7999,7999
101,2022,286,800,0,2.722,4.7,11.42,15.59,26.61,6.523,7999,7999,5727,4757,5682,7999,7999,7999,7999
101,2022,286,900,0,2.747,4.703,11.4,15.59,26.61,6.523,7999,7999,5734,4757,5722,7999,7999,7999,7999
101,2022,286,1000,0,2.759,4.703,11.39,15.58,26.61,6.535,7999,7999,5734,4752,5810,7999,7999,7999,7999
101,2022,286,1100,0,2.777,4.7,11.38,15.57,26.61,6.57,7999,7999,5734,4752,5920,7999,7999,7999,7999
101,2022,286,1200,0,2.787,4.703,11.37,15.56,26.61,6.62,7999,7999,5734,4752,6060,7999,7999,7999,7999
101,2022,286,1300,0,2.787,4.709,11.37,15.56,26.61,6.679,7999,7999,5734,4740,6260,7999,7999,7999,7999
101,2022,286,1400,0,2.775,4.712,11.36,15.55,26.6,6.746,7999,7999,5734,4740,6511,7999,7999,7999,7999
101,2022,286,1500,0,2.759,4.719,11.37,15.54,26.6,6.809,7999,7999,5734,4740,6747,7999,7999,7999,7999
101,2022,286,1600,0,2.738,4.715,11.36,15.54,26.6,6.861,7999,7999,5734,4735,6817,7999,7999,7999,7999
101,2022,286,1700,0,2.71,4.715,11.37,15.54,26.59,6.885,7999,7999,5734,4740,6496,7999,7999,7999,7999
101,2022,286,1800,0,2.681,4.715,11.38,15.54,26.6,6.837,7999,7999,5734,4740,6253,7999,7999,7999,7999
101,2022,286,1900,0,2.66,4.709,11.38,15.53,26.6,6.797,7999,7999,5734,4746,6039,7999,7999,7999,7999
101,2022,286,2000,0,2.651,4.7,11.38,15.54,26.6,6.762,7999,7999,5734,4740,5934,7999,7999,7999,7999
101,2022,286,2100,0,2.647,4.7,11.38,15.53,26.6,6.726,7999,7999,5727,4746,5865,7999,7999,7999,7999
101,2022,286,2200,0,2.642,4.693,11.38,15.54,26.6,6.691,7999,7999,5727,4746,5790,7999,7999,7999,7999
101,2022,286,2300,0,2.645,4.69,11.39,15.54,26.6,6.66,7999,7999,5727,4746,5742,7999,7999,7999,7999
101,2022,287,000,0,2.647,4.687,11.38,15.54,26.6,6.636,7999,7999,5720,4746,5702,7999,7999,7999,7999
101,2022,287,100,0,2.647,4.684,11.38,15.52,26.6,6.605,7999,7999,5720,4746,5668,7999,7999,7999,7999
101,2022,287,200,0,2.647,4.677,11.38,15.52,26.6,6.585,7999,7999,5713,4746,5642,7999,7999,7999,7999
101,2022,287,300,0,2.651,4.677,11.37,15.52,26.6,6.562,7999,7999,5713,4746,5615,7999,7999,7999,7999
101,2022,287,400,0,2.654,4.677,11.37,15.52,26.6,6.539,7999,7999,5713,4746,5595,7999,7999,7999,7999
101,2022,287,500,0,2.656,4.671,11.37,15.52,26.6,6.523,7999,7999,5713,4746,5575,7999,7999,7999,7999
101,2022,287,600,0,2.656,4.671,11.37,15.52,26.6,6.504,7999,7999,5700,4746,5555,7999,7999,7999,7999
101,2022,287,700,0,2.66,4.674,11.37,15.52,26.58,6.489,7999,7999,5700,4746,5549,7999,7999,7999,7999
101,2022,287,800,0,2.679,4.684,11.37,15.5,26.56,6.485,7999,7999,5700,4746,5595,7999,7999,7999,7999
101,2022,287,900,0,2.706,4.69,11.36,15.51,26.55,6.485,7999,7999,5700,4740,5642,7999,7999,7999,7999
101,2022,287,1000,0,2.72,4.687,11.35,15.5,26.56,6.5,7999,7999,5706,4740,5722,7999,7999,7999,7999
101,2022,287,1100,0,2.738,4.687,11.33,15.49,26.56,6.535,7999,7999,5713,4740,5837,7999,7999,7999,7999
101,2022,287,1200,0,2.752,4.69,11.32,15.49,26.56,6.585,7999,7999,5713,4729,5976,7999,7999,7999,7999
101,2022,287,1300,0,2.745,4.69,11.32,15.49,26.56,6.648,7999,7999,5706,4729,6174,7999,7999,7999,7999
101,2022,287,1400,0,2.729,4.696,11.32,15.48,26.55,6.718,7999,7999,5706,4724,6422,7999,7999,7999,7999
101,2022,287,1500,0,2.706,4.696,11.32,15.48,26.54,6.786,7999,7999,5713,4729,6663,7999,7999,7999,7999
101,2022,287,1600,0,2.69,4.696,11.33,15.46,26.53,6.829,7999,7999,5713,4724,6740,7999,7999,7999,7999
101,2022,287,1700,0,2.672,4.696,11.33,15.46,26.53,6.857,7999,7999,5706,4729,6422,7999,7999,7999,7999
101,2022,287,1800,0,2.631,4.69,11.35,15.46,26.54,6.805,7999,7999,5713,4724,6145,7999,7999,7999,7999
101,2022,287,1900,0,2.611,4.687,11.35,15.46,26.54,6.758,7999,7999,5706,4729,5934,7999,7999,7999,7999
101,2022,287,2000,0,2.602,4.684,11.35,15.46,26.53,6.726,7999,7999,5706,4729,5851,7999,7999,7999,7999
101,2022,287,2100,0,2.602,4.68,11.35,15.46,26.54,6.687,7999,7999,5700,4729,5776,7999,7999,7999,7999
101,2022,287,2200,0,2.595,4.674,11.35,15.46,26.54,6.652,7999,7999,5700,4729,5702,7999,7999,7999,7999
101,2022,287,2300,0,2.595,4.671,11.35,15.46,26.55,6.62,7999,7999,5700,4729,5642,7999,7999,7999,7999
101,2022,288,000,0,2.595,4.668,11.35,15.46,26.55,6.593,7999,7999,5693,4729,5615,7999,7999,7999,7999
101,2022,288,100,0,2.6,4.668,11.36,15.46,26.53,6.57,7999,7999,5693,4735,5589,7999,7999,7999,7999
101,2022,288,200,0,2.604,4.668,11.35,15.46,26.53,6.55,7999,7999,5693,4735,5589,7999,7999,7999,7999
101,2022,288,300,0,2.604,4.658,11.35,15.46,26.54,6.523,7999,7999,5686,4729,5562,7999,7999,7999,7999
101,2022,288,400,0,2.606,4.655,11.35,15.46,26.53,6.508,7999,7999,5686,4735,5543,7999,7999,7999,7999
101,2022,288,500,0,2.613,4.658,11.35,15.46,26.52,6.5,7999,7999,5686,4735,5543,7999,7999,7999,7999
101,2022,288,600,0,2.611,4.652,11.34,15.46,26.53,6.485,7999,7999,5686,4729,5523,7999,7999,7999,7999
101,2022,288,700,0,2.613,4.649,11.34,15.45,26.52,6.473,7999,7999,5686,4735,5523,7999,7999,7999,7999
101,2022,288,800,0,2.629,4.658,11.34,15.45,26.5,6.462,7999,7999,5686,4735,5549,7999,7999,7999,7999
101,2022,288,900,0,2.642,4.661,11.33,15.45,26.5,6.462,7999,7999,5686,4735,5582,7999,7999,7999,7999
101,2022,288,1000,0,2.656,4.661,11.32,15.45,26.5,6.473,7999,7999,5686,4724,5662,7999,7999,7999,7999
101,2022,288,1100,0,2.667,4.661,11.31,15.45,26.5,6.504,7999,7999,5693,4724,5762,7999,7999,7999,7999
101,2022,288,1200,0,2.672,4.661,11.3,15.44,26.49,6.55,7999,7999,5686,4724,5878,7999,7999,7999,7999
101,2022,288,1300,0,2.669,4.665,11.31,15.44,26.49,6.601,7999,7999,5686,4724,6074,7999,7999,7999,7999
101,2022,288,1400,0,2.658,4.668,11.3,15.44,26.48,6.66,7999,7999,5686,4718,6297,7999,7999,7999,7999
101,2022,288,1500,0,2.642,4.668,11.3,15.43,26.47,6.714,7999,7999,5693,4718,6496,7999,7999,7999,7999
101,2022,288,1600,0,2.629,4.668,11.3,15.43,26.47,6.758,7999,7999,5693,4718,6549,7999,7999,7999,7999
101,2022,288,1700,0,2.606,4.668,11.3,15.43,26.47,6.77,7999,7999,5686,4718,6239,7999,7999,7999,7999
101,2022,288,1800,0,2.591,4.668,11.31,15.43,26.47,6.734,7999,7999,5693,4718,6117,7999,7999,7999,7999
101,2022,288,1900,0,2.575,4.668,11.31,15.42,26.47,6.707,7999,7999,5693,4718,5920,7999,7999,7999,7999
101,2022,288,2000,0,2.566,4.665,11.32,15.42,26.47,6.679,7999,7999,5693,4718,5830,7999,7999,7999,7999
101,2022,288,2100,0,2.56,4.661,11.32,15.42,26.48,6.652,7999,7999,5686,4724,5762,7999,7999,7999,7999
101,2022,288,2200,0,2.557,4.658,11.32,15.42,26.48,6.624,7999,7999,5686,4724,5702,7999,7999,7999,7999
101,2022,288,2300,0,2.553,4.655,11.32,15.42,26.47,6.601,7999,7999,5679,4724,5655,7999,7999,7999,7999
101,2022,289,000,0,2.551,4.649,11.32,15.43,26.49,6.574,7999,7999,5686,4724,5615,7999,7999,7999,7999
101,2022,289,100,0,2.551,4.646,11.32,15.42,26.49,6.55,7999,7999,5679,4724,5575,7999,7999,7999,7999
101,2022,289,200,0,2.551,4.642,11.32,15.41,26.48,6.527,7999,7999,5679,4724,5549,7999,7999,7999,7999
101,2022,289,300,0,2.553,4.639,11.31,15.42,26.48,6.508,7999,7999,5672,4724,5529,7999,7999,7999,7999
101,2022,289,400,0,2.557,4.639,11.31,15.42,26.47,6.485,7999,7999,5672,4724,5503,7999,7999,7999,7999
101,2022,289,500,0,2.56,4.639,11.31,15.42,26.47,6.473,7999,7999,5666,4724,5497,7999,7999,7999,7999
101,2022,289,600,0,2.562,4.636,11.31,15.42,26.47,6.454,7999,7999,5666,4718,5484,7999,7999,7999,7999
101,2022,289,700,0,2.566,4.636,11.31,15.41,26.47,6.439,7999,7999,5666,4718,5464,7999,7999,7999,7999
101,2022,289,800,0,2.577,4.646,11.31,15.41,26.44,6.435,7999,7999,5666,4724,5490,7999,7999,7999,7999
101,2022,289,900,0,2.6,4.652,11.3,15.41,26.44,6.431,7999,7999,5666,4718,5543,7999,7999,7999,7999
101,2022,289,1000,0,2.615,4.652,11.3,15.4,26.44,6.442,7999,7999,5666,4712,5608,7999,7999,7999,7999
101,2022,289,1100,0,2.631,4.649,11.29,15.4,26.44,6.473,7999,7999,5672,4712,5708,7999,7999,7999,7999
101,2022,289,1200,0,2.642,4.652,11.28,15.39,26.44,6.516,7999,7999,5666,4707,5810,7999,7999,7999,7999
101,2022,289,1300,0,2.642,4.655,11.28,15.39,26.44,6.574,7999,7999,5666,4701,6003,7999,7999,7999,7999
101,2022,289,1400,0,2.64,4.658,11.27,15.39,26.43,6.636,7999,7999,5666,4707,6231,7999,7999,7999,7999
101,2022,289,1500,0,2.624,4.658,11.28,15.38,26.43,6.695,7999,7999,5666,4707,6422,7999,7999,7999,7999
101,2022,289,1600,0,2.606,4.661,11.28,15.38,26.42,6.742,7999,7999,5666,4707,6519,7999,7999,7999,7999
101,2022,289,1700,0,2.586,4.658,11.28,15.37,26.41,6.762,7999,7999,5666,4701,6217,7999,7999,7999,7999
101,2022,289,1800,0,2.56,4.655,11.28,15.38,26.42,6.714,7999,7999,5666,4707,5989,7999,7999,7999,7999
101,2022,289,1900,0,2.542,4.652,11.28,15.37,26.42,6.683,7999,7999,5666,4707,5830,7999,7999,7999,7999
101,2022,289,2000,0,2.535,4.652,11.29,15.37,26.43,6.656,7999,7999,5666,4707,5769,7999,7999,7999,7999
101,2022,289,2100,0,2.526,4.646,11.29,15.37,26.43,6.62,7999,7999,5666,4707,5688,7999,7999,7999,7999
101,2022,289,2200,0,2.522,4.642,11.29,15.37,26.43,6.589,7999,7999,5666,4707,5635,7999,7999,7999,7999
101,2022,289,2300,0,2.522,4.639,11.29,15.37,26.43,6.558,7999,7999,5659,4707,5589,7999,7999,7999,7999
101,2022,290,000,0,2.52,4.636,11.29,15.37,26.43,6.535,7999,7999,5652,4707,5555,7999,7999,7999,7999
101,2022,290,100,0,2.52,4.633,11.29,15.37,26.43,6.508,7999,7999,5659,4712,5523,7999,7999,7999,7999
101,2022,290,200,0,2.52,4.633,11.29,15.37,26.43,6.485,7999,7999,5652,4707,5497,7999,7999,7999,7999
101,2022,290,300,0,2.524,4.627,11.29,15.37,26.43,6.458,7999,7999,5645,4707,5477,7999,7999,7999,7999
101,2022,290,400,0,2.526,4.627,11.28,15.37,26.42,6.442,7999,7999,5645,4707,5458,7999,7999,7999,7999
101,2022,290,500,0,2.526,4.627,11.28,15.37,26.42,6.423,7999,7999,5645,4701,5438,7999,7999,7999,7999
101,2022,290,600,0,2.529,4.627,11.28,15.37,26.42,6.404,7999,7999,5639,4701,5425,7999,7999,7999,7999
101,2022,290,700,0,2.533,4.627,11.28,15.36,26.42,6.389,7999,7999,5639,4707,5419,7999,7999,7999,7999
101,2022,290,800,0,2.546,4.639,11.28,15.36,26.38,6.393,7999,7999,5632,4707,5445,7999,7999,7999,7999
101,2022,290,900,0,2.571,4.646,11.27,15.36,26.37,6.389,7999,7999,5639,4701,5490,7999,7999,7999,7999
101,2022,290,1000,0,2.584,4.646,11.26,15.36,26.37,6.404,7999,7999,5639,4696,5569,7999,7999,7999,7999
101,2022,290,1100,0,2.602,4.642,11.25,15.35,26.37,6.431,7999,7999,5645,4696,5668,7999,7999,7999,7999
101,2022,290,1200,0,2.615,4.642,11.24,15.34,26.37,6.481,7999,7999,5645,4696,5783,7999,7999,7999,7999
101,2022,290,1300,0,2.611,4.646,11.24,15.34,26.37,6.539,7999,7999,5645,4690,5976,7999,7999,7999,7999
101,2022,290,1400,0,2.606,4.649,11.24,15.34,26.36,6.601,7999,7999,5639,4690,6195,7999,7999,7999,7999
101,2022,290,1500,0,2.591,4.652,11.24,15.33,26.36,6.66,7999,7999,5645,4690,6414,7999,7999,7999,7999
101,2022,290,1600,0,2.575,4.652,11.24,15.33,26.35,6.707,7999,7999,5639,4690,6541,7999,7999,7999,7999
101,2022,290,1700,0,2.557,4.649,11.24,15.33,26.35,6.734,7999,7999,5645,4690,6444,7999,7999,7999,7999
101,2022,290,1800,0,2.529,4.646,11.26,15.33,26.36,6.699,7999,7999,5645,4690,6074,7999,7999,7999,7999
101,2022,290,1900,0,2.511,4.642,11.26,15.32,26.36,6.656,7999,7999,5639,4690,5823,7999,7999,7999,7999
101,2022,290,2000,0,2.5,4.636,11.26,15.32,26.36,6.62,7999,7999,5639,4696,5708,7999,7999,7999,7999
101,2022,290,2100,0,2.494,4.633,11.26,15.32,26.36,6.589,7999,7999,5639,4696,5635,7999,7999,7999,7999
101,2022,290,2200,0,2.489,4.633,11.26,15.32,26.36,6.558,7999,7999,5632,4690,5569,7999,7999,7999,7999
101,2022,290,2300,0,2.489,4.63,11.26,15.32,26.36,6.535,7999,7999,5639,4690,5523,7999,7999,7999,7999
101,2022,291,000,0,2.489,4.624,11.26,15.32,26.36,6.504,7999,7999,5632,4696,5484,7999,7999,7999,7999
101,2022,291,100,0,2.489,4.62,11.27,15.32,26.36,6.481,7999,7999,5632,4696,5445,7999,7999,7999,7999
101,2022,291,200,0,2.489,4.62,11.26,15.32,26.36,6.458,7999,7999,5625,4696,5419,7999,7999,7999,7999
101,2022,291,300,0,2.489,4.62,11.26,15.32,26.36,6.435,7999,7999,5625,4696,5393,7999,7999,7999,7999
101,2022,291,400,0,2.491,4.62,11.26,15.32,26.36,6.416,7999,7999,5618,4696,5374,7999,7999,7999,7999
101,2022,291,500,0,2.496,4.62,11.26,15.32,26.36,6.396,7999,7999,5618,4690,5355,7999,7999,7999,7999
101,2022,291,600,0,2.498,4.62,11.25,15.32,26.36,6.377,7999,7999,5618,4690,5342,7999,7999,7999,7999
101,2022,291,700,0,2.5,4.62,11.25,15.31,26.35,6.366,7999,7999,5612,4690,5336,7999,7999,7999,7999
101,2022,291,800,0,2.511,4.627,11.25,15.3,26.32,6.37,7999,7999,5618,4696,5387,7999,7999,7999,7999
101,2022,291,900,0,2.535,4.633,11.25,15.31,26.31,6.366,7999,7999,5618,4690,5432,7999,7999,7999,7999
101,2022,291,1000,0,2.555,4.633,11.24,15.31,26.31,6.377,7999,7999,5618,4690,5516,7999,7999,7999,7999
101,2022,291,1100,0,2.575,4.633,11.23,15.3,26.31,6.412,7999,7999,5618,4685,5608,7999,7999,7999,7999
101,2022,291,1200,0,2.588,4.633,11.22,15.29,26.31,6.458,7999,7999,5618,4679,5722,7999,7999,7999,7999
