101,2022,2,1500,0,9.98,13.83,16.15,11.25,20.65,14.69,7999,7999,7999,7999,7999,7999,7999,7999,7999
101,2022,2,1600,0,9.98,13.82,16.15,11.25,20.65,14.69,7999,7999,7999,7999,7999,7999,7999,7999,7999
101,2022,2,1700,0,9.99,13.82,16.14,11.24,20.65,14.68,7999,7999,7999,7999,7999,7999,7999,7999,7999
101,2022,2,1800,0,10,13.82,16.13,11.24,20.65,14.68,7999,7999,7999,7999,7999,7999,7999,7999,7999
101,2022,2,1900,0,10.01,13.82,16.13,11.24,20.65,14.68,7999,7999,7999,7999,7999,7999,7999,7999,7999
101,2022,2,2000,0,10.02,13.81,16.13,11.23,20.65,14.68,7999,7999,7999,7999,7999,7999,7999,7999,7999
101,2022,2,2100,0,10.02,13.81,16.13,11.23,20.64,14.67,7999,7999,7999,7999,7999,7999,7999,7999,7999
101,2022,2,2200,0,10.02,13.81,16.13,11.23,20.64,14.67,7999,7999,7999,7999,7999,7999,7999,7999,7999
101,2022,2,2300,0,10.02,13.81,16.13,11.23,20.63,14.67,7999,7999,7999,7999,7999,7999,7999,7999,7999
101,2022,3,000,0,10.02,13.81,16.13,11.23,20.63,14.67,7999,7999,7999,7999,7999,7999,7999,7999,7999
101,2022,3,100,0,10.02,13.81,16.13,11.22,20.63,14.66,7999,7999,7999,7999,7999,7999,7999,7999,7999
101,2022,3,200,0,10.01,13.81,16.13,11.22,20.63,14.66,7999,7999,7999,7999,7999,7999,7999,7999,7999
101,2022,3,300,0,10.01,13.81,16.13,11.22,20.63,14.66,7999,7999,7999,7999,7999,7999,7999,7999,7999
101,2022,3,400,0,10.01,13.81,16.12,11.22,20.63,14.66,7999,7999,7999,7999,7999,7999,7999,7999,7999
101,2022,3,500,0,10.01,13.81,16.12,11.21,20.62,14.66,7999,7999,7999,7999,7999,7999,7999,7999,7999
101,2022,3,600,0,10.02,13.81,16.11,11.21,20.62,14.66,7999,7999,7999,7999,7999,7999,7999,7999,7999
101,2022,3,700,0,10.05,13.82,16.11,11.21,20.63,14.66,7999,7999,7999,7999,7999,7999,7999,7999,7999
101,2022,3,800,0,10.06,13.82,16.11,11.21,20.62,14.66,7999,7999,7999,7999,7999,7999,7999,7999,7999
101,2022,3,900,0,10.07,13.83,16.11,11.21,20.62,14.66,7999,7999,7999,7999,7999,7999,7999,7999,7999
101,2022,3,1000,0,10.09,13.83,16.11,11.21,20.62,14.66,7999,7999,7999,7999,7999,7999,7999,7999,7999
101,2022,3,1100,0,10.11,13.83,16.11,11.21,20.61,14.66,7999,7999,7999,7999,7999,7999,7999,7999,7999
101,2022,3,1200,0,10.14,13.84,16.11,11.2,20.61,14.66,7999,7999,7999,7999,7999,7999,7999,7999,7999
101,2022,3,1300,0,10.16,13.85,16.11,11.2,20.61,14.66,7999,7999,7999,7999,7999,7999,7999,7999,7999
101,2022,3,1400,0,10.19,13.86,16.11,11.2,20.6,14.66,7999,7999,7999,7999,7999,7999,7999,7999,7999
101,2022,3,1500,0,10.21,13.87,16.11,11.2,20.6,14.66,7999,7999,7999,7999,7999,7999,7999,7999,7999
101,2022,3,1600,0,10.23,13.88,16.11,11.2,20.6,14.66,7999,7999,7999,7999,7999,7999,7999,7999,7999
101,2022,3,1700,0,10.25,13.89,16.11,11.2,20.6,14.66,7999,7999,7999,7999,7999,7999,7999,7999,7999
101,2022,3,1800,0,10.27,13.9,16.12,11.2,20.6,14.66,7999,7999,7999,7999,7999,7999,7999,7999,7999
101,2022,3,1900,0,10.29,13.92,16.12,11.2,20.59,14.66,7999,7999,7999,7999,7999,7999,7999,7999,7999
101,2022,3,2000,0,10.3,13.92,16.13,11.2,20.59,14.66,7999,7999,7999,7999,7999,7999,7999,7999,7999
101,2022,3,2100,0,10.31,13.94,16.13,11.2,20.58,14.66,7999,7999,7999,7999,7999,7999,7999,7999,7999
101,2022,3,2200,0,10.33,13.95,16.14,11.19,20.58,14.67,7999,7999,7999,7999,7999,7999,7999,7999,7999
101,2022,3,2300,0,10.33,13.96,16.15,11.2,20.57,14.68,7999,7999,7999,7999,7999,7999,7999,7999,7999
101,2022,4,000,0,10.34,13.96,16.15,11.19,20.56,14.67,7999,7999,7999,7999,7999,7999,7999,7999,7999
101,2022,4,100,0,10.35,13.98,16.16,11.2,20.56,14.68,7999,7999,7999,7999,7999,7999,7999,7999,7999
101,2022,4,200,0,10.36,13.98,16.17,11.2,20.56,14.68,7999,7999,7999,7999,7999,7999,7999,7999,7999
101,2022,4,300,0,10.37,13.99,16.17,11.2,20.56,14.68,7999,7999,7999,7999,7999,7999,7999,7999,7999
101,2022,4,400,0,10.37,14,16.18,11.2,20.56,14.68,7999,7999,7999,7999,7999,7999,7999,7999,7999
101,2022,4,500,0,10.38,14.01,16.19,11.2,20.56,14.69,7999,7999,7999,7999,7999,7999,7999,7999,7999
101,2022,4,600,0,10.39,14.02,16.19,11.2,20.55,14.69,7999,7999,7999,7999,7999,7999,7999,7999,7999
101,2022,4,700,0,10.4,14.03,16.2,11.21,20.54,14.69,7999,7999,7999,7999,7999,7999,7999,7999,7999
101,2022,4,800,0,10.4,14.03,16.21,11.2,20.54,14.7,7999,7999,7999,7999,7999,7999,7999,7999,7999
101,2022,4,900,0,10.41,14.04,16.21,11.21,20.54,14.7,7999,7999,7999,7999,7999,7999,7999,7999,7999
101,2022,4,1000,0,10.42,14.04,16.22,11.21,20.54,14.71,7999,7999,7999,7999,7999,7999,7999,7999,7999
101,2022,4,1100,0,10.42,14.06,16.22,11.21,20.53,14.7,7999,7999,7999,7999,7999,7999,7999,7999,7999
101,2022,4,1200,0,10.43,14.07,16.23,11.21,20.53,14.71,7999,7999,7999,7999,7999,7999,7999,7999,7999
101,2022,4,1300,0,10.44,14.07,16.23,11.21,20.53,14.71,7999,7999,7999,7999,7999,7999,7999,7999,7999
101,2022,4,1400,0,10.44,14.08,16.24,11.21,20.53,14.72,7999,7999,7999,7999,7999,7999,7999,7999,7999
101,2022,4,1500,0,10.45,14.09,16.25,11.21,20.53,14.72,7999,7999,7999,7999,7999,7999,7999,7999,7999
101,2022,4,1600,0,10.46,14.1,16.25,11.21,20.53,14.73,7999,7999,7999,7999,7999,7999,7999,7999,7999
101,2022,4,1700,0,10.47,14.11,16.27,11.21,20.53,14.73,7999,7999,7999,7999,7999,7999,7999,7999,7999
101,2022,4,1800,0,10.48,14.11,16.27,11.22,20.53,14.73,7999,7999,7999,7999,7999,7999,7999,7999,7999
101,2022,4,1900,0,10.49,14.13,16.28,11.22,20.53,14.73,7999,7999,7999,7999,7999,7999,7999,7999,7999
101,2022,4,2000,0,10.5,14.14,16.28,11.22,20.53,14.74,7999,7999,7999,7999,7999,7999,7999,7999,7999
101,2022,4,2100,0,10.51,14.14,16.3,11.22,20.53,14.74,7999,7999,7999,7999,7999,7999,7999,7999,7999
101,2022,4,2200,0,10.51,14.15,16.3,11.22,20.52,14.74,7999,7999,7999,7999,7999,7999,7999,7999,7999
101,2022,4,2300,0,10.52,14.16,16.31,11.22,20.52,14.74,7999,7999,7999,7999,7999,7999,7999,7999,7999
101,2022,5,000,0,10.53,14.17,16.31,11.22,20.53,14.74,7999,7999,7999,7999,7999,7999,7999,7999,7999
101,2022,5,100,0,10.54,14.18,16.32,11.23,20.53,14.74,7999,7999,7999,7999,7999,7999,7999,7999,7999
101,2022,5,200,0,26.13,32.89,18.04,11.21,20.56,14.76,7999,7999,7999,7999,7999,7999,7999,7999,7999
101,2022,5,300,0,23.79,32.58,19.9,11.23,20.56,14.76,7999,7999,7999,7999,7999,7999,7999,7999,7999
101,2022,5,400,0,21.88,31.62,20.25,11.29,20.58,14.77,7999,7999,7999,7999,7999,7999,7999,7999,7999
101,2022,5,500,0,20.67,30.88,20.22,11.38,20.6,14.77,7999,7999,7999,7999,7999,7999,7999,7999,7999
101,2022,5,600,0,19.72,30.32,20.12,11.48,20.6,14.77,7999,7999,7999,7999,7999,7999,7999,7999,7999
101,2022,5,700,0,18.75,29.68,19.96,11.58,20.6,14.78,7999,7999,7999,7999,7999,7999,7999,7999,7999
101,2022,5,800,0,17.99,29.14,19.77,11.67,20.6,14.78,7999,7999,7999,7999,7999,7999,7999,7999,7999
101,2022,5,900,0,17.44,28.72,19.6,11.73,20.62,14.78,7999,7999,7999,7999,7999,7999,7999,7999,7999
101,2022,5,1000,0,17,28.39,19.47,11.78,20.65,14.79,7999,7999,7999,7999,7999,7999,7999,7999,7999
101,2022,5,1100,0,16.66,28.13,19.37,11.8,20.69,14.79,7999,7999,7999,7999,7999,7999,7999,7999,7999
101,2022,5,1200,0,16.39,27.93,19.28,11.82,20.73,14.79,7999,7999,7999,7999,7999,7999,7999,7999,7999
101,2022,5,1300,0,16.16,27.76,19.21,11.83,20.78,14.8,7999,7999,7999,7999,7999,7999,7999,7999,7999
101,2022,5,1400,0,16.01,27.61,19.15,11.84,20.83,14.79,7999,7999,7999,7999,7999,7999,7999,7999,7999
101,2022,5,1500,0,17.51,27.75,19.12,11.84,20.9,14.8,7999,7999,7999,7999,7999,7999,7999,7999,7999
101,2022,5,1600,0,23.24,30.03,19.52,11.85,20.93,14.8,7999,7999,7999,7999,7999,7999,7999,7999,7999
101,2022,5,1700,0,23.94,31.12,20.15,11.89,20.95,14.81,7999,7999,7999,7999,7999,7999,7999,7999,7999
101,2022,5,1800,0,24.49,31.72,20.73,11.98,21,14.81,7999,7999,7999,7999,7999,7999,7999,7999,7999
101,2022,5,1900,0,26.11,35.24,22.53,12.16,21.09,14.81,7999,7999,7999,7999,7999,7999,7999,7999,7999
101,2022,5,2000,0,24.17,38.78,27.91,13.06,21.47,14.81,7999,7999,7999,7999,7999,7999,7999,7999,7999
101,2022,5,2100,0,18.47,40.17,36.82,18.52,24.92,14.82,7999,7999,7999,7999,7999,7999,7999,7999,7999
101,2022,5,2200,0,14.26,39.2,39.13,21.96,34.21,14.83,7999,7999,7999,7999,7999,7999,7999,7999,7999
101,2022,5,2300,0,12.45,35.14,39.87,27.24,40.21,14.83,7999,7999,7999,7999,7999,7999,7999,7999,7999
101,2022,6,000,0,12.38,31.76,39.92,26.19,39.11,14.86,7999,7999,7999,7999,7999,7999,7999,7999,7999
101,2022,6,100,0,12.38,24.77,39.88,26.89,39.19,14.87,7999,7999,7999,7999,7999,7999,7999,7999,7999
101,2022,6,200,0,12.29,20.39,39.27,25.78,38.9,14.9,7999,7999,7999,7999,7999,7999,7999,7999,7999
101,2022,6,300,0,12.14,16.03,38.64,25.55,38.89,14.95,7999,7999,7999,7999,7999,7999,7999,7999,7999
101,2022,6,400,0,12.21,16.29,38.68,25.47,38.87,14.99,7999,7999,7999,7999,7999,7999,7999,7999,7999
101,2022,6,500,0,12.26,19.82,39.04,25.56,38.87,15.07,7999,7999,7999,7999,7999,7999,7999,7999,7999
101,2022,6,600,0,12.06,15.58,38.59,25.46,38.91,15.17,7999,7999,7999,7999,7999,7999,7999,7999,7999
101,2022,6,700,0,11.12,14.05,38.21,25.4,38.9,15.3,7999,7999,7999,7999,7999,7999,7999,7999,7999
101,2022,6,800,0,11.44,14.07,38.11,25.3,38.87,15.49,7999,7999,7999,7999,7999,7999,7999,7999,7999
101,2022,6,900,0,11.57,14.23,38.18,25.29,38.88,15.71,7999,7999,7999,7999,7999,7999,7999,7999,7999
101,2022,6,1000,0,11.01,13.79,38.1,25.28,38.9,15.92,7999,7999,7999,7999,7999,7999,7999,7999,7999
101,2022,6,1100,0,10.5,13.42,37.97,25.24,38.88,16.1,7999,7999,7999,7999,7999,7999,7999,7999,7999
101,2022,6,1200,0,10.01,12.99,37.83,25.17,38.83,16.26,7999,7999,7999,7999,7999,7999,7999,7999,7999
101,2022,6,1300,0,9.79,12.78,37.7,25.09,38.79,16.38,7999,7999,7999,7999,7999,7999,7999,7999,7999
101,2022,6,1400,0,9.52,12.71,37.63,25.03,38.72,16.47,7999,7999,7999,7999,7999,7999,7999,7999,7999
101,2022,6,1500,0,9.13,12.51,37.53,24.95,38.65,16.55,7999,7999,7999,7999,7999,7999,7999,7999,7999
101,2022,6,1600,0,8.8,12.32,37.37,24.86,38.55,16.6,7999,7999,7999,7999,7999,7999,7999,7999,7999
101,2022,6,1700,0,8.48,12.17,37.23,24.76,38.43,16.62,7999,7999,7999,7999,7999,7999,7999,7999,7999
101,2022,6,1800,0,8.2,12.03,37.1,24.66,38.31,16.62,7999,7999,7999,7999,7999,7999,7999,7999,7999
101,2022,6,1900,0,7.936,11.89,36.97,24.55,38.19,16.61,7999,7999,7999,7999,7999,7999,7999,7999,7999
101,2022,6,2000,0,7.953,11.8,36.86,24.46,38.07,16.58,7999,7999,7999,7999,7999,7999,7999,7999,7999
101,2022,6,2100,0,7.927,11.75,36.79,24.38,37.95,16.55,7999,7999,7999,7999,7999,7999,7999,7999,7999
101,2022,6,2200,0,7.892,11.7,36.74,24.31,37.86,16.53,7999,7999,7999,7999,7999,7999,7999,7999,7999
101,2022,6,2300,0,7.918,11.68,36.72,24.25,37.78,16.5,7999,7999,7999,7999,7999,7999,7999,7999,7999
101,2022,7,000,0,7.884,11.64,36.67,24.21,37.71,16.49,7999,7999,7999,7999,7999,7999,7999,7999,7999
101,2022,7,100,0,7.918,11.62,36.66,24.18,37.68,16.47,7999,7999,7999,7999,7999,7999,7999,7999,7999
101,2022,7,200,0,7.997,11.61,36.66,24.16,37.63,16.47,7999,7999,7999,7999,7999,7999,7999,7999,7999
101,2022,7,300,0,8.18,11.63,36.67,24.15,37.63,16.47,7999,7999,7999,7999,7999,7999,7999,7999,7999
101,2022,7,400,0,8.19,11.64,36.7,24.17,37.65,16.47,7999,7999,7999,7999,7999,7999,7999,7999,7999
101,2022,7,500,0,7.988,11.62,36.69,24.19,37.68,16.53,7999,7999,7999,7999,7999,7999,7999,7999,7999
101,2022,7,600,0,8.02,11.61,36.67,24.19,37.68,16.59,7999,7999,7999,7999,7999,7999,7999,7999,7999
101,2022,7,700,0,8.06,11.62,36.67,24.2,37.69,16.66,7999,7999,7999,7999,7999,7999,7999,7999,7999
101,2022,7,800,0,8.02,11.63,36.7,24.2,37.7,16.72,7999,7999,7999,7999,7999,7999,7999,7999,7999
101,2022,7,900,0,7.949,11.63,36.7,24.2,37.71,16.8,7999,7999,7999,7999,7999,7999,7999,7999,7999
101,2022,7,1000,0,7.849,11.63,36.69,24.2,37.73,16.88,7999,7999,7999,7999,7999,7999,7999,7999,7999
101,2022,7,1100,0,7.72,11.61,36.67,24.18,37.71,16.89,7999,7999,7999,7999,7999,7999,7999,7999,7999
101,2022,7,1200,0,7.576,11.57,36.64,24.16,37.7,16.87,7999,7999,7999,7999,7999,7999,7999,7999,7999
101,2022,7,1300,0,7.383,11.49,36.61,24.13,37.67,16.83,7999,7999,7999,7999,7999,7999,7999,7999,7999
101,2022,7,1400,0,7.188,11.43,36.58,24.1,37.63,16.78,7999,7999,7999,7999,7999,7999,7999,7999,7999
101,2022,7,1500,0,6.977,11.37,36.53,24.07,37.58,16.74,7999,7999,7999,7999,7999,7999,7999,7999,7999
101,2022,7,1600,0,6.742,11.31,36.49,24.04,37.54,16.7,7999,7999,7999,7999,7999,7999,7999,7999,7999
101,2022,7,1700,0,6.412,11.24,36.44,24,37.47,16.66,7999,7999,7999,7999,7999,7999,7999,7999,7999
101,2022,7,1800,0,6.125,11.16,36.37,23.96,37.39,16.61,7999,7999,7999,7999,7999,7999,7999,7999,7999
101,2022,7,1900,0,5.918,11.1,36.31,23.91,37.33,16.57,7999,7999,7999,7999,7999,7999,7999,7999,7999
101,2022,7,2000,0,5.745,11.05,36.25,23.86,37.26,16.53,7999,7999,7999,7999,7999,7999,7999,7999,7999
101,2022,7,2100,0,5.613,11,36.2,23.82,37.19,16.49,7999,7999,7999,7999,7999,7999,7999,7999,7999
101,2022,7,2200,0,5.525,10.96,36.16,23.78,37.12,16.46,7999,7999,7999,7999,7999,7999,7999,7999,7999
101,2022,7,2300,0,5.448,10.95,36.13,23.74,37.05,16.42,7999,7999,7999,7999,7999,7999,7999,7999,7999
101,2022,8,000,0,5.424,10.96,36.08,23.69,37,16.39,7999,7999,7999,7999,7999,7999,7999,7999,7999
101,2022,8,100,0,5.472,10.93,36.05,23.64,36.94,16.35,7999,7999,7999,7999,7999,7999,7999,7999,7999
101,2022,8,200,0,5.49,10.88,36.02,23.6,36.89,16.33,7999,7999,7999,7999,7999,7999,7999,7999,7999
101,2022,8,300,0,5.486,10.85,35.96,23.57,36.84,16.29,7999,7999,7999,7999,7999,7999,7999,7999,7999
101,2022,8,400,0,5.472,10.81,35.92,23.54,36.78,16.26,7999,7999,7999,7999,7999,7999,7999,7999,7999
101,2022,8,500,0,5.459,10.78,35.88,23.51,36.73,16.23,7999,7999,7999,7999,7999,7999,7999,7999,7999
101,2022,8,600,0,5.431,10.74,35.86,23.48,36.7,16.23,7999,7999,7999,7999,7999,7999,7999,7999,7999
101,2022,8,700,0,5.403,10.71,35.84,23.45,36.65,16.21,7999,7999,7999,7999,7999,7999,7999,7999,7999
101,2022,8,800,0,5.382,10.67,35.78,23.42,36.61,16.19,7999,7999,7999,7999,7999,7999,7999,7999,7999
101,2022,8,900,0,5.362,10.64,35.76,23.39,36.63,16.17,7999,7999,7999,7999,7999,7999,7999,7999,7999
101,2022,8,1000,0,5.362,10.62,35.73,23.37,36.6,16.15,7999,7999,7999,7999,7999,7999,7999,7999,7999
101,2022,8,1100,0,5.389,10.62,35.69,23.34,36.56,16.1,7999,7999,7999,7999,7999,7999,7999,7999,7999
101,2022,8,1200,0,5.434,10.62,35.66,23.33,36.53,16.06,7999,7999,7999,7999,7999,7999,7999,7999,7999
101,2022,8,1300,0,5.497,10.61,35.63,23.31,36.5,16.04,7999,7999,7999,7999,7999,7999,7999,7999,7999
101,2022,8,1400,0,5.563,10.6,35.61,23.3,36.47,16.03,7999,7999,7999,7999,7999,7999,7999,7999,7999
101,2022,8,1500,0,5.574,10.58,35.6,23.28,36.45,16,7999,7999,7999,7999,7999,7999,7999,7999,7999
101,2022,8,1600,0,5.553,10.56,35.58,23.25,36.42,15.99,7999,7999,7999,7999,7999,7999,7999,7999,7999
101,2022,8,1700,0,5.511,10.53,35.56,23.25,36.35,15.98,7999,7999,7999,7999,7999,7999,7999,7999,7999
101,2022,8,1800,0,5.479,10.51,35.55,23.23,36.32,16,7999,7999,7999,7999,7999,7999,7999,7999,7999
101,2022,8,1900,0,5.434,10.49,35.54,23.21,36.29,16.01,7999,7999,7999,7999,7999,7999,7999,7999,7999
101,2022,8,2000,0,5.355,10.46,35.51,23.2,36.27,16.03,7999,7999,7999,7999,7999,7999,7999,7999,7999
101,2022,8,2100,0,5.249,10.43,35.5,23.18,36.25,16.02,7999,7999,7999,7999,7999,7999,7999,7999,7999
101,2022,8,2200,0,5.144,10.41,35.47,23.17,36.22,16.01,7999,7999,7999,7999,7999,7999,7999,7999,7999
101,2022,8,2300,0,5.041,10.38,35.46,23.16,36.2,16,7999,7999,7999,7999,7999,7999,7999,7999,7999
101,2022,9,000,0,4.938,10.35,35.41,23.15,36.19,15.98,7999,7999,7999,7999,7999,7999,7999,7999,7999
101,2022,9,100,0,4.863,10.32,35.37,23.13,36.17,15.97,7999,7999,7999,7999,7999,7999,7999,7999,7999
101,2022,9,200,0,4.818,10.3,35.34,23.11,36.14,15.95,7999,7999,7999,7999,7999,7999,7999,7999,7999
101,2022,9,300,0,4.786,10.29,35.32,23.09,36.1,15.93,7999,7999,7999,7999,7999,7999,7999,7999,7999
101,2022,9,400,0,4.747,10.27,35.27,23.08,36.08,15.92,7999,7999,7999,7999,7999,7999,7999,7999,7999
101,2022,9,500,0,4.715,10.25,35.26,23.06,36.04,15.89,7999,7999,7999,7999,7999,7999,7999,7999,7999
101,2022,9,600,0,4.687,10.24,35.23,23.05,36.04,15.87,7999,7999,7999,7999,7999,7999,7999,7999,7999
101,2022,9,700,0,4.649,10.22,35.19,23.02,36.03,15.85,7999,7999,7999,7999,7999,7999,7999,7999,7999
101,2022,9,800,0,4.614,10.18,35.15,23,36.02,15.83,7999,7999,7999,7999,7999,7999,7999,7999,7999
101,2022,9,900,0,4.586,10.17,35.13,22.97,36.08,15.8,7999,7999,7999,7999,7999,7999,7999,7999,7999
101,2022,9,1000,0,4.598,10.18,35.1,22.96,36.02,15.74,7999,7999,7999,7999,7999,7999,7999,7999,7999
101,2022,9,1100,0,4.624,10.18,35.08,22.96,35.98,15.65,7999,7999,7999,7999,7999,7999,7999,7999,7999
101,2022,9,1200,0,4.652,10.18,35.05,22.95,35.93,15.58,7999,7999,7999,7999,7999,7999,7999,7999,7999
101,2022,9,1300,0,4.677,10.18,35,22.95,35.93,15.54,7999,7999,7999,7999,7999,7999,7999,7999,7999
101,2022,9,1400,0,4.77,10.26,35.08,22.93,35.92,15.54,7999,7999,7999,7999,7999,7999,7999,7999,7999
101,2022,9,1500,0,5.091,10.27,35.1,22.93,35.9,15.54,7999,7999,7999,7999,7999,7999,7999,7999,7999
101,2022,9,1600,0,4.998,10.19,34.99,22.93,35.91,15.54,7999,7999,7999,7999,7999,7999,7999,7999,7999
101,2022,9,1700,0,4.952,10.17,34.96,22.92,35.71,15.54,7999,7999,7999,7999,7999,7999,7999,7999,7999
101,2022,9,1800,0,4.922,10.16,34.9,22.9,35.7,15.55,7999,7999,7999,7999,7999,7999,7999,7999,7999
101,2022,9,1900,0,4.912,10.15,34.84,22.88,35.69,15.55,7999,7999,7999,7999,7999,7999,7999,7999,7999
101,2022,9,2000,0,4.896,10.14,34.81,22.88,35.64,15.56,7999,7999,7999,7999,7999,7999,7999,7999,7999
101,2022,9,2100,0,4.88,10.12,34.74,22.86,35.64,15.56,7999,7999,7999,7999,7999,7999,7999,7999,7999
101,2022,9,2200,0,4.854,10.11,34.7,22.84,35.59,15.56,7999,7999,7999,7999,7999,7999,7999,7999,7999
101,2022,9,2300,0,4.815,10.09,34.67,22.83,35.68,15.56,7999,7999,7999,7999,7999,7999,7999,7999,7999
101,2022,10,000,0,4.77,10.05,34.63,22.81,35.61,15.55,7999,7999,7999,7999,7999,7999,7999,7999,7999
101,2022,10,100,0,4.709,10.02,34.59,22.79,35.64,15.54,7999,7999,7999,7999,7999,7999,7999,7999,7999
101,2022,10,200,0,4.636,9.98,34.53,22.76,35.67,15.52,7999,7999,7999,7999,7999,7999,7999,7999,7999
101,2022,10,300,0,4.57,9.95,34.45,22.73,35.61,15.5,7999,7999,7999,7999,7999,7999,7999,7999,7999
101,2022,10,400,0,4.505,9.95,34.36,22.67,35.57,15.48,7999,7999,7999,7999,7999,7999,7999,7999,7999
101,2022,10,500,0,4.455,9.93,34.29,22.63,35.51,15.45,7999,7999,7999,7999,7999,7999,7999,7999,7999
101,2022,10,600,0,4.428,9.92,34.24,22.6,35.49,15.41,7999,7999,7999,7999,7999,7999,7999,7999,7999
101,2022,10,700,0,4.406,9.91,34.21,22.57,35.46,15.37,7999,7999,7999,7999,7999,7999,7999,7999,7999
101,2022,10,800,0,4.397,9.91,34.2,22.57,35.5,15.31,7999,7999,7999,7999,7999,7999,7999,7999,7999
101,2022,10,900,0,4.406,9.92,34.19,22.57,35.54,15.25,7999,7999,7999,7999,7999,7999,7999,7999,7999
101,2022,10,1000,0,4.428,9.92,34.18,22.57,35.53,15.21,7999,7999,7999,7999,7999,7999,7999,7999,7999
101,2022,10,1100,0,4.452,9.93,34.15,22.58,35.45,15.19,7999,7999,7999,7999,7999,7999,7999,7999,7999
101,2022,10,1200,0,4.477,9.93,34.13,22.58,35.47,15.18,7999,7999,7999,7999,7999,7999,7999,7999,7999
101,2022,10,1300,0,4.876,10.14,34.16,22.58,35.5,15.18,7999,7999,7999,7999,7999,7999,7999,7999,7999
101,2022,10,1400,0,5.225,10.27,34.33,22.59,35.43,15.18,7999,7999,7999,7999,7999,7999,7999,7999,7999
101,2022,10,1500,0,5.338,10.21,34.24,22.59,35.47,15.19,7999,7999,7999,7999,7999,7999,7999,7999,7999
101,2022,10,1600,0,5.144,10.11,34.16,22.58,35.51,15.19,7999,7999,7999,7999,7999,7999,7999,7999,7999
101,2022,10,1700,0,5.014,10.07,34.14,22.58,35.43,15.19,7999,7999,7999,7999,7999,7999,7999,7999,7999
101,2022,10,1800,0,4.948,10.06,34.13,22.57,35.47,15.19,7999,7999,7999,7999,7999,7999,7999,7999,7999
101,2022,10,1900,0,4.909,10.05,34.12,22.57,35.43,15.19,7999,7999,7999,7999,7999,7999,7999,7999,7999
101,2022,10,2000,0,4.873,10.05,34.1,22.57,35.42,15.21,7999,7999,7999,7999,7999,7999,7999,7999,7999
101,2022,10,2100,0,4.841,10.04,34.09,22.56,35.44,15.22,7999,7999,7999,7999,7999,7999,7999,7999,7999
101,2022,10,2200,0,4.828,10.04,34.09,22.56,35.4,15.23,7999,7999,7999,7999,7999,7999,7999,7999,7999
101,2022,10,2300,0,4.818,10.04,34.09,22.56,35.39,15.23,7999,7999,7999,7999,7999,7999,7999,7999,7999
101,2022,11,000,0,4.805,10.04,34.08,22.55,35.38,15.24,7999,7999,7999,7999,7999,7999,7999,7999,7999
101,2022,11,100,0,4.805,10.03,34.06,22.54,35.35,15.25,7999,7999,7999,7999,7999,7999,7999,7999,7999
101,2022,11,200,0,4.805,10.03,34.05,22.54,35.35,15.25,7999,7999,7999,7999,7999,7999,7999,7999,7999
101,2022,11,300,0,4.838,10.03,34.05,22.54,35.45,15.25,7999,7999,7999,7999,7999,7999,7999,7999,7999
101,2022,11,400,0,4.955,10.04,34.04,22.54,35.5,15.25,7999,7999,7999,7999,7999,7999,7999,7999,7999
101,2022,11,500,0,5.021,10.04,34.04,22.54,35.46,15.25,7999,7999,7999,7999,7999,7999,7999,7999,7999
101,2022,11,600,0,5.296,10.15,34.04,22.54,35.47,15.25,7999,7999,7999,7999,7999,7999,7999,7999,7999
101,2022,11,700,0,5.358,10.16,34.04,22.54,35.49,15.26,7999,7999,7999,7999,7999,7999,7999,7999,7999
101,2022,11,800,0,5.245,10.11,34.04,22.54,35.42,15.26,7999,7999,7999,7999,7999,7999,7999,7999,7999
101,2022,11,900,0,5.393,10.17,34.04,22.54,35.44,15.28,7999,7999,7999,7999,7999,7999,7999,7999,7999
101,2022,11,1000,0,5.709,10.35,34.18,22.54,35.39,15.32,7999,7999,7999,7999,7999,7999,7999,7999,7999
101,2022,11,1100,0,6.188,10.53,34.49,22.55,35.38,15.36,7999,7999,7999,7999,7999,7999,7999,7999,7999
101,2022,11,1200,0,6.297,10.53,34.5,22.56,35.35,15.43,7999,7999,7999,7999,7999,7999,7999,7999,7999
101,2022,11,1300,0,6.393,10.55,34.51,22.57,35.4,15.57,7999,7999,7999,7999,7999,7999,7999,7999,7999
101,2022,11,1400,0,6.222,10.43,34.41,22.58,35.38,15.78,7999,7999,7999,7999,7999,7999,7999,7999,7999
101,2022,11,1500,0,6.088,10.41,34.4,22.59,35.39,16.03,7999,7999,7999,7999,7999,7999,7999,7999,7999
101,2022,11,1600,0,6.003,10.43,34.44,22.61,35.39,16.29,7999,7999,7999,7999,7999,7999,7999,7999,7999
101,2022,11,1700,0,5.864,10.43,34.46,22.64,35.44,16.49,7999,7999,7999,7999,7999,7999,7999,7999,7999
101,2022,11,1800,0,5.737,10.42,34.48,22.66,35.36,16.59,7999,7999,7999,7999,7999,7999,7999,7999,7999
101,2022,11,1900,0,5.606,10.4,34.48,22.69,35.35,16.63,7999,7999,7999,7999,7999,7999,7999,7999,7999
101,2022,11,2000,0,5.525,10.39,34.48,22.71,35.49,16.62,7999,7999,7999,7999,7999,7999,7999,7999,7999
101,2022,11,2100,0,5.472,10.38,34.46,22.73,35.6,16.58,7999,7999,7999,7999,7999,7999,7999,7999,7999
101,2022,11,2200,0,5.427,10.36,34.45,22.74,35.56,16.55,7999,7999,7999,7999,7999,7999,7999,7999,7999
101,2022,11,2300,0,5.382,10.35,34.45,22.75,35.58,16.51,7999,7999,7999,7999,7999,7999,7999,7999,7999
101,2022,12,000,0,5.351,10.34,34.45,22.75,35.64,16.48,7999,7999,7999,7999,7999,7999,7999,7999,7999
101,2022,12,100,0,5.327,10.33,34.43,22.76,35.57,16.45,7999,7999,7999,7999,7999,7999,7999,7999,7999
101,2022,12,200,0,5.307,10.32,34.43,22.77,35.67,16.41,7999,7999,7999,7999,7999,7999,7999,7999,7999
101,2022,12,300,0,5.286,10.31,34.42,22.77,35.51,16.37,7999,7999,7999,7999,7999,7999,7999,7999,7999
101,2022,12,400,0,5.252,10.3,34.41,22.78,35.57,16.35,7999,7999,7999,7999,7999,7999,7999,7999,7999
101,2022,12,500,0,5.222,10.29,34.4,22.78,35.62,16.31,7999,7999,7999,7999,7999,7999,7999,7999,7999
101,2022,12,600,0,5.201,10.28,34.4,22.78,35.6,16.28,7999,7999,7999,7999,7999,7999,7999,7999,7999
101,2022,12,700,0,5.164,10.27,34.4,22.78,35.61,16.27,7999,7999,7999,7999,7999,7999,7999,7999,7999
101,2022,12,800,0,5.124,10.25,34.38,22.78,35.61,16.25,7999,7999,7999,7999,7999,7999,7999,7999,7999
101,2022,12,900,0,5.104,10.25,34.37,22.77,35.69,16.21,7999,7999,7999,7999,7999,7999,7999,7999,7999
101,2022,12,1000,0,5.131,10.25,34.36,22.77,35.69,16.17,7999,7999,7999,7999,7999,7999,7999,7999,7999
101,2022,12,1100,0,5.178,10.26,34.35,22.77,35.7,16.15,7999,7999,7999,7999,7999,7999,7999,7999,7999
101,2022,12,1200,0,5.235,10.26,34.35,22.76,35.62,16.13,7999,7999,7999,7999,7999,7999,7999,7999,7999
101,2022,12,1300,0,5.286,10.28,34.35,22.76,35.73,16.11,7999,7999,7999,7999,7999,7999,7999,7999,7999
101,2022,12,1400,0,5.348,10.3,34.36,22.76,35.75,16.09,7999,7999,7999,7999,7999,7999,7999,7999,7999
101,2022,12,1500,0,5.382,10.33,34.37,22.77,35.95,16.07,7999,7999,7999,7999,7999,7999,7999,7999,7999
101,2022,12,1600,0,5.375,10.34,34.4,22.79,35.79,16.11,7999,7999,7999,7999,7999,7999,7999,7999,7999
101,2022,12,1700,0,5.348,10.34,34.42,22.79,35.75,16.15,7999,7999,7999,7999,7999,7999,7999,7999,7999
101,2022,12,1800,0,5.303,10.32,34.42,22.81,35.71,16.19,7999,7999,7999,7999,7999,7999,7999,7999,7999
101,2022,12,1900,0,5.242,10.3,34.42,22.81,35.7,16.19,7999,7999,7999,7999,7999,7999,7999,7999,7999
101,2022,12,2000,0,5.178,10.28,34.41,22.81,35.7,16.2,7999,7999,7999,7999,7999,7999,7999,7999,7999
101,2022,12,2100,0,5.127,10.27,34.4,22.82,35.69,16.19,7999,7999,7999,7999,7999,7999,7999,7999,7999
101,2022,12,2200,0,5.054,10.24,34.4,22.82,35.69,16.21,7999,7999,7999,7999,7999,7999,7999,7999,7999
101,2022,12,2300,0,4.981,10.22,34.38,22.81,35.68,16.19,7999,7999,7999,7999,7999,7999,7999,7999,7999
101,2022,13,000,0,4.935,10.21,34.36,22.81,35.64,16.17,7999,7999,7999,7999,7999,7999,7999,7999,7999
101,2022,13,100,0,4.906,10.21,34.36,22.8,35.78,16.12,7999,7999,7999,7999,7999,7999,7999,7999,7999
101,2022,13,200,0,4.886,10.21,34.34,22.79,35.74,16.09,7999,7999,7999,7999,7999,7999,7999,7999,7999
101,2022,13,300,0,4.867,10.2,34.33,22.79,35.79,16.07,7999,7999,7999,7999,7999,7999,7999,7999,7999
101,2022,13,400,0,4.876,10.21,34.32,22.79,35.73,16.04,7999,7999,7999,7999,7999,7999,7999,7999,7999
101,2022,13,500,0,4.88,10.2,34.31,22.78,35.76,16.03,7999,7999,7999,7999,7999,7999,7999,7999,7999
101,2022,13,600,0,4.886,10.2,34.3,22.77,35.72,16.01,7999,7999,7999,7999,7999,7999,7999,7999,7999
101,2022,13,700,0,4.932,10.2,34.29,22.76,35.71,15.99,7999,7999,7999,7999,7999,7999,7999,7999,7999
101,2022,13,800,0,5.014,10.21,34.28,22.76,35.78,15.98,7999,7999,7999,7999,7999,7999,7999,7999,7999
101,2022,13,900,0,5.141,10.24,34.3,22.76,35.75,15.99,7999,7999,7999,7999,7999,7999,7999,7999,7999
101,2022,13,1000,0,5.3,10.28,34.32,22.76,35.75,16.13,7999,7999,7999,7999,7999,7999,7999,7999,7999
101,2022,13,1100,0,5.31,10.3,34.33,22.76,35.75,16.31,7999,7999,7999,7999,7999,7999,7999,7999,7999
101,2022,13,1200,0,5.273,10.32,34.35,22.76,35.73,16.47,7999,7999,7999,7999,7999,7999,7999,7999,7999
101,2022,13,1300,0,5.242,10.33,34.36,22.78,35.7,16.61,7999,7999,7999,7999,7999,7999,7999,7999,7999
101,2022,13,1400,0,5.215,10.33,34.37,22.79,35.74,16.78,7999,7999,7999,7999,7999,7999,7999,7999,7999
101,2022,13,1500,0,5.201,10.33,34.38,22.79,35.75,16.91,7999,7999,7999,7999,7999,7999,7999,7999,7999
101,2022,13,1600,0,5.181,10.33,34.39,22.8,35.76,16.96,7999,7999,7999,7999,7999,7999,7999,7999,7999
101,2022,13,1700,0,5.164,10.32,34.4,22.82,35.71,16.99,7999,7999,7999,7999,7999,7999,7999,7999,7999
101,2022,13,1800,0,5.151,10.31,34.4,22.83,35.7,17,7999,7999,7999,7999,7999,7999,7999,7999,7999
101,2022,13,1900,0,5.137,10.3,34.39,22.83,35.73,16.97,7999,7999,7999,7999,7999,7999,7999,7999,7999
101,2022,13,2000,0,5.117,10.3,34.4,22.84,35.72,16.93,7999,7999,7999,7999,7999,7999,7999,7999,7999
101,2022,13,2100,0,5.084,10.29,34.39,22.83,35.7,16.89,7999,7999,7999,7999,7999,7999,7999,7999,7999
101,2022,13,2200,0,5.037,10.27,34.38,22.84,35.74,16.86,7999,7999,7999,7999,7999,7999,7999,7999,7999
101,2022,13,2300,0,4.978,10.26,34.37,22.83,35.73,16.82,7999,7999,7999,7999,7999,7999,7999,7999,7999
101,2022,14,000,0,4.922,10.24,34.37,22.83,35.74,16.78,7999,7999,7999,7999,7999,7999,7999,7999,7999
101,2022,14,100,0,4.87,10.22,34.36,22.82,35.73,16.74,7999,7999,7999,7999,7999,7999,7999,7999,7999
101,2022,14,200,0,4.838,10.21,34.35,22.81,35.71,16.68,7999,7999,7999,7999,7999,7999,7999,7999,7999
101,2022,14,300,0,4.783,10.19,34.34,22.8,35.69,16.66,7999,7999,7999,7999,7999,7999,7999,7999,7999
101,2022,14,400,0,4.712,10.17,34.33,22.79,35.69,16.63,7999,7999,7999,7999,7999,7999,7999,7999,7999
101,2022,14,500,0,4.646,10.15,34.32,22.79,35.7,16.61,7999,7999,7999,7999,7999,7999,7999,7999,7999
101,2022,14,600,0,4.555,10.14,34.31,22.78,35.64,16.58,7999,7999,7999,7999,7999,7999,7999,7999,7999
101,2022,14,700,0,4.489,10.12,34.29,22.78,35.63,16.55,7999,7999,7999,7999,7999,7999,7999,7999,7999
101,2022,14,800,0,4.455,10.11,34.28,22.76,35.63,16.5,7999,7999,7999,7999,7999,7999,7999,7999,7999
101,2022,14,900,0,4.443,10.11,34.26,22.75,35.77,16.43,7999,7999,7999,7999,7999,7999,7999,7999,7999
101,2022,14,1000,0,4.434,10.11,34.24,22.75,35.82,16.3,7999,7999,7999,7999,7999,7999,7999,7999,7999
101,2022,14,1100,0,4.455,10.13,34.23,22.75,35.78,16.23,7999,7999,7999,7999,7999,7999,7999,7999,7999
101,2022,14,1200,0,4.567,10.14,34.2,22.73,35.74,16.22,7999,7999,7999,7999,7999,7999,7999,7999,7999
101,2022,14,1300,0,4.735,10.17,34.19,22.73,35.8,16.19,7999,7999,7999,7999,7999,7999,7999,7999,7999
101,2022,14,1400,0,4.847,10.19,34.2,22.72,35.8,16.17,7999,7999,7999,7999,7999,7999,7999,7999,7999
101,2022,14,1500,0,4.899,10.2,34.21,22.72,35.74,16.21,7999,7999,7999,7999,7999,7999,7999,7999,7999
101,2022,14,1600,0,4.889,10.2,34.23,22.72,35.68,16.27,7999,7999,7999,7999,7999,7999,7999,7999,7999
101,2022,14,1700,0,4.87,10.2,34.24,22.72,35.66,16.29,7999,7999,7999,7999,7999,7999,7999,7999,7999
101,2022,14,1800,0,4.841,10.18,34.25,22.72,35.61,16.29,7999,7999,7999,7999,7999,7999,7999,7999,7999
101,2022,14,1900,0,4.818,10.18,34.25,22.73,35.64,16.29,7999,7999,7999,7999,7999,7999,7999,7999,7999
101,2022,14,2000,0,4.792,10.18,34.24,22.72,35.61,16.27,7999,7999,7999,7999,7999,7999,7999,7999,7999
101,2022,14,2100,0,4.747,10.16,34.24,22.73,35.63,16.27,7999,7999,7999,7999,7999,7999,7999,7999,7999
101,2022,14,2200,0,4.693,10.14,34.24,22.72,35.6,16.27,7999,7999,7999,7999,7999,7999,7999,7999,7999
101,2022,14,2300,0,4.63,10.13,34.23,22.72,35.59,16.27,7999,7999,7999,7999,7999,7999,7999,7999,7999
101,2022,15,000,0,4.567,10.12,34.23,22.72,35.56,16.27,7999,7999,7999,7999,7999,7999,7999,7999,7999
101,2022,15,100,0,4.508,10.1,34.21,22.72,35.56,16.26,7999,7999,7999,7999,7999,7999,7999,7999,7999
101,2022,15,200,0,4.474,10.09,34.19,22.71,35.56,16.26,7999,7999,7999,7999,7999,7999,7999,7999,7999
101,2022,15,300,0,4.44,10.08,34.18,22.71,35.55,16.21,7999,7999,7999,7999,7999,7999,7999,7999,7999
101,2022,15,400,0,4.406,10.07,34.17,22.71,35.54,16.17,7999,7999,7999,7999,7999,7999,7999,7999,7999
101,2022,15,500,0,4.36,10.05,34.15,22.7,35.53,16.09,7999,7999,7999,7999,7999,7999,7999,7999,7999
101,2022,15,600,0,4.315,10.04,34.13,22.7,35.57,16,7999,7999,7999,7999,7999,7999,7999,7999,7999
101,2022,15,700,0,4.264,10.07,34.12,22.69,35.5,15.95,7999,7999,7999,7999,7999,7999,7999,7999,7999
101,2022,15,800,0,4.231,10.06,34.1,22.67,35.54,15.88,7999,7999,7999,7999,7999,7999,7999,7999,7999
101,2022,15,900,0,4.234,10.06,34.09,22.66,35.7,15.78,7999,7999,7999,7999,7999,7999,7999,7999,7999
101,2022,15,1000,0,4.243,10.08,34.09,22.66,35.68,15.66,7999,7999,7999,7999,7999,7999,7999,7999,7999
101,2022,15,1100,0,4.27,10.1,34.08,22.66,35.69,15.61,7999,7999,7999,7999,7999,7999,7999,7999,7999
101,2022,15,1200,0,4.318,10.11,34.06,22.65,35.57,15.62,7999,7999,7999,7999,7999,7999,7999,7999,7999
101,2022,15,1300,0,4.428,10.13,34.05,22.64,35.58,15.61,7999,7999,7999,7999,7999,7999,7999,7999,7999
101,2022,15,1400,0,4.624,10.18,34.04,22.63,35.7,15.61,7999,7999,7999,7999,7999,7999,7999,7999,7999
101,2022,15,1500,0,4.731,10.19,34.04,22.63,35.74,15.66,7999,7999,7999,7999,7999,7999,7999,7999,7999
101,2022,15,1600,0,4.77,10.2,34.05,22.63,35.7,15.78,7999,7999,7999,7999,7999,7999,7999,7999,7999
101,2022,15,1700,0,4.76,10.2,34.06,22.63,35.63,15.88,7999,7999,7999,7999,7999,7999,7999,7999,7999
101,2022,15,1800,0,4.738,10.19,34.07,22.63,35.57,15.95,7999,7999,7999,7999,7999,7999,7999,7999,7999
101,2022,15,1900,0,4.722,10.19,34.07,22.63,35.51,15.97,7999,7999,7999,7999,7999,7999,7999,7999,7999
101,2022,15,2000,0,4.7,10.18,34.08,22.63,35.54,15.98,7999,7999,7999,7999,7999,7999,7999,7999,7999
101,2022,15,2100,0,4.668,10.18,34.08,22.63,35.54,15.99,7999,7999,7999,7999,7999,7999,7999,7999,7999
101,2022,15,2200,0,4.639,10.16,34.08,22.63,35.54,15.99,7999,7999,7999,7999,7999,7999,7999,7999,7999
101,2022,15,2300,0,4.611,10.16,34.07,22.63,35.53,15.98,7999,7999,7999,7999,7999,7999,7999,7999,7999
101,2022,16,000,0,4.58,10.15,34.07,22.63,35.5,15.99,7999,7999,7999,7999,7999,7999,7999,7999,7999
101,2022,16,100,0,4.555,10.14,34.06,22.63,35.54,15.97,7999,7999,7999,7999,7999,7999,7999,7999,7999
101,2022,16,200,0,4.514,10.13,34.05,22.63,35.54,15.95,7999,7999,7999,7999,7999,7999,7999,7999,7999
101,2022,16,300,0,4.461,10.12,34.04,22.63,35.5,15.95,7999,7999,7999,7999,7999,7999,7999,7999,7999
101,2022,16,400,0,4.415,10.11,34.04,22.63,35.45,15.93,7999,7999,7999,7999,7999,7999,7999,7999,7999
101,2022,16,500,0,4.382,10.11,34.02,22.63,35.5,15.9,7999,7999,7999,7999,7999,7999,7999,7999,7999
101,2022,16,600,0,4.342,10.09,34,22.63,35.43,15.85,7999,7999,7999,7999,7999,7999,7999,7999,7999
101,2022,16,700,0,4.3,10.08,33.99,22.62,35.5,15.8,7999,7999,7999,7999,7999,7999,7999,7999,7999
101,2022,16,800,0,4.234,10.07,33.97,22.62,35.49,15.74,7999,7999,7999,7999,7999,7999,7999,7999,7999
101,2022,16,900,0,4.213,10.06,33.96,22.61,35.58,15.67,7999,7999,7999,7999,7999,7999,7999,7999,7999
101,2022,16,1000,0,4.231,10.07,33.96,22.6,35.53,15.54,7999,7999,7999,7999,7999,7999,7999,7999,7999
101,2022,16,1100,0,4.264,10.07,33.95,22.58,35.49,15.51,7999,7999,7999,7999,7999,7999,7999,7999,7999
101,2022,16,1200,0,4.336,10.11,33.94,22.58,35.52,15.5,7999,7999,7999,7999,7999,7999,7999,7999,7999
101,2022,16,1300,0,4.505,10.13,33.92,22.58,35.7,15.48,7999,7999,7999,7999,7999,7999,7999,7999,7999
101,2022,16,1400,0,4.642,10.15,33.92,22.58,35.75,15.49,7999,7999,7999,7999,7999,7999,7999,7999,7999
101,2022,16,1500,0,4.69,10.17,33.94,22.58,35.79,15.59,7999,7999,7999,7999,7999,7999,7999,7999,7999
101,2022,16,1600,0,4.687,10.17,33.95,22.58,35.63,15.73,7999,7999,7999,7999,7999,7999,7999,7999,7999
101,2022,16,1700,0,4.671,10.17,33.96,22.57,35.57,15.84,7999,7999,7999,7999,7999,7999,7999,7999,7999
101,2022,16,1800,0,4.658,10.16,33.96,22.58,35.55,15.89,7999,7999,7999,7999,7999,7999,7999,7999,7999
101,2022,16,1900,0,4.655,10.16,33.96,22.58,35.53,15.9,7999,7999,7999,7999,7999,7999,7999,7999,7999
101,2022,16,2000,0,4.642,10.16,33.97,22.58,35.53,15.89,7999,7999,7999,7999,7999,7999,7999,7999,7999
101,2022,16,2100,0,4.633,10.15,33.97,22.58,35.5,15.88,7999,7999,7999,7999,7999,7999,7999,7999,7999
101,2022,16,2200,0,4.614,10.14,33.96,22.58,35.49,15.87,7999,7999,7999,7999,7999,7999,7999,7999,7999
101,2022,16,2300,0,4.598,10.14,33.97,22.58,35.46,15.85,7999,7999,7999,7999,7999,7999,7999,7999,7999
101,2022,17,000,0,4.573,10.13,33.96,22.58,35.49,15.83,7999,7999,7999,7999,7999,7999,7999,7999,7999
101,2022,17,100,0,4.545,10.12,33.96,22.58,35.46,15.81,7999,7999,7999,7999,7999,7999,7999,7999,7999
101,2022,17,200,0,4.52,10.11,33.95,22.58,35.43,15.79,7999,7999,7999,7999,7999,7999,7999,7999,7999
101,2022,17,300,0,4.505,10.11,33.95,22.58,35.44,15.76,7999,7999,7999,7999,7999,7999,7999,7999,7999
101,2022,17,400,0,4.486,10.1,33.94,22.58,35.43,15.74,7999,7999,7999,7999,7999,7999,7999,7999,7999
101,2022,17,500,0,4.465,10.1,33.94,22.57,35.45,15.72,7999,7999,7999,7999,7999,7999,7999,7999,7999
101,2022,17,600,0,4.44,10.09,33.92,22.57,35.47,15.69,7999,7999,7999,7999,7999,7999,7999,7999,7999
101,2022,17,700,0,4.406,10.08,33.9,22.57,35.45,15.66,7999,7999,7999,7999,7999,7999,7999,7999,7999
101,2022,17,800,0,4.373,10.07,33.9,22.57,35.45,15.63,7999,7999,7999,7999,7999,7999,7999,7999,7999
101,2022,17,900,0,4.366,10.07,33.89,22.57,35.39,15.59,7999,7999,7999,7999,7999,7999,7999,7999,7999
101,2022,17,1000,0,4.36,10.06,33.88,22.56,35.49,15.56,7999,7999,7999,7999,7999,7999,7999,7999,7999
101,2022,17,1100,0,4.37,10.07,33.87,22.56,35.51,15.53,7999,7999,7999,7999,7999,7999,7999,7999,7999
101,2022,17,1200,0,4.4,10.09,33.86,22.55,35.51,15.52,7999,7999,7999,7999,7999,7999,7999,7999,7999
101,2022,17,1300,0,4.52,10.11,33.86,22.55,35.54,15.5,7999,7999,7999,7999,7999,7999,7999,7999,7999
101,2022,17,1400,0,4.602,10.13,33.86,22.55,35.59,15.5,7999,7999,7999,7999,7999,7999,7999,7999,7999
101,2022,17,1500,0,4.605,10.14,33.86,22.55,35.64,15.69,7999,7999,7999,7999,7999,7999,7999,7999,7999
101,2022,17,1600,0,4.57,10.13,33.86,22.56,35.59,15.95,7999,7999,7999,7999,7999,7999,7999,7999,7999
101,2022,17,1700,0,4.548,10.12,33.86,22.55,35.5,16.12,7999,7999,7999,7999,7999,7999,7999,7999,7999
101,2022,17,1800,0,4.536,10.12,33.87,22.55,35.51,16.19,7999,7999,7999,7999,7999,7999,7999,7999,7999
101,2022,17,1900,0,4.523,10.11,33.86,22.55,35.46,16.22,7999,7999,7999,7999,7999,7999,7999,7999,7999
101,2022,17,2000,0,4.517,10.11,33.87,22.55,35.47,16.21,7999,7999,7999,7999,7999,7999,7999,7999,7999
101,2022,17,2100,0,4.508,10.11,33.87,22.55,35.44,16.2,7999,7999,7999,7999,7999,7999,7999,7999,7999
101,2022,17,2200,0,4.495,10.1,33.87,22.55,35.45,16.18,7999,7999,7999,7999,7999,7999,7999,7999,7999
101,2022,17,2300,0,4.492,10.1,33.86,22.55,35.44,16.15,7999,7999,7999,7999,7999,7999,7999,7999,7999
101,2022,18,000,0,4.477,10.1,33.86,22.54,35.43,16.12,7999,7999,7999,7999,7999,7999,7999,7999,7999
101,2022,18,100,0,4.471,10.1,33.86,22.54,35.44,16.09,7999,7999,7999,7999,7999,7999,7999,7999,7999
101,2022,18,200,0,4.455,10.09,33.86,22.54,35.46,16.07,7999,7999,7999,7999,7999,7999,7999,7999,7999
101,2022,18,300,0,4.434,10.11,33.86,22.54,35.45,16.04,7999,7999,7999,7999,7999,7999,7999,7999,7999
101,2022,18,400,0,4.418,10.11,33.85,22.54,35.4,16.01,7999,7999,7999,7999,7999,7999,7999,7999,7999
101,2022,18,500,0,4.406,10.1,33.86,22.54,35.43,15.98,7999,7999,7999,7999,7999,7999,7999,7999,7999
101,2022,18,600,0,4.394,10.1,33.85,22.53,35.42,15.95,7999,7999,7999,7999,7999,7999,7999,7999,7999
101,2022,18,700,0,4.385,10.09,33.85,22.54,35.42,15.93,7999,7999,7999,7999,7999,7999,7999,7999,7999
101,2022,18,800,0,4.385,10.09,33.84,22.53,35.4,15.91,7999,7999,7999,7999,7999,7999,7999,7999,7999
101,2022,18,900,0,4.385,10.09,33.84,22.53,35.39,15.89,7999,7999,7999,7999,7999,7999,7999,7999,7999
101,2022,18,1000,0,4.397,10.09,33.83,22.53,35.41,15.86,7999,7999,7999,7999,7999,7999,7999,7999,7999
101,2022,18,1100,0,4.437,10.12,33.83,22.53,35.54,15.86,7999,7999,7999,7999,7999,7999,7999,7999,7999
101,2022,18,1200,0,4.421,10.12,33.83,22.53,35.5,15.97,7999,7999,7999,7999,7999,7999,7999,7999,7999
101,2022,18,1300,0,4.406,10.11,33.82,22.53,35.47,16.17,7999,7999,7999,7999,7999,7999,7999,7999,7999
101,2022,18,1400,0,4.397,10.11,33.82,22.53,35.46,16.37,7999,7999,7999,7999,7999,7999,7999,7999,7999
101,2022,18,1500,0,4.379,10.11,33.82,22.52,35.54,16.64,7999,7999,7999,7999,7999,7999,7999,7999,7999
101,2022,18,1600,0,4.36,10.1,33.82,22.53,35.41,16.89,7999,7999,7999,7999,7999,7999,7999,7999,7999
101,2022,18,1700,0,4.357,10.09,33.81,22.52,35.4,16.98,7999,7999,7999,7999,7999,7999,7999,7999,7999
101,2022,18,1800,0,4.363,10.09,33.82,22.53,35.37,16.96,7999,7999,7999,7999,7999,7999,7999,7999,7999
101,2022,18,1900,0,4.37,10.09,33.81,22.52,35.36,16.91,7999,7999,7999,7999,7999,7999,7999,7999,7999
101,2022,18,2000,0,4.363,10.08,33.81,22.51,35.36,16.85,7999,7999,7999,7999,7999,7999,7999,7999,7999
101,2022,18,2100,0,4.36,10.08,33.81,22.52,35.41,16.78,7999,7999,7999,7999,7999,7999,7999,7999,7999
101,2022,18,2200,0,4.363,10.08,33.8,22.51,35.41,16.72,7999,7999,7999,7999,7999,7999,7999,7999,7999
101,2022,18,2300,0,4.36,10.07,33.8,22.51,35.37,16.66,7999,7999,7999,7999,7999,7999,7999,7999,7999
101,2022,19,000,0,4.36,10.07,33.79,22.51,35.38,16.61,7999,7999,7999,7999,7999,7999,7999,7999,7999
101,2022,19,100,0,4.354,10.07,33.78,22.51,35.33,16.55,7999,7999,7999,7999,7999,7999,7999,7999,7999
101,2022,19,200,0,4.354,10.07,33.78,22.51,35.4,16.5,7999,7999,7999,7999,7999,7999,7999,7999,7999
101,2022,19,300,0,4.36,10.07,33.78,22.51,35.54,16.45,7999,7999,7999,7999,7999,7999,7999,7999,7999
101,2022,19,400,0,4.36,10.06,33.77,22.5,35.5,16.41,7999,7999,7999,7999,7999,7999,7999,7999,7999
101,2022,19,500,0,4.366,10.06,33.77,22.51,35.56,16.37,7999,7999,7999,7999,7999,7999,7999,7999,7999
101,2022,19,600,0,4.373,10.07,33.77,22.5,35.6,16.34,7999,7999,7999,7999,7999,7999,7999,7999,7999
101,2022,19,700,0,4.382,10.07,33.76,22.5,35.59,16.31,7999,7999,7999,7999,7999,7999,7999,7999,7999
101,2022,19,800,0,4.394,10.07,33.76,22.49,35.57,16.28,7999,7999,7999,7999,7999,7999,7999,7999,7999
101,2022,19,900,0,4.406,10.08,33.76,22.5,35.57,16.28,7999,7999,7999,7999,7999,7999,7999,7999,7999
101,2022,19,1000,0,4.406,10.08,33.75,22.49,35.42,16.33,7999,7999,7999,7999,7999,7999,7999,7999,7999
101,2022,19,1100,0,4.4,10.09,33.76,22.5,35.4,16.43,7999,7999,7999,7999,7999,7999,7999,7999,7999
101,2022,19,1200,0,4.394,10.09,33.76,22.49,35.55,16.56,7999,7999,7999,7999,7999,7999,7999,7999,7999
101,2022,19,1300,0,4.385,10.09,33.76,22.49,35.54,16.77,7999,7999,7999,7999,7999,7999,7999,7999,7999
101,2022,19,1400,0,4.373,10.09,33.76,22.49,35.45,16.91,7999,7999,7999,7999,7999,7999,7999,7999,7999
101,2022,19,1500,0,4.37,10.09,33.75,22.49,35.5,17,7999,7999,7999,7999,7999,7999,7999,7999,7999
101,2022,19,1600,0,4.363,10.09,33.75,22.49,35.5,17.05,7999,7999,7999,7999,7999,7999,7999,7999,7999
101,2022,19,1700,0,4.363,10.09,33.75,22.49,35.63,17.04,7999,7999,7999,7999,7999,7999,7999,7999,7999
101,2022,19,1800,0,4.363,10.08,33.75,22.49,35.56,17.06,7999,7999,7999,7999,7999,7999,7999,7999,7999
101,2022,19,1900,0,4.363,10.08,33.74,22.49,35.6,17.04,7999,7999,7999,7999,7999,7999,7999,7999,7999
101,2022,19,2000,0,4.366,10.07,33.74,22.49,35.61,17.02,7999,7999,7999,7999,7999,7999,7999,7999,7999
101,2022,19,2100,0,4.373,10.08,33.74,22.49,35.62,16.98,7999,7999,7999,7999,7999,7999,7999,7999,7999
101,2022,19,2200,0,4.379,10.08,33.74,22.49,35.69,17.02,7999,7999,7999,7999,7999,7999,7999,7999,7999
101,2022,19,2300,0,4.385,10.08,33.74,22.49,35.67,17.11,7999,7999,7999,7999,7999,7999,7999,7999,7999
101,2022,20,000,0,4.382,10.09,33.74,22.49,35.62,17.19,7999,7999,7999,7999,7999,7999,7999,7999,7999
101,2022,20,100,0,4.376,10.08,33.73,22.49,35.66,17.26,7999,7999,7999,7999,7999,7999,7999,7999,7999
101,2022,20,200,0,4.382,10.08,33.73,22.49,35.73,17.25,7999,7999,7999,7999,7999,7999,7999,7999,7999
101,2022,20,300,0,4.385,10.09,33.73,22.48,35.62,17.33,7999,7999,7999,7999,7999,7999,7999,7999,7999
101,2022,20,400,0,4.385,10.09,33.73,22.49,35.58,17.58,7999,7999,7999,7999,7999,7999,7999,7999,7999
101,2022,20,500,0,4.385,10.1,33.73,22.49,35.56,17.78,7999,7999,7999,7999,7999,7999,7999,7999,7999
101,2022,20,600,0,4.345,10.17,33.73,22.49,35.59,17.86,7999,7999,7999,7999,7999,7999,7999,7999,7999
101,2022,20,700,0,4.351,10.18,33.73,22.49,35.58,17.87,7999,7999,7999,7999,7999,7999,7999,7999,7999
101,2022,20,800,0,4.373,10.19,33.73,22.49,35.59,17.88,7999,7999,7999,7999,7999,7999,7999,7999,7999
101,2022,20,900,0,4.391,10.2,33.73,22.49,35.62,17.82,7999,7999,7999,7999,7999,7999,7999,7999,7999
101,2022,20,1000,0,4.388,10.22,33.73,22.49,35.56,17.7,7999,7999,7999,7999,7999,7999,7999,7999,7999
101,2022,20,1100,0,4.385,10.22,33.72,22.49,35.58,17.57,7999,7999,7999,7999,7999,7999,7999,7999,7999
101,2022,20,1200,0,4.379,10.23,33.73,22.49,35.5,17.44,7999,7999,7999,7999,7999,7999,7999,7999,7999
101,2022,20,1300,0,4.36,10.25,33.73,22.49,35.53,17.31,7999,7999,7999,7999,7999,7999,7999,7999,7999
101,2022,20,1400,0,4.339,10.25,33.73,22.5,35.64,17.22,7999,7999,7999,7999,7999,7999,7999,7999,7999
101,2022,20,1500,0,4.318,10.24,33.73,22.49,35.61,17.11,7999,7999,7999,7999,7999,7999,7999,7999,7999
101,2022,20,1600,0,4.282,10.21,33.73,22.5,35.53,17.02,7999,7999,7999,7999,7999,7999,7999,7999,7999
101,2022,20,1700,0,4.264,10.19,33.72,22.49,35.51,16.94,7999,7999,7999,7999,7999,7999,7999,7999,7999
101,2022,20,1800,0,4.258,10.16,33.71,22.49,35.5,16.87,7999,7999,7999,7999,7999,7999,7999,7999,7999
101,2022,20,1900,0,4.255,10.14,33.71,22.49,35.5,16.8,7999,7999,7999,7999,7999,7999,7999,7999,7999
101,2022,20,2000,0,4.264,10.13,33.71,22.49,35.54,16.72,7999,7999,7999,7999,7999,7999,7999,7999,7999
101,2022,20,2100,0,4.27,10.12,33.7,22.49,35.54,16.66,7999,7999,7999,7999,7999,7999,7999,7999,7999
101,2022,20,2200,0,4.273,10.12,33.7,22.49,35.51,16.59,7999,7999,7999,7999,7999,7999,7999,7999,7999
101,2022,20,2300,0,4.264,10.11,33.69,22.49,35.45,16.51,7999,7999,7999,7999,7999,7999,7999,7999,7999
101,2022,21,000,0,4.255,10.1,33.69,22.49,35.38,16.45,7999,7999,7999,7999,7999,7999,7999,7999,7999
101,2022,21,100,0,4.237,10.09,33.69,22.48,35.31,16.37,7999,7999,7999,7999,7999,7999,7999,7999,7999
101,2022,21,200,0,4.216,10.07,33.68,22.48,35.2,16.28,7999,7999,7999,7999,7999,7999,7999,7999,7999
101,2022,21,300,0,4.186,10.07,33.67,22.48,35.17,16.18,7999,7999,7999,7999,7999,7999,7999,7999,7999
101,2022,21,400,0,4.156,10.06,33.66,22.48,35.2,16.09,7999,7999,7999,7999,7999,7999,7999,7999,7999
101,2022,21,500,0,4.13,10.05,33.65,22.48,35.23,16.01,7999,7999,7999,7999,7999,7999,7999,7999,7999
101,2022,21,600,0,4.103,10.04,33.64,22.47,35.16,15.92,7999,7999,7999,7999,7999,7999,7999,7999,7999
101,2022,21,700,0,4.083,10.03,33.63,22.47,35.16,15.82,7999,7999,7999,7999,7999,7999,7999,7999,7999
101,2022,21,800,0,4.057,10.02,33.62,22.46,35.2,15.73,7999,7999,7999,7999,7999,7999,7999,7999,7999
101,2022,21,900,0,4.042,10.03,33.61,22.45,35.23,15.65,7999,7999,7999,7999,7999,7999,7999,7999,7999
101,2022,21,1000,0,4.051,10.03,33.6,22.45,35.16,15.59,7999,7999,7999,7999,7999,7999,7999,7999,7999
101,2022,21,1100,0,4.074,10.04,33.6,22.45,35.23,15.62,7999,7999,7999,7999,7999,7999,7999,7999,7999
101,2022,21,1200,0,4.118,10.11,33.6,22.45,35.26,15.63,7999,7999,7999,7999,7999,7999,7999,7999,7999
101,2022,21,1300,0,4.21,10.12,33.58,22.45,35.4,15.7,7999,7999,7999,7999,7999,7999,7999,7999,7999
101,2022,21,1400,0,4.294,10.14,33.57,22.45,35.62,15.8,7999,7999,7999,7999,7999,7999,7999,7999,7999
101,2022,21,1500,0,4.33,10.14,33.57,22.45,35.51,15.88,7999,7999,7999,7999,7999,7999,7999,7999,7999
101,2022,21,1600,0,4.324,10.15,33.57,22.45,35.49,15.91,7999,7999,7999,7999,7999,7999,7999,7999,7999
101,2022,21,1700,0,4.309,10.14,33.57,22.45,35.43,15.93,7999,7999,7999,7999,7999,7999,7999,7999,7999
101,2022,21,1800,0,4.297,10.13,33.57,22.44,35.2,15.91,7999,7999,7999,7999,7999,7999,7999,7999,7999
101,2022,21,1900,0,4.285,10.12,33.57,22.44,35.16,15.88,7999,7999,7999,7999,7999,7999,7999,7999,7999
101,2022,21,2000,0,4.273,10.11,33.56,22.43,35.16,15.85,7999,7999,7999,7999,7999,7999,7999,7999,7999
101,2022,21,2100,0,4.264,10.1,33.55,22.43,35.17,15.8,7999,7999,7999,7999,7999,7999,7999,7999,7999
101,2022,21,2200,0,4.225,10.11,33.54,22.42,35.15,15.73,7999,7999,7999,7999,7999,7999,7999,7999,7999
101,2022,21,2300,0,4.201,10.08,33.54,22.42,35.13,15.67,7999,7999,7999,7999,7999,7999,7999,7999,7999
101,2022,22,000,0,4.177,10.07,33.54,22.42,35.19,15.61,7999,7999,7999,7999,7999,7999,7999,7999,7999
101,2022,22,100,0,4.145,10.06,33.54,22.42,35.13,15.55,7999,7999,7999,7999,7999,7999,7999,7999,7999
101,2022,22,200,0,4.133,10.05,33.52,22.41,35.11,15.48,7999,7999,7999,7999,7999,7999,7999,7999,7999
101,2022,22,300,0,4.098,10.03,33.51,22.41,35.16,15.41,7999,7999,7999,7999,7999,7999,7999,7999,7999
101,2022,22,400,0,4.071,10.02,33.5,22.41,35.14,15.36,7999,7999,7999,7999,7999,7999,7999,7999,7999
101,2022,22,500,0,4.051,10.01,33.5,22.41,35.08,15.27,7999,7999,7999,7999,7999,7999,7999,7999,7999
101,2022,22,600,0,4.007,10,33.48,22.4,35.11,15.17,7999,7999,7999,7999,7999,7999,7999,7999,7999
101,2022,22,700,0,3.976,9.98,33.47,22.4,35.07,15.07,7999,7999,7999,7999,7999,7999,7999,7999,7999
101,2022,22,800,0,3.944,9.97,33.46,22.39,35.11,14.98,7999,7999,7999,7999,7999,7999,7999,7999,7999
101,2022,22,900,0,3.924,9.97,33.45,22.38,35.11,14.85,7999,7999,7999,7999,7999,7999,7999,7999,7999
101,2022,22,1000,0,3.921,9.98,33.45,22.37,35.16,14.86,7999,7999,7999,7999,7999,7999,7999,7999,7999
101,2022,22,1100,0,3.944,9.99,33.44,22.37,35.23,14.94,7999,7999,7999,7999,7999,7999,7999,7999,7999
101,2022,22,1200,0,3.987,10.01,33.43,22.37,35.37,14.95,7999,7999,7999,7999,7999,7999,7999,7999,7999
101,2022,22,1300,0,4.042,10.03,33.41,22.37,35.46,14.98,7999,7999,7999,7999,7999,7999,7999,7999,7999
101,2022,22,1400,0,4.112,10.04,33.41,22.37,35.45,15.06,7999,7999,7999,7999,7999,7999,7999,7999,7999
101,2022,22,1500,0,4.174,10.05,33.41,22.37,35.44,15.14,7999,7999,7999,7999,7999,7999,7999,7999,7999
101,2022,22,1600,0,4.21,10.05,33.41,22.37,35.37,15.21,7999,7999,7999,7999,7999,7999,7999,7999,7999
101,2022,22,1700,0,4.216,10.04,33.4,22.37,35.35,15.24,7999,7999,7999,7999,7999,7999,7999,7999,7999
101,2022,22,1800,0,4.21,10.03,33.41,22.36,35.1,15.24,7999,7999,7999,7999,7999,7999,7999,7999,7999
101,2022,22,1900,0,4.195,10.02,33.4,22.35,35.1,15.23,7999,7999,7999,7999,7999,7999,7999,7999,7999
101,2022,22,2000,0,4.177,10.01,33.41,22.35,35.1,15.19,7999,7999,7999,7999,7999,7999,7999,7999,7999
101,2022,22,2100,0,4.156,10,33.4,22.35,35.13,15.16,7999,7999,7999,7999,7999,7999,7999,7999,7999
101,2022,22,2200,0,4.127,10,33.4,22.35,35.09,15.11,7999,7999,7999,7999,7999,7999,7999,7999,7999
101,2022,22,2300,0,4.098,9.99,33.39,22.35,35.07,15.05,7999,7999,7999,7999,7999,7999,7999,7999,7999
101,2022,23,000,0,4.068,9.98,33.38,22.35,35.02,15,7999,7999,7999,7999,7999,7999,7999,7999,7999
101,2022,23,100,0,4.036,9.97,33.37,22.35,35.03,14.94,7999,7999,7999,7999,7999,7999,7999,7999,7999
101,2022,23,200,0,4.013,9.96,33.37,22.34,35.04,14.89,7999,7999,7999,7999,7999,7999,7999,7999,7999
101,2022,23,300,0,3.987,9.95,33.36,22.33,35.03,14.84,7999,7999,7999,7999,7999,7999,7999,7999,7999
101,2022,23,400,0,3.955,9.94,33.35,22.32,35.01,14.79,7999,7999,7999,7999,7999,7999,7999,7999,7999
101,2022,23,500,0,3.935,9.93,33.32,22.32,34.97,14.74,7999,7999,7999,7999,7999,7999,7999,7999,7999
101,2022,23,600,0,3.907,9.93,33.32,22.32,35.04,14.7,7999,7999,7999,7999,7999,7999,7999,7999,7999
101,2022,23,700,0,3.881,9.91,33.3,22.31,34.97,14.64,7999,7999,7999,7999,7999,7999,7999,7999,7999
101,2022,23,800,0,3.847,9.9,33.28,22.3,34.98,14.56,7999,7999,7999,7999,7999,7999,7999,7999,7999
101,2022,23,900,0,3.822,9.9,33.28,22.3,34.96,14.46,7999,7999,7999,7999,7999,7999,7999,7999,7999
101,2022,23,1000,0,3.833,9.91,33.26,22.29,35.09,14.49,7999,7999,7999,7999,7999,7999,7999,7999,7999
101,2022,23,1100,0,3.856,9.93,33.26,22.28,35.16,14.54,7999,7999,7999,7999,7999,7999,7999,7999,7999
101,2022,23,1200,0,3.904,9.95,33.26,22.28,35.29,14.55,7999,7999,7999,7999,7999,7999,7999,7999,7999
101,2022,23,1300,0,3.984,9.97,33.24,22.28,35.4,14.57,7999,7999,7999,7999,7999,7999,7999,7999,7999
101,2022,23,1400,0,4.051,9.99,33.24,22.29,35.31,14.61,7999,7999,7999,7999,7999,7999,7999,7999,7999
101,2022,23,1500,0,4.124,10,33.23,22.28,35.26,14.68,7999,7999,7999,7999,7999,7999,7999,7999,7999
101,2022,23,1600,0,4.168,10,33.22,22.28,35.35,14.73,7999,7999,7999,7999,7999,7999,7999,7999,7999
101,2022,23,1700,0,4.183,10,33.22,22.28,35.49,14.77,7999,7999,7999,7999,7999,7999,7999,7999,7999
101,2022,23,1800,0,4.183,9.99,33.22,22.28,35.31,14.8,7999,7999,7999,7999,7999,7999,7999,7999,7999
101,2022,23,1900,0,4.177,9.99,33.21,22.28,35.27,14.81,7999,7999,7999,7999,7999,7999,7999,7999,7999
101,2022,23,2000,0,4.168,9.98,33.21,22.28,35.25,14.81,7999,7999,7999,7999,7999,7999,7999,7999,7999
101,2022,23,2100,0,4.156,9.98,33.21,22.27,35.29,14.79,7999,7999,7999,7999,7999,7999,7999,7999,7999
101,2022,23,2200,0,4.148,9.93,33.21,22.27,35.25,14.78,7999,7999,7999,7999,7999,7999,7999,7999,7999
101,2022,23,2300,0,4.136,9.93,33.21,22.27,35.24,14.76,7999,7999,7999,7999,7999,7999,7999,7999,7999
101,2022,24,000,0,4.118,9.93,33.2,22.26,35.29,14.73,7999,7999,7999,7999,7999,7999,7999,7999,7999
101,2022,24,100,0,4.112,9.93,33.2,22.26,35.29,14.7,7999,7999,7999,7999,7999,7999,7999,7999,7999
101,2022,24,200,0,4.092,9.92,33.2,22.26,35.24,14.68,7999,7999,7999,7999,7999,7999,7999,7999,7999
101,2022,24,300,0,4.074,9.92,33.19,22.26,35.32,14.66,7999,7999,7999,7999,7999,7999,7999,7999,7999
101,2022,24,400,0,4.054,9.91,33.18,22.26,35.31,14.64,7999,7999,7999,7999,7999,7999,7999,7999,7999
101,2022,24,500,0,4.033,9.91,33.17,22.26,35.26,14.61,7999,7999,7999,7999,7999,7999,7999,7999,7999
101,2022,24,600,0,4.022,9.91,33.17,22.25,35.27,14.57,7999,7999,7999,7999,7999,7999,7999,7999,7999
101,2022,24,700,0,4.013,9.91,33.2,22.25,35.37,14.55,7999,7999,7999,7999,7999,7999,7999,7999,7999
101,2022,24,800,0,3.987,9.91,33.14,22.25,35.34,14.54,7999,7999,7999,7999,7999,7999,7999,7999,7999
101,2022,24,900,0,3.976,9.9,33.14,22.24,35.02,14.51,7999,7999,7999,7999,7999,7999,7999,7999,7999
101,2022,24,1000,0,3.978,9.9,33.14,22.24,35.11,14.51,7999,7999,7999,7999,7999,7999,7999,7999,7999
101,2022,24,1100,0,4.028,9.93,33.13,22.24,35.29,14.52,7999,7999,7999,7999,7999,7999,7999,7999,7999
101,2022,24,1200,0,4.103,9.94,33.13,22.24,35.21,14.53,7999,7999,7999,7999,7999,7999,7999,7999,7999
101,2022,24,1300,0,4.145,9.95,33.12,22.24,35.16,14.54,7999,7999,7999,7999,7999,7999,7999,7999,7999
101,2022,24,1400,0,4.139,9.96,33.11,22.24,35.14,14.57,7999,7999,7999,7999,7999,7999,7999,7999,7999
101,2022,24,1500,0,4.121,9.96,33.11,22.24,35.11,14.61,7999,7999,7999,7999,7999,7999,7999,7999,7999
101,2022,24,1600,0,4.103,9.95,33.11,22.23,35.16,14.64,7999,7999,7999,7999,7999,7999,7999,7999,7999
101,2022,24,1700,0,4.083,9.94,33.11,22.23,35.24,14.66,7999,7999,7999,7999,7999,7999,7999,7999,7999
101,2022,24,1800,0,4.077,9.93,33.11,22.22,35.27,14.66,7999,7999,7999,7999,7999,7999,7999,7999,7999
101,2022,24,1900,0,4.077,9.91,33.1,22.22,35.24,14.65,7999,7999,7999,7999,7999,7999,7999,7999,7999
101,2022,24,2000,0,4.068,9.91,33.11,22.22,35.23,14.64,7999,7999,7999,7999,7999,7999,7999,7999,7999
101,2022,24,2100,0,4.057,9.89,33.1,22.22,35.16,14.62,7999,7999,7999,7999,7999,7999,7999,7999,7999
101,2022,24,2200,0,4.039,9.89,33.1,22.22,35.17,14.61,7999,7999,7999,7999,7999,7999,7999,7999,7999
101,2022,24,2300,0,4.019,9.87,33.09,22.22,35.17,14.57,7999,7999,7999,7999,7999,7999,7999,7999,7999
101,2022,25,000,0,4.004,9.87,33.08,22.22,35.16,14.55,7999,7999,7999,7999,7999,7999,7999,7999,7999
101,2022,25,100,0,3.987,9.86,33.07,22.21,35.15,14.52,7999,7999,7999,7999,7999,7999,7999,7999,7999
101,2022,25,200,0,3.967,9.85,33.07,22.21,35.02,14.5,7999,7999,7999,7999,7999,7999,7999,7999,7999
101,2022,25,300,0,3.947,9.84,33.06,22.21,34.94,14.48,7999,7999,7999,7999,7999,7999,7999,7999,7999
101,2022,25,400,0,3.924,9.83,33.05,22.2,34.86,14.44,7999,7999,7999,7999,7999,7999,7999,7999,7999
101,2022,25,500,0,3.893,9.82,33.03,22.2,34.78,14.42,7999,7999,7999,7999,7999,7999,7999,7999,7999
101,2022,25,600,0,3.861,9.8,33.02,22.2,34.78,14.38,7999,7999,7999,7999,7999,7999,7999,7999,7999
101,2022,25,700,0,3.811,9.78,33.01,22.2,34.81,14.33,7999,7999,7999,7999,7999,7999,7999,7999,7999
101,2022,25,800,0,3.755,9.77,32.99,22.19,34.82,14.28,7999,7999,7999,7999,7999,7999,7999,7999,7999
101,2022,25,900,0,3.71,9.77,32.97,22.19,34.76,14.23,7999,7999,7999,7999,7999,7999,7999,7999,7999
101,2022,25,1000,0,3.73,9.8,32.97,22.17,34.84,14.23,7999,7999,7999,7999,7999,7999,7999,7999,7999
101,2022,25,1100,0,3.755,9.79,32.97,22.16,34.9,14.27,7999,7999,7999,7999,7999,7999,7999,7999,7999
101,2022,25,1200,0,3.788,9.81,32.97,22.16,35.04,14.27,7999,7999,7999,7999,7999,7999,7999,7999,7999
101,2022,25,1300,0,3.827,9.82,32.97,22.16,35.02,14.25,7999,7999,7999,7999,7999,7999,7999,7999,7999
101,2022,25,1400,0,3.878,9.83,32.95,22.16,35.07,14.23,7999,7999,7999,7999,7999,7999,7999,7999,7999
101,2022,25,1500,0,3.924,9.84,32.94,22.16,35.16,14.23,7999,7999,7999,7999,7999,7999,7999,7999,7999
101,2022,25,1600,0,3.953,9.84,32.94,22.16,35.01,14.23,7999,7999,7999,7999,7999,7999,7999,7999,7999
101,2022,25,1700,0,3.967,9.83,32.93,22.16,35.05,14.25,7999,7999,7999,7999,7999,7999,7999,7999,7999
101,2022,25,1800,0,3.973,9.82,32.93,22.16,34.98,14.25,7999,7999,7999,7999,7999,7999,7999,7999,7999
101,2022,25,1900,0,3.97,9.81,32.92,22.15,35,14.24,7999,7999,7999,7999,7999,7999,7999,7999,7999
101,2022,25,2000,0,3.958,9.8,32.92,22.14,35.02,14.23,7999,7999,7999,7999,7999,7999,7999,7999,7999
101,2022,25,2100,0,3.944,9.79,32.91,22.14,34.98,14.23,7999,7999,7999,7999,7999,7999,7999,7999,7999
101,2022,25,2200,0,3.924,9.78,32.91,22.15,34.94,14.21,7999,7999,7999,7999,7999,7999,7999,7999,7999
101,2022,25,2300,0,3.895,9.77,32.9,22.13,34.83,14.2,7999,7999,7999,7999,7999,7999,7999,7999,7999
101,2022,26,000,0,3.861,9.76,32.89,22.13,34.85,14.18,7999,7999,7999,7999,7999,7999,7999,7999,7999
101,2022,26,100,0,3.822,9.75,32.88,22.13,34.67,14.15,7999,7999,7999,7999,7999,7999,7999,7999,7999
101,2022,26,200,0,3.783,9.74,32.87,22.13,34.74,14.12,7999,7999,7999,7999,7999,7999,7999,7999,7999
101,2022,26,300,0,3.721,9.73,32.85,22.13,34.7,14.12,7999,7999,7999,7999,7999,7999,7999,7999,7999
101,2022,26,400,0,3.655,9.72,32.84,22.12,34.75,14.07,7999,7999,7999,7999,7999,7999,7999,7999,7999
101,2022,26,500,0,3.582,9.7,32.83,22.12,34.66,14.01,7999,7999,7999,7999,7999,7999,7999,7999,7999
101,2022,26,600,0,3.507,9.68,32.81,22.12,34.72,13.93,7999,7999,7999,7999,7999,7999,7999,7999,7999
101,2022,26,700,0,3.419,9.65,32.79,22.12,34.72,13.86,7999,7999,7999,7999,7999,7999,7999,7999,7999
101,2022,26,800,0,3.343,9.64,32.79,22.12,34.69,13.78,7999,7999,7999,7999,7999,7999,7999,7999,7999
101,2022,26,900,0,3.286,9.66,32.78,22.1,34.69,13.7,7999,7999,7999,7999,7999,7999,7999,7999,7999
101,2022,26,1000,0,3.307,9.68,32.76,22.1,34.78,13.66,7999,7999,7999,7999,7999,7999,7999,7999,7999
101,2022,26,1100,0,3.369,9.7,32.77,22.08,34.77,13.68,7999,7999,7999,7999,7999,7999,7999,7999,7999
101,2022,26,1200,0,3.453,9.72,32.77,22.08,34.93,13.72,7999,7999,7999,7999,7999,7999,7999,7999,7999
101,2022,26,1300,0,3.523,9.72,32.76,22.08,34.93,13.74,7999,7999,7999,7999,7999,7999,7999,7999,7999
