101,2022,104,1200,0,3.836,14.09,24.21,21.92,33.31,15.28,7999,7999,7999,7999,7999,7999,7999,7999,7999
101,2022,104,1300,0,3.842,14.09,24.21,21.92,33.31,15.28,7999,7999,7999,7999,7999,7999,7999,7999,7999
101,2022,104,1400,0,3.85,14.09,24.21,21.92,33.32,15.28,7999,7999,7999,7999,7999,7999,7999,7999,7999
101,2022,104,1500,0,3.856,14.1,24.21,21.93,33.32,15.28,7999,7999,7999,7999,7999,7999,7999,7999,7999
101,2022,104,1600,0,3.867,14.13,24.2,21.94,33.31,15.27,7999,7999,7999,7999,7999,7999,7999,7999,7999
101,2022,104,1700,0,3.884,14.14,24.21,21.94,33.32,15.28,7999,7999,7999,7999,7999,7999,7999,7999,7999
101,2022,104,1800,0,3.907,14.16,24.21,21.94,33.31,15.27,7999,7999,7999,7999,7999,7999,7999,7999,7999
101,2022,104,1900,0,3.921,14.18,24.23,21.94,33.33,15.27,7999,7999,7999,7999,7999,7999,7999,7999,7999
101,2022,104,2000,0,3.93,14.2,24.25,21.94,33.33,15.26,7999,7999,7999,7999,7999,7999,7999,7999,7999
101,2022,104,2100,0,3.935,14.21,24.27,21.94,33.34,15.26,7999,7999,7999,7999,7999,7999,7999,7999,7999
101,2022,104,2200,0,3.938,14.22,24.28,21.95,33.35,15.26,7999,7999,7999,7999,7999,7999,7999,7999,7999
101,2022,104,2300,0,3.935,14.22,24.29,21.95,33.34,15.26,7999,7999,7999,7999,7999,7999,7999,7999,7999
101,2022,105,000,0,3.924,14.23,24.3,21.95,33.35,15.25,7999,7999,7999,7999,7999,7999,7999,7999,7999
101,2022,105,100,0,3.915,14.22,24.3,21.95,33.35,15.25,7999,7999,7999,7999,7999,7999,7999,7999,7999
101,2022,105,200,0,3.912,14.22,24.3,21.96,33.36,15.25,7999,7999,7999,7999,7999,7999,7999,7999,7999
101,2022,105,300,0,3.91,14.22,24.3,21.96,33.36,15.25,7999,7999,7999,7999,7999,7999,7999,7999,7999
101,2022,105,400,0,3.898,14.21,24.3,21.97,33.37,15.26,7999,7999,7999,7999,7999,7999,7999,7999,7999
101,2022,105,500,0,3.893,14.2,24.29,21.97,33.37,15.26,7999,7999,7999,7999,7999,7999,7999,7999,7999
101,2022,105,600,0,3.887,14.19,24.29,21.97,33.36,15.26,7999,7999,7999,7999,7999,7999,7999,7999,7999
101,2022,105,700,0,3.89,14.18,24.29,21.97,33.37,15.26,7999,7999,7999,7999,7999,7999,7999,7999,7999
101,2022,105,800,0,3.895,14.18,24.29,21.98,33.34,15.26,7999,7999,7999,7999,7999,7999,7999,7999,7999
101,2022,105,900,0,3.873,14.18,24.3,21.97,33.33,15.26,7999,7999,7999,7999,7999,7999,7999,7999,7999
101,2022,105,1000,0,3.859,14.18,24.29,21.98,33.33,15.25,7999,7999,7999,7999,7999,7999,7999,7999,7999
101,2022,105,1100,0,3.85,14.17,24.29,21.98,33.33,15.25,7999,7999,7999,7999,7999,7999,7999,7999,7999
101,2022,105,1200,0,3.859,14.17,24.28,21.98,33.33,15.24,7999,7999,7999,7999,7999,7999,7999,7999,7999
101,2022,105,1300,0,3.861,14.17,24.28,21.98,33.33,15.24,7999,7999,7999,7999,7999,7999,7999,7999,7999
101,2022,105,1400,0,3.907,14.17,24.27,21.98,33.32,15.23,7999,7999,7999,7999,7999,7999,7999,7999,7999
101,2022,105,1500,0,3.996,14.22,24.29,21.99,33.32,15.23,7999,7999,7999,7999,7999,7999,7999,7999,7999
101,2022,105,1600,0,4.095,14.3,24.32,21.99,33.33,15.23,7999,7999,7999,7999,7999,7999,7999,7999,7999
101,2022,105,1700,0,4.136,14.38,24.36,21.99,33.33,15.23,7999,7999,7999,7999,7999,7999,7999,7999,7999
101,2022,105,1800,0,4.133,14.44,24.4,22,33.32,15.26,7999,7999,7999,7999,7999,7999,7999,7999,7999
101,2022,105,1900,0,4.112,14.49,24.43,22,33.35,15.3,7999,7999,7999,7999,7999,7999,7999,7999,7999
101,2022,105,2000,0,4.074,14.51,24.47,22.01,33.36,15.38,7999,7999,7999,7999,7999,7999,7999,7999,7999
101,2022,105,2100,0,4.039,14.51,24.49,22.03,33.36,15.46,7999,7999,7999,7999,7999,7999,7999,7999,7999
101,2022,105,2200,0,4.013,14.51,24.5,22.03,33.37,15.52,7999,7999,7999,7999,7999,7999,7999,7999,7999
101,2022,105,2300,0,3.999,14.5,24.51,22.04,33.37,15.58,7999,7999,7999,7999,7999,7999,7999,7999,7999
101,2022,106,000,0,3.99,14.49,24.5,22.05,33.38,15.61,7999,7999,7999,7999,7999,7999,7999,7999,7999
101,2022,106,100,0,3.99,14.48,24.5,22.06,33.38,15.63,7999,7999,7999,7999,7999,7999,7999,7999,7999
101,2022,106,200,0,3.984,14.46,24.5,22.07,33.39,15.64,7999,7999,7999,7999,7999,7999,7999,7999,7999
101,2022,106,300,0,3.981,14.44,24.49,22.07,33.39,15.65,7999,7999,7999,7999,7999,7999,7999,7999,7999
101,2022,106,400,0,3.981,14.44,24.49,22.08,33.39,15.64,7999,7999,7999,7999,7999,7999,7999,7999,7999
101,2022,106,500,0,3.981,14.43,24.48,22.08,33.41,15.64,7999,7999,7999,7999,7999,7999,7999,7999,7999
101,2022,106,600,0,3.987,14.42,24.48,22.08,33.42,15.63,7999,7999,7999,7999,7999,7999,7999,7999,7999
101,2022,106,700,0,3.993,14.41,24.47,22.09,33.42,15.62,7999,7999,7999,7999,7999,7999,7999,7999,7999
101,2022,106,800,0,3.947,14.39,24.48,22.08,33.43,15.61,7999,7999,7999,7999,7999,7999,7999,7999,7999
101,2022,106,900,0,3.927,14.39,24.47,22.1,33.41,15.61,7999,7999,7999,7999,7999,7999,7999,7999,7999
101,2022,106,1000,0,3.924,14.39,24.47,22.1,33.42,15.59,7999,7999,7999,7999,7999,7999,7999,7999,7999
101,2022,106,1100,0,3.932,14.39,24.47,22.11,33.43,15.59,7999,7999,7999,7999,7999,7999,7999,7999,7999
101,2022,106,1200,0,3.935,14.39,24.47,22.11,33.43,15.58,7999,7999,7999,7999,7999,7999,7999,7999,7999
101,2022,106,1300,0,3.944,14.39,24.47,22.11,33.45,15.57,7999,7999,7999,7999,7999,7999,7999,7999,7999
101,2022,106,1400,0,3.953,14.39,24.47,22.12,33.46,15.56,7999,7999,7999,7999,7999,7999,7999,7999,7999
101,2022,106,1500,0,3.964,14.4,24.47,22.12,33.47,15.56,7999,7999,7999,7999,7999,7999,7999,7999,7999
101,2022,106,1600,0,3.97,14.41,24.47,22.12,33.47,15.54,7999,7999,7999,7999,7999,7999,7999,7999,7999
101,2022,106,1700,0,3.976,14.42,24.48,22.12,33.47,15.54,7999,7999,7999,7999,7999,7999,7999,7999,7999
101,2022,106,1800,0,3.976,14.43,24.49,22.12,33.48,15.52,7999,7999,7999,7999,7999,7999,7999,7999,7999
101,2022,106,1900,0,3.973,14.43,24.5,22.12,33.51,15.52,7999,7999,7999,7999,7999,7999,7999,7999,7999
101,2022,106,2000,0,3.967,14.44,24.5,22.13,33.52,15.51,7999,7999,7999,7999,7999,7999,7999,7999,7999
101,2022,106,2100,0,3.955,14.44,24.51,22.13,33.53,15.5,7999,7999,7999,7999,7999,7999,7999,7999,7999
101,2022,106,2200,0,3.947,14.44,24.51,22.13,33.54,15.5,7999,7999,7999,7999,7999,7999,7999,7999,7999
101,2022,106,2300,0,3.93,14.43,24.51,22.13,33.54,15.49,7999,7999,7999,7999,7999,7999,7999,7999,7999
101,2022,107,000,0,3.935,14.43,24.51,22.15,33.56,15.48,7999,7999,7999,7999,7999,7999,7999,7999,7999
101,2022,107,100,0,3.944,14.42,24.51,22.14,33.57,15.48,7999,7999,7999,7999,7999,7999,7999,7999,7999
101,2022,107,200,0,3.95,14.41,24.51,22.15,33.58,15.46,7999,7999,7999,7999,7999,7999,7999,7999,7999
101,2022,107,300,0,3.955,14.4,24.51,22.16,33.61,15.46,7999,7999,7999,7999,7999,7999,7999,7999,7999
101,2022,107,400,0,3.97,14.39,24.5,22.16,33.62,15.45,7999,7999,7999,7999,7999,7999,7999,7999,7999
101,2022,107,500,0,3.987,14.37,24.49,22.16,33.64,15.44,7999,7999,7999,7999,7999,7999,7999,7999,7999
101,2022,107,600,0,4.01,14.34,24.48,22.16,33.65,15.44,7999,7999,7999,7999,7999,7999,7999,7999,7999
101,2022,107,700,0,4.045,14.32,24.47,22.16,33.65,15.43,7999,7999,7999,7999,7999,7999,7999,7999,7999
101,2022,107,800,0,4.062,14.32,24.46,22.16,33.65,15.43,7999,7999,7999,7999,7999,7999,7999,7999,7999
101,2022,107,900,0,3.938,14.33,24.47,22.16,33.65,15.42,7999,7999,7999,7999,7999,7999,7999,7999,7999
101,2022,107,1000,0,3.91,14.33,24.47,22.16,33.65,15.41,7999,7999,7999,7999,7999,7999,7999,7999,7999
101,2022,107,1100,0,3.907,14.33,24.46,22.16,33.65,15.41,7999,7999,7999,7999,7999,7999,7999,7999,7999
101,2022,107,1200,0,3.915,14.33,24.46,22.16,33.66,15.4,7999,7999,7999,7999,7999,7999,7999,7999,7999
101,2022,107,1300,0,3.95,14.34,24.45,22.16,33.66,15.39,7999,7999,7999,7999,7999,7999,7999,7999,7999
101,2022,107,1400,0,4.054,14.38,24.46,22.16,33.66,15.39,7999,7999,7999,7999,7999,7999,7999,7999,7999
101,2022,107,1500,0,4.171,14.44,24.48,22.16,33.65,15.39,7999,7999,7999,7999,7999,7999,7999,7999,7999
101,2022,107,1600,0,4.231,14.52,24.51,22.17,33.66,15.39,7999,7999,7999,7999,7999,7999,7999,7999,7999
101,2022,107,1700,0,4.243,14.61,24.57,22.17,33.66,15.39,7999,7999,7999,7999,7999,7999,7999,7999,7999
101,2022,107,1800,0,4.231,14.66,24.61,22.19,33.68,15.42,7999,7999,7999,7999,7999,7999,7999,7999,7999
101,2022,107,1900,0,4.204,14.69,24.64,22.19,33.7,15.46,7999,7999,7999,7999,7999,7999,7999,7999,7999
101,2022,107,2000,0,4.177,14.7,24.66,22.2,33.72,15.5,7999,7999,7999,7999,7999,7999,7999,7999,7999
101,2022,107,2100,0,4.153,14.7,24.68,22.21,33.73,15.56,7999,7999,7999,7999,7999,7999,7999,7999,7999
101,2022,107,2200,0,4.13,14.7,24.69,22.22,33.74,15.59,7999,7999,7999,7999,7999,7999,7999,7999,7999
101,2022,107,2300,0,4.109,14.69,24.69,22.22,33.76,15.63,7999,7999,7999,7999,7999,7999,7999,7999,7999
101,2022,108,000,0,4.086,14.68,24.69,22.24,33.77,15.65,7999,7999,7999,7999,7999,7999,7999,7999,7999
101,2022,108,100,0,4.065,14.67,24.7,22.24,33.79,15.66,7999,7999,7999,7999,7999,7999,7999,7999,7999
101,2022,108,200,0,4.048,14.66,24.7,22.25,33.8,15.67,7999,7999,7999,7999,7999,7999,7999,7999,7999
101,2022,108,300,0,4.03,14.65,24.69,22.25,33.83,15.68,7999,7999,7999,7999,7999,7999,7999,7999,7999
101,2022,108,400,0,4.01,14.64,24.69,22.25,33.85,15.69,7999,7999,7999,7999,7999,7999,7999,7999,7999
101,2022,108,500,0,3.996,14.63,24.69,22.27,33.87,15.69,7999,7999,7999,7999,7999,7999,7999,7999,7999
101,2022,108,600,0,3.984,14.62,24.69,22.27,33.9,15.68,7999,7999,7999,7999,7999,7999,7999,7999,7999
101,2022,108,700,0,4.004,14.62,24.69,22.28,33.91,15.68,7999,7999,7999,7999,7999,7999,7999,7999,7999
101,2022,108,800,0,4.013,14.61,24.68,22.28,33.91,15.67,7999,7999,7999,7999,7999,7999,7999,7999,7999
101,2022,108,900,0,4.03,14.61,24.66,22.28,33.91,15.67,7999,7999,7999,7999,7999,7999,7999,7999,7999
101,2022,108,1000,0,4.06,14.62,24.67,22.29,33.92,15.67,7999,7999,7999,7999,7999,7999,7999,7999,7999
101,2022,108,1100,0,4.168,14.68,24.69,22.29,33.95,15.67,7999,7999,7999,7999,7999,7999,7999,7999,7999
101,2022,108,1200,0,4.357,14.81,24.73,22.3,33.96,15.69,7999,7999,7999,7999,7999,7999,7999,7999,7999
101,2022,108,1300,0,4.425,14.95,24.79,22.32,33.98,15.75,7999,7999,7999,7999,7999,7999,7999,7999,7999
101,2022,108,1400,0,4.495,15.16,24.89,22.33,34,15.94,7999,7999,7999,7999,7999,7999,7999,7999,7999
101,2022,108,1500,0,4.508,15.33,24.99,22.35,34.02,16.4,7999,7999,7999,7999,7999,7999,7999,7999,7999
101,2022,108,1600,0,4.4,15.38,25.07,22.37,34.05,17.28,7999,7999,7999,7999,7999,7999,7999,7999,7999
101,2022,108,1700,0,4.815,15.59,25.15,22.38,34.13,18.27,7999,7999,7999,7999,7999,7999,7999,7999,7999
101,2022,108,1800,0,4.712,15.54,25.18,22.4,34.25,18.35,7999,7999,7999,7999,7999,7999,7999,7999,7999
101,2022,108,1900,0,4.605,15.47,25.18,22.41,34.3,18.18,7999,7999,7999,7999,7999,7999,7999,7999,7999
101,2022,108,2000,0,4.53,15.4,25.17,22.43,34.37,18,7999,7999,7999,7999,7999,7999,7999,7999,7999
101,2022,108,2100,0,4.474,15.34,25.15,22.44,34.48,17.81,7999,7999,7999,7999,7999,7999,7999,7999,7999
101,2022,108,2200,0,4.406,15.27,25.12,22.45,34.53,17.65,7999,7999,7999,7999,7999,7999,7999,7999,7999
101,2022,108,2300,0,4.324,15.2,25.09,22.45,34.6,17.52,7999,7999,7999,7999,7999,7999,7999,7999,7999
101,2022,109,000,0,4.252,15.13,25.05,22.45,34.6,17.42,7999,7999,7999,7999,7999,7999,7999,7999,7999
101,2022,109,100,0,4.21,15.07,25,22.45,34.62,17.31,7999,7999,7999,7999,7999,7999,7999,7999,7999
101,2022,109,200,0,4.156,14.99,24.96,22.45,34.63,17.22,7999,7999,7999,7999,7999,7999,7999,7999,7999
101,2022,109,300,0,4.124,14.92,24.93,22.45,34.63,17.15,7999,7999,7999,7999,7999,7999,7999,7999,7999
101,2022,109,400,0,4.133,14.86,24.89,22.45,34.62,17.06,7999,7999,7999,7999,7999,7999,7999,7999,7999
101,2022,109,500,0,4.151,14.81,24.84,22.45,34.62,17,7999,7999,7999,7999,7999,7999,7999,7999,7999
101,2022,109,600,0,4.18,14.75,24.81,22.45,34.62,16.93,7999,7999,7999,7999,7999,7999,7999,7999,7999
101,2022,109,700,0,4.106,14.71,24.81,22.42,34.58,16.87,7999,7999,7999,7999,7999,7999,7999,7999,7999
101,2022,109,800,0,4.051,14.71,24.82,22.42,34.43,16.82,7999,7999,7999,7999,7999,7999,7999,7999,7999
101,2022,109,900,0,4.092,14.73,24.81,22.43,34.36,16.76,7999,7999,7999,7999,7999,7999,7999,7999,7999
101,2022,109,1000,0,4.303,14.81,24.81,22.42,34.43,16.7,7999,7999,7999,7999,7999,7999,7999,7999,7999
101,2022,109,1100,0,4.388,14.86,24.83,22.41,34.41,16.66,7999,7999,7999,7999,7999,7999,7999,7999,7999
101,2022,109,1200,0,4.514,14.9,24.84,22.41,34.43,16.62,7999,7999,7999,7999,7999,7999,7999,7999,7999
101,2022,109,1300,0,4.489,14.93,24.87,22.42,34.41,16.58,7999,7999,7999,7999,7999,7999,7999,7999,7999
101,2022,109,1400,0,4.421,14.91,24.88,22.42,34.37,16.61,7999,7999,7999,7999,7999,7999,7999,7999,7999
101,2022,109,1500,0,4.342,14.86,24.88,22.41,34.38,17.57,7999,7999,7999,7999,7999,7999,7999,7999,7999
101,2022,109,1600,0,4.288,14.83,24.88,22.41,34.37,18.63,7999,7999,7999,7999,7999,7999,7999,7999,7999
101,2022,109,1700,0,4.258,14.81,24.86,22.42,34.4,18.84,7999,7999,7999,7999,7999,7999,7999,7999,7999
101,2022,109,1800,0,4.258,14.79,24.84,22.41,34.43,18.64,7999,7999,7999,7999,7999,7999,7999,7999,7999
101,2022,109,1900,0,4.261,14.78,24.84,22.42,34.55,18.34,7999,7999,7999,7999,7999,7999,7999,7999,7999
101,2022,109,2000,0,4.252,14.76,24.84,22.41,34.55,18.1,7999,7999,7999,7999,7999,7999,7999,7999,7999
101,2022,109,2100,0,4.24,14.74,24.84,22.41,34.57,17.89,7999,7999,7999,7999,7999,7999,7999,7999,7999
101,2022,109,2200,0,4.225,14.73,24.82,22.41,34.55,17.73,7999,7999,7999,7999,7999,7999,7999,7999,7999
101,2022,109,2300,0,4.21,14.71,24.81,22.41,34.51,17.6,7999,7999,7999,7999,7999,7999,7999,7999,7999
101,2022,110,000,0,4.198,14.69,24.8,22.41,34.53,17.48,7999,7999,7999,7999,7999,7999,7999,7999,7999
101,2022,110,100,0,4.183,14.67,24.78,22.41,34.53,17.37,7999,7999,7999,7999,7999,7999,7999,7999,7999
101,2022,110,200,0,4.162,14.65,24.77,22.41,34.56,17.25,7999,7999,7999,7999,7999,7999,7999,7999,7999
101,2022,110,300,0,4.142,14.62,24.75,22.4,34.66,17.17,7999,7999,7999,7999,7999,7999,7999,7999,7999
101,2022,110,400,0,4.156,14.59,24.73,22.39,34.62,17.09,7999,7999,7999,7999,7999,7999,7999,7999,7999
101,2022,110,500,0,4.156,14.57,24.72,22.38,34.55,17.02,7999,7999,7999,7999,7999,7999,7999,7999,7999
101,2022,110,600,0,4.183,14.54,24.71,22.37,34.51,16.94,7999,7999,7999,7999,7999,7999,7999,7999,7999
101,2022,110,700,0,4.177,14.53,24.71,22.37,34.5,16.87,7999,7999,7999,7999,7999,7999,7999,7999,7999
101,2022,110,800,0,4.145,14.54,24.69,22.38,34.51,16.8,7999,7999,7999,7999,7999,7999,7999,7999,7999
101,2022,110,900,0,4.192,14.56,24.68,22.37,34.48,16.75,7999,7999,7999,7999,7999,7999,7999,7999,7999
101,2022,110,1000,0,4.231,14.58,24.68,22.37,34.45,16.71,7999,7999,7999,7999,7999,7999,7999,7999,7999
101,2022,110,1100,0,4.318,14.59,24.67,22.37,34.37,16.66,7999,7999,7999,7999,7999,7999,7999,7999,7999
101,2022,110,1200,0,4.37,14.61,24.68,22.36,34.34,16.77,7999,7999,7999,7999,7999,7999,7999,7999,7999
101,2022,110,1300,0,4.357,14.61,24.69,22.36,34.31,20.41,7999,7999,7999,7999,7999,7999,7999,7999,7999
101,2022,110,1400,0,4.297,14.61,24.7,22.36,34.3,26.24,7999,7999,7999,7999,7999,7999,7999,7999,7999
101,2022,110,1500,0,4.495,14.71,24.69,22.36,34.32,24.85,7999,7999,7999,7999,7999,7999,7999,7999,7999
101,2022,110,1600,0,4.391,14.71,24.73,22.36,34.32,23.49,7999,7999,7999,7999,7999,7999,7999,7999,7999
101,2022,110,1700,0,4.385,14.71,24.73,22.36,34.32,22.85,7999,7999,7999,7999,7999,7999,7999,7999,7999
101,2022,110,1800,0,4.339,14.68,24.73,22.36,34.32,22.32,7999,7999,7999,7999,7999,7999,7999,7999,7999
101,2022,110,1900,0,4.309,14.66,24.73,22.36,34.35,21.84,7999,7999,7999,7999,7999,7999,7999,7999,7999
101,2022,110,2000,0,4.3,14.65,24.73,22.36,34.37,21.42,7999,7999,7999,7999,7999,7999,7999,7999,7999
101,2022,110,2100,0,4.297,14.64,24.73,22.35,34.38,21.06,7999,7999,7999,7999,7999,7999,7999,7999,7999
101,2022,110,2200,0,4.297,14.64,24.73,22.36,34.36,20.78,7999,7999,7999,7999,7999,7999,7999,7999,7999
101,2022,110,2300,0,4.336,14.66,24.72,22.35,34.36,20.58,7999,7999,7999,7999,7999,7999,7999,7999,7999
101,2022,111,000,0,4.57,14.77,24.73,22.36,34.39,20.5,7999,7999,7999,7999,7999,7999,7999,7999,7999
101,2022,111,100,0,4.527,14.75,24.74,22.36,34.4,20.41,7999,7999,7999,7999,7999,7999,7999,7999,7999
101,2022,111,200,0,4.449,14.73,24.75,22.36,34.4,20.3,7999,7999,7999,7999,7999,7999,7999,7999,7999
101,2022,111,300,0,4.397,14.73,24.76,22.36,34.4,20.16,7999,7999,7999,7999,7999,7999,7999,7999,7999
101,2022,111,400,0,4.388,14.71,24.76,22.36,34.4,20.03,7999,7999,7999,7999,7999,7999,7999,7999,7999
101,2022,111,500,0,4.36,14.71,24.76,22.37,34.41,19.92,7999,7999,7999,7999,7999,7999,7999,7999,7999
101,2022,111,600,0,4.468,14.72,24.76,22.37,34.41,19.81,7999,7999,7999,7999,7999,7999,7999,7999,7999
101,2022,111,700,0,4.44,14.72,24.75,22.37,34.42,19.71,7999,7999,7999,7999,7999,7999,7999,7999,7999
101,2022,111,800,0,4.428,14.72,24.74,22.37,34.39,19.63,7999,7999,7999,7999,7999,7999,7999,7999,7999
101,2022,111,900,0,4.428,14.73,24.75,22.37,34.38,19.56,7999,7999,7999,7999,7999,7999,7999,7999,7999
101,2022,111,1000,0,4.551,14.77,24.76,22.37,34.33,19.49,7999,7999,7999,7999,7999,7999,7999,7999,7999
101,2022,111,1100,0,4.767,15.19,24.84,22.38,34.31,20.08,7999,7999,7999,7999,7999,7999,7999,7999,7999
101,2022,111,1200,0,4.639,15.08,24.87,22.38,34.31,20.74,7999,7999,7999,7999,7999,7999,7999,7999,7999
101,2022,111,1300,0,4.57,14.94,24.84,22.38,34.29,20.68,7999,7999,7999,7999,7999,7999,7999,7999,7999
101,2022,111,1400,0,4.486,14.86,24.84,22.38,34.29,20.5,7999,7999,7999,7999,7999,7999,7999,7999,7999
101,2022,111,1500,0,4.406,14.81,24.84,22.39,34.31,20.33,7999,7999,7999,7999,7999,7999,7999,7999,7999
101,2022,111,1600,0,4.342,14.77,24.81,22.38,34.32,20.15,7999,7999,7999,7999,7999,7999,7999,7999,7999
101,2022,111,1700,0,4.303,14.74,24.81,22.39,34.34,20,7999,7999,7999,7999,7999,7999,7999,7999,7999
101,2022,111,1800,0,4.285,14.72,24.79,22.39,34.36,19.87,7999,7999,7999,7999,7999,7999,7999,7999,7999
101,2022,111,1900,0,4.288,14.69,24.78,22.39,34.38,19.75,7999,7999,7999,7999,7999,7999,7999,7999,7999
101,2022,111,2000,0,4.297,14.68,24.77,22.38,34.41,19.66,7999,7999,7999,7999,7999,7999,7999,7999,7999
101,2022,111,2100,0,4.306,14.67,24.76,22.39,34.43,19.57,7999,7999,7999,7999,7999,7999,7999,7999,7999
101,2022,111,2200,0,4.309,14.66,24.76,22.38,34.43,19.49,7999,7999,7999,7999,7999,7999,7999,7999,7999
101,2022,111,2300,0,4.303,14.64,24.74,22.38,34.44,19.38,7999,7999,7999,7999,7999,7999,7999,7999,7999
101,2022,112,000,0,4.297,14.62,24.74,22.38,34.48,19.26,7999,7999,7999,7999,7999,7999,7999,7999,7999
101,2022,112,100,0,4.294,14.61,24.73,22.38,34.45,19.17,7999,7999,7999,7999,7999,7999,7999,7999,7999
101,2022,112,200,0,4.291,14.6,24.72,22.37,34.43,19.08,7999,7999,7999,7999,7999,7999,7999,7999,7999
101,2022,112,300,0,4.276,14.57,24.71,22.37,34.48,18.98,7999,7999,7999,7999,7999,7999,7999,7999,7999
101,2022,112,400,0,4.255,14.55,24.7,22.37,34.49,18.85,7999,7999,7999,7999,7999,7999,7999,7999,7999
101,2022,112,500,0,4.246,14.52,24.69,22.36,34.5,18.7,7999,7999,7999,7999,7999,7999,7999,7999,7999
101,2022,112,600,0,4.285,14.51,24.68,22.36,34.48,18.55,7999,7999,7999,7999,7999,7999,7999,7999,7999
101,2022,112,700,0,4.252,14.52,24.66,22.36,34.43,18.47,7999,7999,7999,7999,7999,7999,7999,7999,7999
101,2022,112,800,0,4.366,14.55,24.66,22.35,34.36,18.48,7999,7999,7999,7999,7999,7999,7999,7999,7999
101,2022,112,900,0,4.452,14.54,24.66,22.35,34.32,18.57,7999,7999,7999,7999,7999,7999,7999,7999,7999
101,2022,112,1000,0,4.53,14.55,24.65,22.36,34.32,18.65,7999,7999,7999,7999,7999,7999,7999,7999,7999
101,2022,112,1100,0,4.499,14.52,24.64,22.35,34.29,18.61,7999,7999,7999,7999,7999,7999,7999,7999,7999
101,2022,112,1200,0,4.434,14.52,24.65,22.35,34.29,18.6,7999,7999,7999,7999,7999,7999,7999,7999,7999
101,2022,112,1300,0,4.452,14.51,24.63,22.33,34.29,18.56,7999,7999,7999,7999,7999,7999,7999,7999,7999
101,2022,112,1400,0,4.551,14.57,24.66,22.34,34.29,18.58,7999,7999,7999,7999,7999,7999,7999,7999,7999
101,2022,112,1500,0,4.499,14.54,24.66,22.33,34.27,18.53,7999,7999,7999,7999,7999,7999,7999,7999,7999
101,2022,112,1600,0,4.437,14.5,24.64,22.32,34.26,18.53,7999,7999,7999,7999,7999,7999,7999,7999,7999
101,2022,112,1700,0,4.415,14.48,24.63,22.32,34.27,18.48,7999,7999,7999,7999,7999,7999,7999,7999,7999
101,2022,112,1800,0,4.397,14.46,24.62,22.32,34.28,18.46,7999,7999,7999,7999,7999,7999,7999,7999,7999
101,2022,112,1900,0,4.409,14.44,24.62,22.32,34.3,18.41,7999,7999,7999,7999,7999,7999,7999,7999,7999
101,2022,112,2000,0,4.428,14.44,24.61,22.32,34.32,18.38,7999,7999,7999,7999,7999,7999,7999,7999,7999
101,2022,112,2100,0,4.449,14.44,24.61,22.32,34.32,18.34,7999,7999,7999,7999,7999,7999,7999,7999,7999
101,2022,112,2200,0,4.461,14.44,24.6,22.32,34.32,18.3,7999,7999,7999,7999,7999,7999,7999,7999,7999
101,2022,112,2300,0,4.474,14.43,24.59,22.31,34.32,18.27,7999,7999,7999,7999,7999,7999,7999,7999,7999
101,2022,113,000,0,4.474,14.43,24.59,22.3,34.34,18.23,7999,7999,7999,7999,7999,7999,7999,7999,7999
101,2022,113,100,0,4.465,14.42,24.58,22.3,34.32,18.18,7999,7999,7999,7999,7999,7999,7999,7999,7999
101,2022,113,200,0,4.455,14.41,24.58,22.29,34.32,18.13,7999,7999,7999,7999,7999,7999,7999,7999,7999
101,2022,113,300,0,4.449,14.39,24.56,22.29,34.32,18.06,7999,7999,7999,7999,7999,7999,7999,7999,7999
101,2022,113,400,0,4.44,14.38,24.55,22.28,34.32,18.01,7999,7999,7999,7999,7999,7999,7999,7999,7999
101,2022,113,500,0,4.431,14.38,24.55,22.28,34.32,17.94,7999,7999,7999,7999,7999,7999,7999,7999,7999
101,2022,113,600,0,4.44,14.37,24.55,22.28,34.32,17.89,7999,7999,7999,7999,7999,7999,7999,7999,7999
101,2022,113,700,0,4.443,14.37,24.54,22.28,34.3,17.86,7999,7999,7999,7999,7999,7999,7999,7999,7999
101,2022,113,800,0,4.48,14.39,24.54,22.28,34.25,17.86,7999,7999,7999,7999,7999,7999,7999,7999,7999
101,2022,113,900,0,4.499,14.38,24.52,22.28,34.21,17.87,7999,7999,7999,7999,7999,7999,7999,7999,7999
101,2022,113,1000,0,4.483,14.36,24.51,22.28,34.19,17.87,7999,7999,7999,7999,7999,7999,7999,7999,7999
101,2022,113,1100,0,4.455,14.35,24.51,22.28,34.18,17.86,7999,7999,7999,7999,7999,7999,7999,7999,7999
101,2022,113,1200,0,4.421,14.33,24.5,22.27,34.17,17.86,7999,7999,7999,7999,7999,7999,7999,7999,7999
101,2022,113,1300,0,4.379,14.31,24.49,22.26,34.17,17.86,7999,7999,7999,7999,7999,7999,7999,7999,7999
101,2022,113,1400,0,4.339,14.3,24.49,22.26,34.15,17.87,7999,7999,7999,7999,7999,7999,7999,7999,7999
101,2022,113,1500,0,4.294,14.28,24.48,22.25,34.14,17.89,7999,7999,7999,7999,7999,7999,7999,7999,7999
101,2022,113,1600,0,4.27,14.26,24.48,22.25,34.13,17.9,7999,7999,7999,7999,7999,7999,7999,7999,7999
101,2022,113,1700,0,4.261,14.26,24.48,22.25,34.14,17.91,7999,7999,7999,7999,7999,7999,7999,7999,7999
101,2022,113,1800,0,4.249,14.25,24.47,22.25,34.14,17.89,7999,7999,7999,7999,7999,7999,7999,7999,7999
101,2022,113,1900,0,4.264,14.24,24.47,22.24,34.17,17.83,7999,7999,7999,7999,7999,7999,7999,7999,7999
101,2022,113,2000,0,4.282,14.24,24.47,22.24,34.17,17.77,7999,7999,7999,7999,7999,7999,7999,7999,7999
101,2022,113,2100,0,4.303,14.24,24.46,22.24,34.17,17.73,7999,7999,7999,7999,7999,7999,7999,7999,7999
101,2022,113,2200,0,4.324,14.23,24.45,22.24,34.2,17.7,7999,7999,7999,7999,7999,7999,7999,7999,7999
101,2022,113,2300,0,4.339,14.23,24.44,22.23,34.21,17.64,7999,7999,7999,7999,7999,7999,7999,7999,7999
101,2022,114,000,0,4.348,14.23,24.43,22.23,34.21,17.6,7999,7999,7999,7999,7999,7999,7999,7999,7999
101,2022,114,100,0,4.351,14.22,24.43,22.22,34.24,17.56,7999,7999,7999,7999,7999,7999,7999,7999,7999
101,2022,114,200,0,4.351,14.22,24.42,22.22,34.24,17.51,7999,7999,7999,7999,7999,7999,7999,7999,7999
101,2022,114,300,0,4.342,14.21,24.42,22.22,34.26,17.47,7999,7999,7999,7999,7999,7999,7999,7999,7999
101,2022,114,400,0,4.318,14.2,24.4,22.21,34.25,17.4,7999,7999,7999,7999,7999,7999,7999,7999,7999
101,2022,114,500,0,4.291,14.18,24.4,22.21,34.28,17.35,7999,7999,7999,7999,7999,7999,7999,7999,7999
101,2022,114,600,0,4.303,14.19,24.4,22.2,34.24,17.29,7999,7999,7999,7999,7999,7999,7999,7999,7999
101,2022,114,700,0,4.351,14.22,24.39,22.2,34.17,17.28,7999,7999,7999,7999,7999,7999,7999,7999,7999
101,2022,114,800,0,4.495,14.22,24.38,22.2,34.12,17.26,7999,7999,7999,7999,7999,7999,7999,7999,7999
101,2022,114,900,0,4.517,14.22,24.38,22.2,34.09,17.24,7999,7999,7999,7999,7999,7999,7999,7999,7999
101,2022,114,1000,0,4.517,14.21,24.36,22.2,34.08,17.22,7999,7999,7999,7999,7999,7999,7999,7999,7999
101,2022,114,1100,0,4.492,14.2,24.36,22.2,34.07,17.22,7999,7999,7999,7999,7999,7999,7999,7999,7999
101,2022,114,1200,0,4.468,14.18,24.35,22.2,34.06,17.22,7999,7999,7999,7999,7999,7999,7999,7999,7999
101,2022,114,1300,0,4.403,14.17,24.34,22.2,34.06,17.24,7999,7999,7999,7999,7999,7999,7999,7999,7999
101,2022,114,1400,0,4.363,14.15,24.34,22.19,34.05,17.27,7999,7999,7999,7999,7999,7999,7999,7999,7999
101,2022,114,1500,0,4.318,14.13,24.33,22.18,34.04,17.3,7999,7999,7999,7999,7999,7999,7999,7999,7999
101,2022,114,1600,0,4.279,14.12,24.33,22.18,34.03,17.33,7999,7999,7999,7999,7999,7999,7999,7999,7999
101,2022,114,1700,0,4.264,14.12,24.33,22.17,34.03,17.35,7999,7999,7999,7999,7999,7999,7999,7999,7999
101,2022,114,1800,0,4.255,14.11,24.32,22.17,34.03,17.34,7999,7999,7999,7999,7999,7999,7999,7999,7999
101,2022,114,1900,0,4.264,14.11,24.32,22.17,34.05,17.32,7999,7999,7999,7999,7999,7999,7999,7999,7999
101,2022,114,2000,0,4.294,14.1,24.32,22.16,34.06,17.3,7999,7999,7999,7999,7999,7999,7999,7999,7999
101,2022,114,2100,0,4.318,14.1,24.32,22.16,34.06,17.24,7999,7999,7999,7999,7999,7999,7999,7999,7999
101,2022,114,2200,0,4.339,14.11,24.32,22.16,34.06,17.22,7999,7999,7999,7999,7999,7999,7999,7999,7999
101,2022,114,2300,0,4.354,14.11,24.32,22.16,34.06,17.18,7999,7999,7999,7999,7999,7999,7999,7999,7999
101,2022,115,000,0,4.351,14.11,24.31,22.16,34.05,17.14,7999,7999,7999,7999,7999,7999,7999,7999,7999
101,2022,115,100,0,4.37,14.11,24.31,22.16,34.05,17.11,7999,7999,7999,7999,7999,7999,7999,7999,7999
101,2022,115,200,0,4.373,14.11,24.3,22.16,34.05,17.08,7999,7999,7999,7999,7999,7999,7999,7999,7999
101,2022,115,300,0,4.394,14.12,24.29,22.15,34.05,17.06,7999,7999,7999,7999,7999,7999,7999,7999,7999
101,2022,115,400,0,4.373,14.12,24.29,22.15,34.04,17.04,7999,7999,7999,7999,7999,7999,7999,7999,7999
101,2022,115,500,0,4.379,14.12,24.29,22.14,34.04,17,7999,7999,7999,7999,7999,7999,7999,7999,7999
101,2022,115,600,0,4.376,14.1,24.28,22.14,34.03,16.97,7999,7999,7999,7999,7999,7999,7999,7999,7999
101,2022,115,700,0,4.376,14.11,24.28,22.14,34.03,16.95,7999,7999,7999,7999,7999,7999,7999,7999,7999
101,2022,115,800,0,4.385,14.12,24.27,22.14,34.01,16.93,7999,7999,7999,7999,7999,7999,7999,7999,7999
101,2022,115,900,0,4.366,14.11,24.27,22.13,33.99,16.9,7999,7999,7999,7999,7999,7999,7999,7999,7999
101,2022,115,1000,0,4.354,14.1,24.27,22.13,33.98,16.86,7999,7999,7999,7999,7999,7999,7999,7999,7999
101,2022,115,1100,0,4.321,14.09,24.26,22.13,33.98,16.85,7999,7999,7999,7999,7999,7999,7999,7999,7999
101,2022,115,1200,0,4.285,14.07,24.25,22.13,33.97,16.84,7999,7999,7999,7999,7999,7999,7999,7999,7999
101,2022,115,1300,0,4.258,14.07,24.25,22.12,33.97,16.83,7999,7999,7999,7999,7999,7999,7999,7999,7999
101,2022,115,1400,0,4.243,14.06,24.25,22.12,33.96,16.82,7999,7999,7999,7999,7999,7999,7999,7999,7999
101,2022,115,1500,0,4.207,14.04,24.24,22.12,33.97,16.82,7999,7999,7999,7999,7999,7999,7999,7999,7999
101,2022,115,1600,0,4.21,14.04,24.23,22.12,33.97,16.8,7999,7999,7999,7999,7999,7999,7999,7999,7999
101,2022,115,1700,0,4.21,14.04,24.23,22.12,33.98,16.8,7999,7999,7999,7999,7999,7999,7999,7999,7999
101,2022,115,1800,0,4.225,14.03,24.23,22.11,33.99,16.78,7999,7999,7999,7999,7999,7999,7999,7999,7999
101,2022,115,1900,0,4.267,14.04,24.22,22.1,33.99,16.76,7999,7999,7999,7999,7999,7999,7999,7999,7999
101,2022,115,2000,0,4.288,14.04,24.21,22.11,33.99,16.74,7999,7999,7999,7999,7999,7999,7999,7999,7999
101,2022,115,2100,0,4.309,14.04,24.21,22.1,33.99,16.72,7999,7999,7999,7999,7999,7999,7999,7999,7999
101,2022,115,2200,0,4.324,14.04,24.21,22.1,33.99,16.7,7999,7999,7999,7999,7999,7999,7999,7999,7999
101,2022,115,2300,0,4.333,14.04,24.21,22.1,33.99,16.68,7999,7999,7999,7999,7999,7999,7999,7999,7999
101,2022,116,000,0,4.345,14.04,24.21,22.1,33.99,16.66,7999,7999,7999,7999,7999,7999,7999,7999,7999
101,2022,116,100,0,4.357,14.04,24.21,22.09,33.98,16.64,7999,7999,7999,7999,7999,7999,7999,7999,7999
101,2022,116,200,0,4.366,14.04,24.19,22.09,33.98,16.62,7999,7999,7999,7999,7999,7999,7999,7999,7999
101,2022,116,300,0,4.373,14.04,24.19,22.09,33.99,16.59,7999,7999,7999,7999,7999,7999,7999,7999,7999
101,2022,116,400,0,4.376,14.04,24.19,22.08,33.99,16.58,7999,7999,7999,7999,7999,7999,7999,7999,7999
101,2022,116,500,0,4.385,14.05,24.18,22.08,33.99,16.56,7999,7999,7999,7999,7999,7999,7999,7999,7999
101,2022,116,600,0,4.394,14.04,24.18,22.08,33.98,16.55,7999,7999,7999,7999,7999,7999,7999,7999,7999
101,2022,116,700,0,4.403,14.04,24.17,22.08,33.95,16.53,7999,7999,7999,7999,7999,7999,7999,7999,7999
101,2022,116,800,0,4.406,14.04,24.17,22.08,33.94,16.49,7999,7999,7999,7999,7999,7999,7999,7999,7999
101,2022,116,900,0,4.385,14.04,24.16,22.07,33.91,16.49,7999,7999,7999,7999,7999,7999,7999,7999,7999
101,2022,116,1000,0,4.366,14.03,24.16,22.07,33.89,16.47,7999,7999,7999,7999,7999,7999,7999,7999,7999
101,2022,116,1100,0,4.342,14.02,24.16,22.06,33.88,16.46,7999,7999,7999,7999,7999,7999,7999,7999,7999
101,2022,116,1200,0,4.306,14.01,24.15,22.06,33.87,16.47,7999,7999,7999,7999,7999,7999,7999,7999,7999
101,2022,116,1300,0,4.285,14,24.14,22.06,33.87,16.47,7999,7999,7999,7999,7999,7999,7999,7999,7999
101,2022,116,1400,0,4.255,14,24.14,22.05,33.86,16.49,7999,7999,7999,7999,7999,7999,7999,7999,7999
101,2022,116,1500,0,4.219,13.98,24.14,22.05,33.86,16.5,7999,7999,7999,7999,7999,7999,7999,7999,7999
101,2022,116,1600,0,4.228,13.98,24.14,22.04,33.87,16.5,7999,7999,7999,7999,7999,7999,7999,7999,7999
101,2022,116,1700,0,4.225,13.97,24.14,22.04,33.87,16.5,7999,7999,7999,7999,7999,7999,7999,7999,7999
101,2022,116,1800,0,4.246,13.96,24.14,22.04,33.88,16.5,7999,7999,7999,7999,7999,7999,7999,7999,7999
101,2022,116,1900,0,4.294,13.96,24.13,22.04,33.9,16.49,7999,7999,7999,7999,7999,7999,7999,7999,7999
101,2022,116,2000,0,4.309,13.96,24.13,22.04,33.91,16.47,7999,7999,7999,7999,7999,7999,7999,7999,7999
101,2022,116,2100,0,4.33,13.98,24.12,22.04,33.91,16.46,7999,7999,7999,7999,7999,7999,7999,7999,7999
101,2022,116,2200,0,4.339,13.98,24.12,22.04,33.9,16.45,7999,7999,7999,7999,7999,7999,7999,7999,7999
101,2022,116,2300,0,4.348,13.98,24.11,22.04,33.9,16.42,7999,7999,7999,7999,7999,7999,7999,7999,7999
101,2022,117,000,0,4.431,14,24.12,22.04,33.89,17.22,7999,7999,7999,7999,7999,7999,7999,7999,7999
101,2022,117,100,0,4.434,14.04,24.11,22.04,33.9,17.18,7999,7999,7999,7999,7999,7999,7999,7999,7999
101,2022,117,200,0,4.437,14,24.11,22.03,33.89,17.15,7999,7999,7999,7999,7999,7999,7999,7999,7999
101,2022,117,300,0,4.44,14.01,24.1,22.03,33.89,17.13,7999,7999,7999,7999,7999,7999,7999,7999,7999
101,2022,117,400,0,4.443,14,24.1,22.02,33.88,17.11,7999,7999,7999,7999,7999,7999,7999,7999,7999
101,2022,117,500,0,4.446,14,24.1,22.02,33.88,17.08,7999,7999,7999,7999,7999,7999,7999,7999,7999
101,2022,117,600,0,4.474,14.01,24.1,22.01,33.88,17.07,7999,7999,7999,7999,7999,7999,7999,7999,7999
101,2022,117,700,0,4.511,14.01,24.1,22.01,33.87,17.05,7999,7999,7999,7999,7999,7999,7999,7999,7999
101,2022,117,800,0,4.536,14.02,24.1,22.01,33.85,17.04,7999,7999,7999,7999,7999,7999,7999,7999,7999
101,2022,117,900,0,4.536,14.01,24.1,22.01,33.83,17.01,7999,7999,7999,7999,7999,7999,7999,7999,7999
101,2022,117,1000,0,4.517,14,24.09,22,33.81,17,7999,7999,7999,7999,7999,7999,7999,7999,7999
101,2022,117,1100,0,4.461,13.98,24.08,22,33.8,17.01,7999,7999,7999,7999,7999,7999,7999,7999,7999
101,2022,117,1200,0,4.418,13.98,24.08,22,33.79,17.02,7999,7999,7999,7999,7999,7999,7999,7999,7999
101,2022,117,1300,0,4.385,13.95,24.06,22,33.79,17.03,7999,7999,7999,7999,7999,7999,7999,7999,7999
101,2022,117,1400,0,4.33,13.94,24.06,22,33.77,17.06,7999,7999,7999,7999,7999,7999,7999,7999,7999
101,2022,117,1500,0,4.288,13.93,24.06,22,33.77,17.1,7999,7999,7999,7999,7999,7999,7999,7999,7999
101,2022,117,1600,0,4.264,13.92,24.06,22,33.78,17.11,7999,7999,7999,7999,7999,7999,7999,7999,7999
101,2022,117,1700,0,4.264,13.92,24.06,21.99,33.78,17.11,7999,7999,7999,7999,7999,7999,7999,7999,7999
101,2022,117,1800,0,4.279,13.92,24.05,21.99,33.79,17.11,7999,7999,7999,7999,7999,7999,7999,7999,7999
101,2022,117,1900,0,4.315,13.9,24.06,21.98,33.8,17.11,7999,7999,7999,7999,7999,7999,7999,7999,7999
101,2022,117,2000,0,4.345,13.91,24.05,21.98,33.8,17.09,7999,7999,7999,7999,7999,7999,7999,7999,7999
101,2022,117,2100,0,4.366,13.92,24.05,21.98,33.8,17.08,7999,7999,7999,7999,7999,7999,7999,7999,7999
101,2022,117,2200,0,4.388,13.92,24.05,21.98,33.81,17.06,7999,7999,7999,7999,7999,7999,7999,7999,7999
101,2022,117,2300,0,4.397,13.91,24.04,21.97,33.83,17.02,7999,7999,7999,7999,7999,7999,7999,7999,7999
101,2022,118,000,0,4.418,13.92,24.04,21.97,33.81,17.01,7999,7999,7999,7999,7999,7999,7999,7999,7999
101,2022,118,100,0,4.418,13.91,24.03,21.97,33.82,16.98,7999,7999,7999,7999,7999,7999,7999,7999,7999
101,2022,118,200,0,4.428,13.91,24.03,21.97,33.82,16.95,7999,7999,7999,7999,7999,7999,7999,7999,7999
101,2022,118,300,0,4.431,13.91,24.02,21.96,33.82,16.94,7999,7999,7999,7999,7999,7999,7999,7999,7999
101,2022,118,400,0,4.44,13.91,24.02,21.96,33.81,16.91,7999,7999,7999,7999,7999,7999,7999,7999,7999
101,2022,118,500,0,4.443,13.9,24.01,21.96,33.8,16.89,7999,7999,7999,7999,7999,7999,7999,7999,7999
101,2022,118,600,0,4.449,13.91,24.01,21.96,33.8,16.88,7999,7999,7999,7999,7999,7999,7999,7999,7999
101,2022,118,700,0,4.452,13.9,24,21.96,33.78,16.85,7999,7999,7999,7999,7999,7999,7999,7999,7999
101,2022,118,800,0,4.452,13.91,24,21.96,33.75,16.83,7999,7999,7999,7999,7999,7999,7999,7999,7999
101,2022,118,900,0,4.425,13.9,24,21.96,33.73,16.82,7999,7999,7999,7999,7999,7999,7999,7999,7999
101,2022,118,1000,0,4.403,13.89,24,21.95,33.73,16.82,7999,7999,7999,7999,7999,7999,7999,7999,7999
101,2022,118,1100,0,4.376,13.89,24,21.94,33.73,16.82,7999,7999,7999,7999,7999,7999,7999,7999,7999
101,2022,118,1200,0,4.397,13.88,23.99,21.94,33.72,16.83,7999,7999,7999,7999,7999,7999,7999,7999,7999
101,2022,118,1300,0,4.363,13.87,23.99,21.94,33.7,16.83,7999,7999,7999,7999,7999,7999,7999,7999,7999
101,2022,118,1400,0,4.318,13.86,23.98,21.94,33.71,16.84,7999,7999,7999,7999,7999,7999,7999,7999,7999
101,2022,118,1500,0,4.303,13.84,23.98,21.94,33.71,16.85,7999,7999,7999,7999,7999,7999,7999,7999,7999
101,2022,118,1600,0,4.294,13.84,23.97,21.93,33.71,16.85,7999,7999,7999,7999,7999,7999,7999,7999,7999
101,2022,118,1700,0,4.291,13.83,23.97,21.93,33.71,16.85,7999,7999,7999,7999,7999,7999,7999,7999,7999
101,2022,118,1800,0,4.315,13.84,23.96,21.93,33.72,16.85,7999,7999,7999,7999,7999,7999,7999,7999,7999
101,2022,118,1900,0,4.342,13.84,23.96,21.93,33.73,16.85,7999,7999,7999,7999,7999,7999,7999,7999,7999
101,2022,118,2000,0,4.363,13.84,23.96,21.92,33.73,16.83,7999,7999,7999,7999,7999,7999,7999,7999,7999
101,2022,118,2100,0,4.379,13.83,23.95,21.92,33.73,16.82,7999,7999,7999,7999,7999,7999,7999,7999,7999
101,2022,118,2200,0,4.391,13.83,23.95,21.92,33.74,16.81,7999,7999,7999,7999,7999,7999,7999,7999,7999
101,2022,118,2300,0,4.406,13.84,23.95,21.92,33.73,16.8,7999,7999,7999,7999,7999,7999,7999,7999,7999
101,2022,119,000,0,4.406,13.83,23.95,21.91,33.74,16.77,7999,7999,7999,7999,7999,7999,7999,7999,7999
101,2022,119,100,0,4.412,13.83,23.95,21.91,33.74,16.76,7999,7999,7999,7999,7999,7999,7999,7999,7999
101,2022,119,200,0,4.418,13.83,23.94,21.91,33.73,16.74,7999,7999,7999,7999,7999,7999,7999,7999,7999
101,2022,119,300,0,4.409,13.83,23.94,21.91,33.74,16.72,7999,7999,7999,7999,7999,7999,7999,7999,7999
101,2022,119,400,0,4.4,13.83,23.94,21.9,33.73,16.7,7999,7999,7999,7999,7999,7999,7999,7999,7999
101,2022,119,500,0,4.397,13.82,23.94,21.9,33.73,16.68,7999,7999,7999,7999,7999,7999,7999,7999,7999
101,2022,119,600,0,4.415,13.84,23.93,21.9,33.71,16.68,7999,7999,7999,7999,7999,7999,7999,7999,7999
101,2022,119,700,0,4.455,13.85,23.93,21.9,33.7,16.66,7999,7999,7999,7999,7999,7999,7999,7999,7999
101,2022,119,800,0,4.474,13.85,23.92,21.9,33.66,16.64,7999,7999,7999,7999,7999,7999,7999,7999,7999
101,2022,119,900,0,4.452,13.84,23.91,21.89,33.65,16.62,7999,7999,7999,7999,7999,7999,7999,7999,7999
101,2022,119,1000,0,4.418,13.84,23.92,21.9,33.65,16.63,7999,7999,7999,7999,7999,7999,7999,7999,7999
101,2022,119,1100,0,4.406,13.81,23.89,21.88,33.64,16.63,7999,7999,7999,7999,7999,7999,7999,7999,7999
101,2022,119,1200,0,4.385,13.8,23.89,21.88,33.63,16.65,7999,7999,7999,7999,7999,7999,7999,7999,7999
101,2022,119,1300,0,4.36,13.79,23.89,21.88,33.62,16.69,7999,7999,7999,7999,7999,7999,7999,7999,7999
101,2022,119,1400,0,4.327,13.78,23.89,21.88,33.62,16.75,7999,7999,7999,7999,7999,7999,7999,7999,7999
101,2022,119,1500,0,4.297,13.76,23.89,21.88,33.61,16.81,7999,7999,7999,7999,7999,7999,7999,7999,7999
101,2022,119,1600,0,4.264,13.76,23.89,21.88,33.61,16.87,7999,7999,7999,7999,7999,7999,7999,7999,7999
101,2022,119,1700,0,4.252,13.75,23.89,21.87,33.62,16.89,7999,7999,7999,7999,7999,7999,7999,7999,7999
101,2022,119,1800,0,4.285,13.75,23.89,21.87,33.61,16.89,7999,7999,7999,7999,7999,7999,7999,7999,7999
101,2022,119,1900,0,4.379,13.75,23.89,21.86,33.63,16.87,7999,7999,7999,7999,7999,7999,7999,7999,7999
101,2022,119,2000,0,4.841,13.87,23.9,21.87,33.63,16.9,7999,7999,7999,7999,7999,7999,7999,7999,7999
101,2022,119,2100,0,5.031,14.08,23.94,21.88,33.65,16.93,7999,7999,7999,7999,7999,7999,7999,7999,7999
101,2022,119,2200,0,4.994,14.05,23.95,21.88,33.64,17,7999,7999,7999,7999,7999,7999,7999,7999,7999
101,2022,119,2300,0,4.994,14.04,23.95,21.88,33.65,17.04,7999,7999,7999,7999,7999,7999,7999,7999,7999
101,2022,120,000,0,5.084,14.06,23.96,21.88,33.64,17.08,7999,7999,7999,7999,7999,7999,7999,7999,7999
101,2022,120,100,0,5.317,14.17,24,21.88,33.65,17.15,7999,7999,7999,7999,7999,7999,7999,7999,7999
101,2022,120,200,0,5.158,14.15,24.01,21.88,33.64,17.24,7999,7999,7999,7999,7999,7999,7999,7999,7999
101,2022,120,300,0,5.114,14.14,24.03,21.88,33.64,17.28,7999,7999,7999,7999,7999,7999,7999,7999,7999
101,2022,120,400,0,5.074,14.13,24.03,21.88,33.63,17.32,7999,7999,7999,7999,7999,7999,7999,7999,7999
101,2022,120,500,0,5.081,14.14,24.03,21.88,33.63,17.36,7999,7999,7999,7999,7999,7999,7999,7999,7999
101,2022,120,600,0,5.077,14.15,24.05,21.88,33.62,17.37,7999,7999,7999,7999,7999,7999,7999,7999,7999
101,2022,120,700,0,5.208,14.22,24.06,21.88,33.62,17.42,7999,7999,7999,7999,7999,7999,7999,7999,7999
101,2022,120,800,0,5.795,14.23,24.07,21.88,33.62,17.47,7999,7999,7999,7999,7999,7999,7999,7999,7999
101,2022,120,900,0,5.514,14.37,24.14,21.88,33.58,17.56,7999,7999,7999,7999,7999,7999,7999,7999,7999
101,2022,120,1000,0,5.462,14.34,24.16,21.88,33.57,17.62,7999,7999,7999,7999,7999,7999,7999,7999,7999
101,2022,120,1100,0,5.222,14.3,24.16,21.9,33.57,17.67,7999,7999,7999,7999,7999,7999,7999,7999,7999
101,2022,120,1200,0,5.127,14.26,24.16,21.89,33.56,17.67,7999,7999,7999,7999,7999,7999,7999,7999,7999
101,2022,120,1300,0,5.051,14.22,24.16,21.89,33.55,17.68,7999,7999,7999,7999,7999,7999,7999,7999,7999
101,2022,120,1400,0,4.975,14.19,24.16,21.9,33.54,17.68,7999,7999,7999,7999,7999,7999,7999,7999,7999
101,2022,120,1500,0,4.889,14.16,24.15,21.91,33.54,17.69,7999,7999,7999,7999,7999,7999,7999,7999,7999
101,2022,120,1600,0,5.137,14.23,24.15,21.91,33.55,17.7,7999,7999,7999,7999,7999,7999,7999,7999,7999
101,2022,120,1700,0,5.017,14.2,24.16,21.91,33.55,17.7,7999,7999,7999,7999,7999,7999,7999,7999,7999
101,2022,120,1800,0,4.971,14.18,24.15,21.92,33.56,17.68,7999,7999,7999,7999,7999,7999,7999,7999,7999
101,2022,120,1900,0,4.968,14.15,24.14,21.92,33.57,17.67,7999,7999,7999,7999,7999,7999,7999,7999,7999
101,2022,120,2000,0,4.968,14.15,24.14,21.92,33.57,17.65,7999,7999,7999,7999,7999,7999,7999,7999,7999
101,2022,120,2100,0,4.971,14.15,24.14,21.92,33.58,17.63,7999,7999,7999,7999,7999,7999,7999,7999,7999
101,2022,120,2200,0,4.975,14.14,24.13,21.92,33.6,17.6,7999,7999,7999,7999,7999,7999,7999,7999,7999
101,2022,120,2300,0,4.958,14.13,24.12,21.92,33.61,17.56,7999,7999,7999,7999,7999,7999,7999,7999,7999
101,2022,121,000,0,4.938,14.12,24.11,21.92,33.61,17.52,7999,7999,7999,7999,7999,7999,7999,7999,7999
101,2022,121,100,0,4.919,14.1,24.1,21.92,33.62,17.48,7999,7999,7999,7999,7999,7999,7999,7999,7999
101,2022,121,200,0,4.903,14.08,24.1,21.92,33.62,17.44,7999,7999,7999,7999,7999,7999,7999,7999,7999
101,2022,121,300,0,4.876,14.07,24.1,21.92,33.62,17.4,7999,7999,7999,7999,7999,7999,7999,7999,7999
101,2022,121,400,0,4.87,14.04,24.1,21.92,33.62,17.35,7999,7999,7999,7999,7999,7999,7999,7999,7999
101,2022,121,500,0,4.841,14.03,24.08,21.92,33.62,17.32,7999,7999,7999,7999,7999,7999,7999,7999,7999
101,2022,121,600,0,4.87,14.01,24.08,21.92,33.61,17.29,7999,7999,7999,7999,7999,7999,7999,7999,7999
101,2022,121,700,0,4.85,14.06,24.06,21.93,33.57,17.3,7999,7999,7999,7999,7999,7999,7999,7999,7999
101,2022,121,800,0,4.873,14.08,24.07,21.93,33.57,17.28,7999,7999,7999,7999,7999,7999,7999,7999,7999
101,2022,121,900,0,4.948,14.08,24.06,21.93,33.53,17.26,7999,7999,7999,7999,7999,7999,7999,7999,7999
101,2022,121,1000,0,4.935,14.07,24.06,21.93,33.52,17.26,7999,7999,7999,7999,7999,7999,7999,7999,7999
101,2022,121,1100,0,4.935,14.04,24.05,21.93,33.52,17.25,7999,7999,7999,7999,7999,7999,7999,7999,7999
101,2022,121,1200,0,4.912,14.02,24.05,21.93,33.52,17.27,7999,7999,7999,7999,7999,7999,7999,7999,7999
101,2022,121,1300,0,4.863,14,24.04,21.93,33.52,17.31,7999,7999,7999,7999,7999,7999,7999,7999,7999
101,2022,121,1400,0,4.805,13.97,24.04,21.92,33.51,17.37,7999,7999,7999,7999,7999,7999,7999,7999,7999
101,2022,121,1500,0,4.725,13.95,24.03,21.92,33.5,17.43,7999,7999,7999,7999,7999,7999,7999,7999,7999
101,2022,121,1600,0,4.671,13.94,24.03,21.92,33.5,17.48,7999,7999,7999,7999,7999,7999,7999,7999,7999
101,2022,121,1700,0,4.642,13.93,24.03,21.92,33.5,17.52,7999,7999,7999,7999,7999,7999,7999,7999,7999
101,2022,121,1800,0,4.639,13.93,24.04,21.92,33.5,17.54,7999,7999,7999,7999,7999,7999,7999,7999,7999
101,2022,121,1900,0,4.642,13.92,24.03,21.92,33.52,17.53,7999,7999,7999,7999,7999,7999,7999,7999,7999
101,2022,121,2000,0,4.655,13.92,24.03,21.92,33.52,17.5,7999,7999,7999,7999,7999,7999,7999,7999,7999
101,2022,121,2100,0,4.674,13.92,24.03,21.92,33.54,17.46,7999,7999,7999,7999,7999,7999,7999,7999,7999
101,2022,121,2200,0,4.687,13.92,24.02,21.92,33.54,17.4,7999,7999,7999,7999,7999,7999,7999,7999,7999
101,2022,121,2300,0,4.706,13.92,24.02,21.92,33.54,17.36,7999,7999,7999,7999,7999,7999,7999,7999,7999
101,2022,122,000,0,4.731,13.92,24.01,21.92,33.54,17.32,7999,7999,7999,7999,7999,7999,7999,7999,7999
101,2022,122,100,0,4.747,13.93,24.01,21.92,33.54,17.29,7999,7999,7999,7999,7999,7999,7999,7999,7999
101,2022,122,200,0,4.738,13.92,24,21.92,33.53,17.25,7999,7999,7999,7999,7999,7999,7999,7999,7999
101,2022,122,300,0,4.965,13.98,24,21.92,33.54,17.25,7999,7999,7999,7999,7999,7999,7999,7999,7999
101,2022,122,400,0,4.857,13.96,24.01,21.92,33.54,17.22,7999,7999,7999,7999,7999,7999,7999,7999,7999
101,2022,122,500,0,4.838,13.94,24,21.92,33.56,17.19,7999,7999,7999,7999,7999,7999,7999,7999,7999
101,2022,122,600,0,4.841,13.95,24,21.92,33.56,17.17,7999,7999,7999,7999,7999,7999,7999,7999,7999
101,2022,122,700,0,4.854,13.95,24,21.92,33.54,17.15,7999,7999,7999,7999,7999,7999,7999,7999,7999
101,2022,122,800,0,4.828,13.93,23.99,21.92,33.53,17.13,7999,7999,7999,7999,7999,7999,7999,7999,7999
101,2022,122,900,0,4.821,13.94,23.99,21.92,33.52,17.11,7999,7999,7999,7999,7999,7999,7999,7999,7999
101,2022,122,1000,0,4.796,13.93,23.98,21.91,33.51,17.08,7999,7999,7999,7999,7999,7999,7999,7999,7999
101,2022,122,1100,0,4.776,13.91,23.97,21.91,33.5,17.06,7999,7999,7999,7999,7999,7999,7999,7999,7999
101,2022,122,1200,0,4.738,13.89,23.96,21.91,33.5,17.05,7999,7999,7999,7999,7999,7999,7999,7999,7999
101,2022,122,1300,0,4.725,13.87,23.96,21.91,33.5,17.06,7999,7999,7999,7999,7999,7999,7999,7999,7999
101,2022,122,1400,0,4.709,13.87,23.95,21.91,33.5,17.06,7999,7999,7999,7999,7999,7999,7999,7999,7999
101,2022,122,1500,0,4.693,13.85,23.95,21.91,33.5,17.05,7999,7999,7999,7999,7999,7999,7999,7999,7999
101,2022,122,1600,0,4.668,13.84,23.95,21.9,33.5,17.05,7999,7999,7999,7999,7999,7999,7999,7999,7999
101,2022,122,1700,0,4.668,13.83,23.94,21.9,33.52,17.05,7999,7999,7999,7999,7999,7999,7999,7999,7999
101,2022,122,1800,0,4.674,13.84,23.94,21.9,33.52,17.03,7999,7999,7999,7999,7999,7999,7999,7999,7999
101,2022,122,1900,0,4.671,13.83,23.94,21.89,33.53,17.01,7999,7999,7999,7999,7999,7999,7999,7999,7999
101,2022,122,2000,0,4.684,13.83,23.93,21.89,33.53,16.99,7999,7999,7999,7999,7999,7999,7999,7999,7999
101,2022,122,2100,0,4.69,13.83,23.92,21.89,33.52,16.96,7999,7999,7999,7999,7999,7999,7999,7999,7999
101,2022,122,2200,0,4.696,13.83,23.92,21.88,33.53,16.94,7999,7999,7999,7999,7999,7999,7999,7999,7999
101,2022,122,2300,0,4.7,13.82,23.92,21.88,33.52,16.91,7999,7999,7999,7999,7999,7999,7999,7999,7999
101,2022,123,000,0,4.696,13.82,23.92,21.88,33.53,16.89,7999,7999,7999,7999,7999,7999,7999,7999,7999
101,2022,123,100,0,4.696,13.82,23.91,21.88,33.52,16.87,7999,7999,7999,7999,7999,7999,7999,7999,7999
101,2022,123,200,0,4.7,13.81,23.91,21.88,33.53,16.85,7999,7999,7999,7999,7999,7999,7999,7999,7999
101,2022,123,300,0,4.7,13.81,23.9,21.88,33.53,16.83,7999,7999,7999,7999,7999,7999,7999,7999,7999
101,2022,123,400,0,4.69,13.8,23.89,21.88,33.53,16.8,7999,7999,7999,7999,7999,7999,7999,7999,7999
101,2022,123,500,0,4.677,13.79,23.89,21.88,33.53,16.79,7999,7999,7999,7999,7999,7999,7999,7999,7999
101,2022,123,600,0,4.687,13.79,23.89,21.87,33.52,16.77,7999,7999,7999,7999,7999,7999,7999,7999,7999
101,2022,123,700,0,4.773,13.81,23.89,21.88,33.51,16.75,7999,7999,7999,7999,7999,7999,7999,7999,7999
101,2022,123,800,0,4.792,13.81,23.88,21.87,33.48,16.72,7999,7999,7999,7999,7999,7999,7999,7999,7999
101,2022,123,900,0,4.776,13.79,23.87,21.86,33.47,16.72,7999,7999,7999,7999,7999,7999,7999,7999,7999
101,2022,123,1000,0,4.754,13.78,23.86,21.87,33.46,16.71,7999,7999,7999,7999,7999,7999,7999,7999,7999
101,2022,123,1100,0,4.712,13.76,23.84,21.87,33.47,16.72,7999,7999,7999,7999,7999,7999,7999,7999,7999
101,2022,123,1200,0,4.668,13.73,23.84,21.86,33.45,16.76,7999,7999,7999,7999,7999,7999,7999,7999,7999
101,2022,123,1300,0,4.624,13.71,23.84,21.85,33.45,16.8,7999,7999,7999,7999,7999,7999,7999,7999,7999
101,2022,123,1400,0,4.564,13.69,23.84,21.85,33.45,16.87,7999,7999,7999,7999,7999,7999,7999,7999,7999
101,2022,123,1500,0,4.53,13.68,23.83,21.84,33.43,16.93,7999,7999,7999,7999,7999,7999,7999,7999,7999
101,2022,123,1600,0,4.53,13.67,23.82,21.84,33.43,16.98,7999,7999,7999,7999,7999,7999,7999,7999,7999
101,2022,123,1700,0,4.508,13.67,23.83,21.84,33.43,17.04,7999,7999,7999,7999,7999,7999,7999,7999,7999
101,2022,123,1800,0,4.505,13.66,23.83,21.84,33.43,17.06,7999,7999,7999,7999,7999,7999,7999,7999,7999
101,2022,123,1900,0,4.523,13.66,23.83,21.84,33.45,17.06,7999,7999,7999,7999,7999,7999,7999,7999,7999
101,2022,123,2000,0,4.545,13.66,23.83,21.84,33.45,16.99,7999,7999,7999,7999,7999,7999,7999,7999,7999
101,2022,123,2100,0,4.57,13.65,23.81,21.84,33.47,16.95,7999,7999,7999,7999,7999,7999,7999,7999,7999
101,2022,123,2200,0,4.592,13.65,23.81,21.84,33.47,16.91,7999,7999,7999,7999,7999,7999,7999,7999,7999
101,2022,123,2300,0,4.617,13.66,23.81,21.83,33.47,16.89,7999,7999,7999,7999,7999,7999,7999,7999,7999
101,2022,124,000,0,4.624,13.65,23.81,21.83,33.47,16.87,7999,7999,7999,7999,7999,7999,7999,7999,7999
101,2022,124,100,0,4.636,13.66,23.81,21.82,33.47,16.85,7999,7999,7999,7999,7999,7999,7999,7999,7999
101,2022,124,200,0,4.639,13.66,23.8,21.82,33.47,16.82,7999,7999,7999,7999,7999,7999,7999,7999,7999
101,2022,124,300,0,4.649,13.66,23.8,21.82,33.47,16.8,7999,7999,7999,7999,7999,7999,7999,7999,7999
101,2022,124,400,0,4.649,13.66,23.79,21.82,33.47,16.77,7999,7999,7999,7999,7999,7999,7999,7999,7999
101,2022,124,500,0,4.652,13.66,23.79,21.82,33.47,16.75,7999,7999,7999,7999,7999,7999,7999,7999,7999
101,2022,124,600,0,4.674,13.67,23.79,21.81,33.45,16.72,7999,7999,7999,7999,7999,7999,7999,7999,7999
101,2022,124,700,0,4.677,13.67,23.79,21.81,33.43,16.68,7999,7999,7999,7999,7999,7999,7999,7999,7999
101,2022,124,800,0,4.665,13.66,23.77,21.81,33.43,16.67,7999,7999,7999,7999,7999,7999,7999,7999,7999
101,2022,124,900,0,4.642,13.66,23.76,21.81,33.41,16.66,7999,7999,7999,7999,7999,7999,7999,7999,7999
101,2022,124,1000,0,4.608,13.64,23.76,21.81,33.42,16.67,7999,7999,7999,7999,7999,7999,7999,7999,7999
101,2022,124,1100,0,4.586,13.63,23.74,21.81,33.41,16.7,7999,7999,7999,7999,7999,7999,7999,7999,7999
101,2022,124,1200,0,4.576,13.62,23.74,21.81,33.41,16.74,7999,7999,7999,7999,7999,7999,7999,7999,7999
101,2022,124,1300,0,4.517,13.61,23.74,21.81,33.4,16.8,7999,7999,7999,7999,7999,7999,7999,7999,7999
101,2022,124,1400,0,4.455,13.58,23.73,21.8,33.4,16.89,7999,7999,7999,7999,7999,7999,7999,7999,7999
101,2022,124,1500,0,4.406,13.57,23.74,21.79,33.39,16.95,7999,7999,7999,7999,7999,7999,7999,7999,7999
101,2022,124,1600,0,4.342,13.55,23.74,21.78,33.39,17.02,7999,7999,7999,7999,7999,7999,7999,7999,7999
101,2022,124,1700,0,4.324,13.55,23.74,21.78,33.39,17.05,7999,7999,7999,7999,7999,7999,7999,7999,7999
101,2022,124,1800,0,4.345,13.55,23.74,21.78,33.39,17.06,7999,7999,7999,7999,7999,7999,7999,7999,7999
101,2022,124,1900,0,4.351,13.55,23.74,21.78,33.39,17.03,7999,7999,7999,7999,7999,7999,7999,7999,7999
101,2022,124,2000,0,4.36,13.55,23.74,21.78,33.39,16.99,7999,7999,7999,7999,7999,7999,7999,7999,7999
101,2022,124,2100,0,4.376,13.55,23.74,21.78,33.39,16.94,7999,7999,7999,7999,7999,7999,7999,7999,7999
101,2022,124,2200,0,4.403,13.55,23.74,21.78,33.4,16.89,7999,7999,7999,7999,7999,7999,7999,7999,7999
101,2022,124,2300,0,4.428,13.55,23.74,21.78,33.39,16.85,7999,7999,7999,7999,7999,7999,7999,7999,7999
101,2022,125,000,0,4.443,13.58,23.74,21.78,33.39,16.82,7999,7999,7999,7999,7999,7999,7999,7999,7999
101,2022,125,100,0,4.458,13.57,23.74,21.78,33.39,16.79,7999,7999,7999,7999,7999,7999,7999,7999,7999
101,2022,125,200,0,4.474,13.57,23.74,21.78,33.39,16.76,7999,7999,7999,7999,7999,7999,7999,7999,7999
101,2022,125,300,0,4.477,13.58,23.73,21.78,33.39,16.74,7999,7999,7999,7999,7999,7999,7999,7999,7999
101,2022,125,400,0,4.492,13.58,23.73,21.78,33.39,16.72,7999,7999,7999,7999,7999,7999,7999,7999,7999
101,2022,125,500,0,4.492,13.54,23.72,21.78,33.39,16.7,7999,7999,7999,7999,7999,7999,7999,7999,7999
101,2022,125,600,0,4.495,13.55,23.72,21.78,33.39,16.68,7999,7999,7999,7999,7999,7999,7999,7999,7999
101,2022,125,700,0,4.551,13.55,23.71,21.78,33.39,16.66,7999,7999,7999,7999,7999,7999,7999,7999,7999
101,2022,125,800,0,4.722,13.58,23.71,21.78,33.39,16.66,7999,7999,7999,7999,7999,7999,7999,7999,7999
101,2022,125,900,0,4.7,13.61,23.71,21.78,33.39,16.64,7999,7999,7999,7999,7999,7999,7999,7999,7999
101,2022,125,1000,0,4.68,13.59,23.71,21.77,33.37,16.62,7999,7999,7999,7999,7999,7999,7999,7999,7999
101,2022,125,1100,0,4.63,13.58,23.7,21.77,33.37,16.61,7999,7999,7999,7999,7999,7999,7999,7999,7999
101,2022,125,1200,0,4.583,13.57,23.7,21.77,33.37,16.61,7999,7999,7999,7999,7999,7999,7999,7999,7999
101,2022,125,1300,0,4.706,13.58,23.7,21.77,33.37,16.6,7999,7999,7999,7999,7999,7999,7999,7999,7999
101,2022,125,1400,0,4.77,13.61,23.7,21.78,33.37,16.62,7999,7999,7999,7999,7999,7999,7999,7999,7999
101,2022,125,1500,0,4.738,13.61,23.7,21.77,33.37,16.63,7999,7999,7999,7999,7999,7999,7999,7999,7999
101,2022,125,1600,0,4.693,13.6,23.7,21.77,33.36,16.62,7999,7999,7999,7999,7999,7999,7999,7999,7999
101,2022,125,1700,0,4.642,13.57,23.69,21.77,33.36,16.63,7999,7999,7999,7999,7999,7999,7999,7999,7999
101,2022,125,1800,0,4.658,13.57,23.69,21.77,33.37,16.63,7999,7999,7999,7999,7999,7999,7999,7999,7999
101,2022,125,1900,0,4.655,13.56,23.68,21.77,33.37,16.63,7999,7999,7999,7999,7999,7999,7999,7999,7999
101,2022,125,2000,0,4.731,13.58,23.68,21.77,33.38,16.63,7999,7999,7999,7999,7999,7999,7999,7999,7999
101,2022,125,2100,0,5.008,13.65,23.69,21.77,33.38,16.63,7999,7999,7999,7999,7999,7999,7999,7999,7999
101,2022,125,2200,0,5.365,13.76,23.7,21.77,33.39,16.66,7999,7999,7999,7999,7999,7999,7999,7999,7999
101,2022,125,2300,0,5.424,13.87,23.74,21.78,33.39,16.7,7999,7999,7999,7999,7999,7999,7999,7999,7999
101,2022,126,000,0,5.286,13.86,23.74,21.77,33.39,16.77,7999,7999,7999,7999,7999,7999,7999,7999,7999
101,2022,126,100,0,5.262,13.83,23.74,21.78,33.39,16.82,7999,7999,7999,7999,7999,7999,7999,7999,7999
101,2022,126,200,0,5.249,13.81,23.74,21.77,33.39,16.86,7999,7999,7999,7999,7999,7999,7999,7999,7999
101,2022,126,300,0,5.242,13.85,23.74,21.77,33.39,16.89,7999,7999,7999,7999,7999,7999,7999,7999,7999
101,2022,126,400,0,5.201,13.86,23.74,21.77,33.39,16.91,7999,7999,7999,7999,7999,7999,7999,7999,7999
101,2022,126,500,0,5.184,13.84,23.74,21.77,33.39,16.94,7999,7999,7999,7999,7999,7999,7999,7999,7999
101,2022,126,600,0,5.198,13.83,23.75,21.77,33.38,16.95,7999,7999,7999,7999,7999,7999,7999,7999,7999
101,2022,126,700,0,5.188,13.84,23.75,21.77,33.37,16.95,7999,7999,7999,7999,7999,7999,7999,7999,7999
101,2022,126,800,0,5.124,13.79,23.75,21.77,33.36,16.95,7999,7999,7999,7999,7999,7999,7999,7999,7999
101,2022,126,900,0,5.051,13.79,23.75,21.76,33.35,16.97,7999,7999,7999,7999,7999,7999,7999,7999,7999
101,2022,126,1000,0,4.955,13.81,23.75,21.76,33.35,16.98,7999,7999,7999,7999,7999,7999,7999,7999,7999
101,2022,126,1100,0,5.784,14.05,23.77,21.77,33.36,17.04,7999,7999,7999,7999,7999,7999,7999,7999,7999
101,2022,126,1200,0,6.151,14.31,23.84,21.78,33.36,17.27,7999,7999,7999,7999,7999,7999,7999,7999,7999
101,2022,126,1300,0,6.11,14.35,23.89,21.77,33.36,17.46,7999,7999,7999,7999,7999,7999,7999,7999,7999
101,2022,126,1400,0,5.77,14.31,23.93,21.78,33.35,17.58,7999,7999,7999,7999,7999,7999,7999,7999,7999
101,2022,126,1500,0,5.885,14.31,23.94,21.78,33.36,17.69,7999,7999,7999,7999,7999,7999,7999,7999,7999
101,2022,126,1600,0,6.29,14.46,23.99,21.78,33.36,17.88,7999,7999,7999,7999,7999,7999,7999,7999,7999
101,2022,126,1700,0,6.132,14.52,24.05,21.78,33.35,18.06,7999,7999,7999,7999,7999,7999,7999,7999,7999
101,2022,126,1800,0,5.969,14.5,24.08,21.79,33.34,18.13,7999,7999,7999,7999,7999,7999,7999,7999,7999
101,2022,126,1900,0,6.62,14.68,24.11,21.81,33.36,18.27,7999,7999,7999,7999,7999,7999,7999,7999,7999
101,2022,126,2000,0,6.26,14.68,24.17,21.81,33.36,18.4,7999,7999,7999,7999,7999,7999,7999,7999,7999
101,2022,126,2100,0,6.512,14.76,24.21,21.81,33.36,18.51,7999,7999,7999,7999,7999,7999,7999,7999,7999
101,2022,126,2200,0,6.738,14.86,24.26,21.83,33.36,18.61,7999,7999,7999,7999,7999,7999,7999,7999,7999
101,2022,126,2300,0,6.473,14.85,24.31,21.84,33.36,18.71,7999,7999,7999,7999,7999,7999,7999,7999,7999
101,2022,127,000,0,6.442,14.85,24.34,21.84,33.36,18.76,7999,7999,7999,7999,7999,7999,7999,7999,7999
101,2022,127,100,0,6.656,14.9,24.37,21.86,33.36,18.83,7999,7999,7999,7999,7999,7999,7999,7999,7999
101,2022,127,200,0,6.358,14.9,24.4,21.88,33.35,18.87,7999,7999,7999,7999,7999,7999,7999,7999,7999
101,2022,127,300,0,6.29,14.89,24.41,21.89,33.35,18.9,7999,7999,7999,7999,7999,7999,7999,7999,7999
101,2022,127,400,0,6.181,14.87,24.43,21.91,33.35,18.9,7999,7999,7999,7999,7999,7999,7999,7999,7999
101,2022,127,500,0,6.381,14.88,24.43,21.92,33.35,18.9,7999,7999,7999,7999,7999,7999,7999,7999,7999
101,2022,127,600,0,6.412,14.94,24.46,21.94,33.36,19.01,7999,7999,7999,7999,7999,7999,7999,7999,7999
101,2022,127,700,0,6.29,14.95,24.49,21.96,33.34,19.01,7999,7999,7999,7999,7999,7999,7999,7999,7999
101,2022,127,800,0,6.169,14.92,24.49,21.97,33.32,19.01,7999,7999,7999,7999,7999,7999,7999,7999,7999
101,2022,127,900,0,6.091,14.88,24.49,21.99,33.32,18.96,7999,7999,7999,7999,7999,7999,7999,7999,7999
101,2022,127,1000,0,5.977,14.84,24.49,22,33.32,18.96,7999,7999,7999,7999,7999,7999,7999,7999,7999
101,2022,127,1100,0,5.893,14.81,24.49,22.02,33.31,18.9,7999,7999,7999,7999,7999,7999,7999,7999,7999
101,2022,127,1200,0,5.77,14.76,24.48,22.03,33.31,18.87,7999,7999,7999,7999,7999,7999,7999,7999,7999
101,2022,127,1300,0,5.687,14.73,24.47,22.04,33.31,18.8,7999,7999,7999,7999,7999,7999,7999,7999,7999
101,2022,127,1400,0,5.588,14.68,24.47,22.04,33.32,18.76,7999,7999,7999,7999,7999,7999,7999,7999,7999
101,2022,127,1500,0,5.514,14.64,24.45,22.06,33.32,18.71,7999,7999,7999,7999,7999,7999,7999,7999,7999
101,2022,127,1600,0,5.483,14.61,24.44,22.07,33.32,18.67,7999,7999,7999,7999,7999,7999,7999,7999,7999
101,2022,127,1700,0,5.472,14.58,24.43,22.08,33.33,18.64,7999,7999,7999,7999,7999,7999,7999,7999,7999
101,2022,127,1800,0,5.599,14.59,24.42,22.08,33.36,18.61,7999,7999,7999,7999,7999,7999,7999,7999,7999
101,2022,127,1900,0,5.599,14.59,24.41,22.09,33.37,18.58,7999,7999,7999,7999,7999,7999,7999,7999,7999
101,2022,127,2000,0,5.62,14.59,24.41,22.1,33.39,18.55,7999,7999,7999,7999,7999,7999,7999,7999,7999
101,2022,127,2100,0,5.627,14.58,24.4,22.1,33.39,18.52,7999,7999,7999,7999,7999,7999,7999,7999,7999
101,2022,127,2200,0,5.613,14.57,24.39,22.11,33.4,18.48,7999,7999,7999,7999,7999,7999,7999,7999,7999
101,2022,127,2300,0,5.592,14.57,24.38,22.11,33.41,18.45,7999,7999,7999,7999,7999,7999,7999,7999,7999
101,2022,128,000,0,5.57,14.56,24.37,22.12,33.42,18.43,7999,7999,7999,7999,7999,7999,7999,7999,7999
101,2022,128,100,0,5.542,14.55,24.36,22.12,33.43,18.38,7999,7999,7999,7999,7999,7999,7999,7999,7999
101,2022,128,200,0,5.563,14.54,24.36,22.12,33.43,18.35,7999,7999,7999,7999,7999,7999,7999,7999,7999
101,2022,128,300,0,5.549,14.52,24.36,22.12,33.45,18.31,7999,7999,7999,7999,7999,7999,7999,7999,7999
101,2022,128,400,0,5.599,14.52,24.36,22.12,33.45,18.28,7999,7999,7999,7999,7999,7999,7999,7999,7999
101,2022,128,500,0,5.585,14.55,24.35,22.13,33.45,18.25,7999,7999,7999,7999,7999,7999,7999,7999,7999
101,2022,128,600,0,5.574,14.52,24.34,22.13,33.46,18.23,7999,7999,7999,7999,7999,7999,7999,7999,7999
101,2022,128,700,0,5.563,14.55,24.34,22.13,33.45,18.2,7999,7999,7999,7999,7999,7999,7999,7999,7999
101,2022,128,800,0,5.574,14.56,24.33,22.14,33.46,18.19,7999,7999,7999,7999,7999,7999,7999,7999,7999
101,2022,128,900,0,5.616,14.6,24.34,22.14,33.46,18.19,7999,7999,7999,7999,7999,7999,7999,7999,7999
101,2022,128,1000,0,5.73,14.61,24.35,22.15,33.46,18.18,7999,7999,7999,7999,7999,7999,7999,7999,7999
101,2022,128,1100,0,6.155,14.68,24.36,22.15,33.47,18.22,7999,7999,7999,7999,7999,7999,7999,7999,7999
101,2022,128,1200,0,5.915,14.66,24.37,22.16,33.47,18.31,7999,7999,7999,7999,7999,7999,7999,7999,7999
101,2022,128,1300,0,5.838,14.65,24.38,22.16,33.47,18.31,7999,7999,7999,7999,7999,7999,7999,7999,7999
101,2022,128,1400,0,5.755,14.61,24.38,22.16,33.47,18.29,7999,7999,7999,7999,7999,7999,7999,7999,7999
101,2022,128,1500,0,5.655,14.59,24.37,22.16,33.49,18.3,7999,7999,7999,7999,7999,7999,7999,7999,7999
101,2022,128,1600,0,5.623,14.56,24.37,22.16,33.49,18.26,7999,7999,7999,7999,7999,7999,7999,7999,7999
101,2022,128,1700,0,5.588,14.55,24.36,22.16,33.5,18.25,7999,7999,7999,7999,7999,7999,7999,7999,7999
101,2022,128,1800,0,5.56,14.57,24.36,22.16,33.51,18.23,7999,7999,7999,7999,7999,7999,7999,7999,7999
101,2022,128,1900,0,5.549,14.54,24.36,22.16,33.54,18.21,7999,7999,7999,7999,7999,7999,7999,7999,7999
101,2022,128,2000,0,5.507,14.48,24.35,22.16,33.56,18.15,7999,7999,7999,7999,7999,7999,7999,7999,7999
101,2022,128,2100,0,5.441,14.46,24.33,22.16,33.57,18.09,7999,7999,7999,7999,7999,7999,7999,7999,7999
101,2022,128,2200,0,5.417,14.45,24.32,22.16,33.57,18.04,7999,7999,7999,7999,7999,7999,7999,7999,7999
101,2022,128,2300,0,5.396,14.44,24.32,22.16,33.6,17.98,7999,7999,7999,7999,7999,7999,7999,7999,7999
101,2022,129,000,0,5.396,14.41,24.31,22.16,33.61,17.93,7999,7999,7999,7999,7999,7999,7999,7999,7999
101,2022,129,100,0,5.42,14.39,24.3,22.16,33.62,17.88,7999,7999,7999,7999,7999,7999,7999,7999,7999
101,2022,129,200,0,5.424,14.38,24.29,22.16,33.62,17.83,7999,7999,7999,7999,7999,7999,7999,7999,7999
101,2022,129,300,0,5.396,14.36,24.27,22.16,33.63,17.77,7999,7999,7999,7999,7999,7999,7999,7999,7999
101,2022,129,400,0,5.386,14.34,24.26,22.16,33.64,17.74,7999,7999,7999,7999,7999,7999,7999,7999,7999
101,2022,129,500,0,5.324,14.31,24.25,22.15,33.66,17.71,7999,7999,7999,7999,7999,7999,7999,7999,7999
101,2022,129,600,0,5.362,14.3,24.25,22.14,33.65,17.68,7999,7999,7999,7999,7999,7999,7999,7999,7999
101,2022,129,700,0,5.283,14.31,24.27,22.14,33.65,17.69,7999,7999,7999,7999,7999,7999,7999,7999,7999
101,2022,129,800,0,5.29,14.36,24.26,22.16,33.65,17.69,7999,7999,7999,7999,7999,7999,7999,7999,7999
101,2022,129,900,0,5.406,14.39,24.26,22.16,33.63,17.67,7999,7999,7999,7999,7999,7999,7999,7999,7999
101,2022,129,1000,0,5.448,14.4,24.26,22.16,33.62,17.68,7999,7999,7999,7999,7999,7999,7999,7999,7999
101,2022,129,1100,0,5.406,14.39,24.26,22.16,33.62,17.67,7999,7999,7999,7999,7999,7999,7999,7999,7999
101,2022,129,1200,0,5.365,14.36,24.26,22.14,33.61,17.66,7999,7999,7999,7999,7999,7999,7999,7999,7999
101,2022,129,1300,0,5.296,14.37,24.25,22.15,33.62,17.69,7999,7999,7999,7999,7999,7999,7999,7999,7999
101,2022,129,1400,0,5.249,14.35,24.25,22.14,33.62,17.7,7999,7999,7999,7999,7999,7999,7999,7999,7999
101,2022,129,1500,0,5.201,14.33,24.25,22.14,33.62,17.73,7999,7999,7999,7999,7999,7999,7999,7999,7999
101,2022,129,1600,0,5.181,14.33,24.25,22.13,33.62,17.72,7999,7999,7999,7999,7999,7999,7999,7999,7999
101,2022,129,1700,0,5.151,14.31,24.24,22.13,33.63,17.73,7999,7999,7999,7999,7999,7999,7999,7999,7999
101,2022,129,1800,0,5.144,14.31,24.23,22.13,33.64,17.73,7999,7999,7999,7999,7999,7999,7999,7999,7999
101,2022,129,1900,0,5.158,14.32,24.22,22.13,33.66,17.71,7999,7999,7999,7999,7999,7999,7999,7999,7999
101,2022,129,2000,0,5.174,14.28,24.21,22.13,33.69,17.69,7999,7999,7999,7999,7999,7999,7999,7999,7999
101,2022,129,2100,0,5.191,14.28,24.21,22.12,33.69,17.66,7999,7999,7999,7999,7999,7999,7999,7999,7999
101,2022,129,2200,0,5.188,14.27,24.21,22.12,33.69,17.64,7999,7999,7999,7999,7999,7999,7999,7999,7999
101,2022,129,2300,0,5.178,14.26,24.2,22.12,33.72,17.61,7999,7999,7999,7999,7999,7999,7999,7999,7999
101,2022,130,000,0,5.184,14.25,24.19,22.12,33.72,17.57,7999,7999,7999,7999,7999,7999,7999,7999,7999
101,2022,130,100,0,5.188,14.24,24.18,22.11,33.73,17.54,7999,7999,7999,7999,7999,7999,7999,7999,7999
101,2022,130,200,0,5.181,14.23,24.17,22.1,33.73,17.51,7999,7999,7999,7999,7999,7999,7999,7999,7999
101,2022,130,300,0,5.161,14.23,24.17,22.09,33.74,17.47,7999,7999,7999,7999,7999,7999,7999,7999,7999
101,2022,130,400,0,5.141,14.2,24.17,22.08,33.76,17.44,7999,7999,7999,7999,7999,7999,7999,7999,7999
101,2022,130,500,0,5.134,14.2,24.16,22.08,33.76,17.41,7999,7999,7999,7999,7999,7999,7999,7999,7999
101,2022,130,600,0,5.168,14.2,24.17,22.08,33.73,17.4,7999,7999,7999,7999,7999,7999,7999,7999,7999
101,2022,130,700,0,5.205,14.23,24.16,22.09,33.71,17.37,7999,7999,7999,7999,7999,7999,7999,7999,7999
101,2022,130,800,0,5.242,14.25,24.15,22.09,33.7,17.35,7999,7999,7999,7999,7999,7999,7999,7999,7999
101,2022,130,900,0,5.273,14.26,24.14,22.09,33.68,17.33,7999,7999,7999,7999,7999,7999,7999,7999,7999
101,2022,130,1000,0,5.266,14.25,24.14,22.09,33.66,17.32,7999,7999,7999,7999,7999,7999,7999,7999,7999
101,2022,130,1100,0,5.228,14.24,24.14,22.08,33.67,17.33,7999,7999,7999,7999,7999,7999,7999,7999,7999
