101,2022,83,1700,0,3.501,14.03,31.06,21.53,33.62,13.85,7999,7999,7999,7999,7999,7999,7999,7999,7999
101,2022,83,1800,0,3.504,14.01,31.06,21.54,33.63,13.87,7999,7999,7999,7999,7999,7999,7999,7999,7999
101,2022,83,1900,0,3.517,14,31.06,21.53,33.64,13.82,7999,7999,7999,7999,7999,7999,7999,7999,7999
101,2022,83,2000,0,3.539,13.99,31.06,21.52,33.66,13.78,7999,7999,7999,7999,7999,7999,7999,7999,7999
101,2022,83,2100,0,3.563,13.98,31.05,21.52,33.66,13.75,7999,7999,7999,7999,7999,7999,7999,7999,7999
101,2022,83,2200,0,3.579,13.98,31.05,21.52,33.68,13.73,7999,7999,7999,7999,7999,7999,7999,7999,7999
101,2022,83,2300,0,3.593,13.98,31.04,21.51,33.68,13.7,7999,7999,7999,7999,7999,7999,7999,7999,7999
101,2022,84,000,0,3.606,13.98,31.03,21.51,33.69,13.69,7999,7999,7999,7999,7999,7999,7999,7999,7999
101,2022,84,100,0,3.612,13.98,31.02,21.52,33.69,13.66,7999,7999,7999,7999,7999,7999,7999,7999,7999
101,2022,84,200,0,3.62,13.98,31.02,21.51,33.69,13.64,7999,7999,7999,7999,7999,7999,7999,7999,7999
101,2022,84,300,0,3.628,13.98,31.01,21.5,33.68,13.63,7999,7999,7999,7999,7999,7999,7999,7999,7999
101,2022,84,400,0,3.628,13.98,31,21.5,33.69,13.61,7999,7999,7999,7999,7999,7999,7999,7999,7999
101,2022,84,500,0,3.631,13.98,31,21.51,33.69,13.6,7999,7999,7999,7999,7999,7999,7999,7999,7999
101,2022,84,600,0,3.631,13.97,30.99,21.5,33.69,13.58,7999,7999,7999,7999,7999,7999,7999,7999,7999
101,2022,84,700,0,3.633,13.96,30.98,21.5,33.69,13.57,7999,7999,7999,7999,7999,7999,7999,7999,7999
101,2022,84,800,0,3.642,13.97,30.97,21.5,33.68,13.57,7999,7999,7999,7999,7999,7999,7999,7999,7999
101,2022,84,900,0,3.672,13.98,30.97,21.5,33.65,13.57,7999,7999,7999,7999,7999,7999,7999,7999,7999
101,2022,84,1000,0,3.694,13.99,30.97,21.5,33.62,13.54,7999,7999,7999,7999,7999,7999,7999,7999,7999
101,2022,84,1100,0,3.65,13.99,30.97,21.5,33.61,13.54,7999,7999,7999,7999,7999,7999,7999,7999,7999
101,2022,84,1200,0,3.606,13.98,30.96,21.5,33.6,13.54,7999,7999,7999,7999,7999,7999,7999,7999,7999
101,2022,84,1300,0,3.555,13.97,30.96,21.5,33.6,13.55,7999,7999,7999,7999,7999,7999,7999,7999,7999
101,2022,84,1400,0,3.52,13.95,30.95,21.5,33.58,13.58,7999,7999,7999,7999,7999,7999,7999,7999,7999
101,2022,84,1500,0,3.517,13.98,30.95,21.5,33.57,13.61,7999,7999,7999,7999,7999,7999,7999,7999,7999
101,2022,84,1600,0,3.499,13.98,30.95,21.5,33.58,13.64,7999,7999,7999,7999,7999,7999,7999,7999,7999
101,2022,84,1700,0,3.475,13.97,30.94,21.5,33.58,13.67,7999,7999,7999,7999,7999,7999,7999,7999,7999
101,2022,84,1800,0,3.469,13.96,30.94,21.49,33.61,13.67,7999,7999,7999,7999,7999,7999,7999,7999,7999
101,2022,84,1900,0,3.488,13.96,30.93,21.49,33.62,13.67,7999,7999,7999,7999,7999,7999,7999,7999,7999
101,2022,84,2000,0,3.515,13.97,30.93,21.49,33.62,13.66,7999,7999,7999,7999,7999,7999,7999,7999,7999
101,2022,84,2100,0,3.539,13.97,30.93,21.48,33.62,13.64,7999,7999,7999,7999,7999,7999,7999,7999,7999
101,2022,84,2200,0,3.582,14,30.93,21.48,33.62,13.61,7999,7999,7999,7999,7999,7999,7999,7999,7999
101,2022,84,2300,0,3.606,14,30.93,21.48,33.62,13.59,7999,7999,7999,7999,7999,7999,7999,7999,7999
101,2022,85,000,0,3.631,14,30.92,21.48,33.63,13.57,7999,7999,7999,7999,7999,7999,7999,7999,7999
101,2022,85,100,0,3.653,14,30.92,21.47,33.63,13.55,7999,7999,7999,7999,7999,7999,7999,7999,7999
101,2022,85,200,0,3.672,14.01,30.91,21.47,33.62,13.54,7999,7999,7999,7999,7999,7999,7999,7999,7999
101,2022,85,300,0,3.68,14.01,30.9,21.47,33.62,13.52,7999,7999,7999,7999,7999,7999,7999,7999,7999
101,2022,85,400,0,3.691,14.01,30.9,21.47,33.62,13.51,7999,7999,7999,7999,7999,7999,7999,7999,7999
101,2022,85,500,0,3.702,14.01,30.89,21.47,33.62,13.5,7999,7999,7999,7999,7999,7999,7999,7999,7999
101,2022,85,600,0,3.721,14.01,30.88,21.47,33.62,13.49,7999,7999,7999,7999,7999,7999,7999,7999,7999
101,2022,85,700,0,3.738,14.01,30.88,21.47,33.61,13.49,7999,7999,7999,7999,7999,7999,7999,7999,7999
101,2022,85,800,0,3.741,14.01,30.88,21.47,33.6,13.48,7999,7999,7999,7999,7999,7999,7999,7999,7999
101,2022,85,900,0,3.738,14.01,30.88,21.47,33.57,13.47,7999,7999,7999,7999,7999,7999,7999,7999,7999
101,2022,85,1000,0,3.733,14.01,30.86,21.47,33.57,13.46,7999,7999,7999,7999,7999,7999,7999,7999,7999
101,2022,85,1100,0,3.724,14.01,30.86,21.47,33.56,13.47,7999,7999,7999,7999,7999,7999,7999,7999,7999
101,2022,85,1200,0,3.71,14.01,30.85,21.47,33.56,13.49,7999,7999,7999,7999,7999,7999,7999,7999,7999
101,2022,85,1300,0,3.702,14.01,30.85,21.47,33.56,13.53,7999,7999,7999,7999,7999,7999,7999,7999,7999
101,2022,85,1400,0,3.691,14.01,30.85,21.47,33.55,13.58,7999,7999,7999,7999,7999,7999,7999,7999,7999
101,2022,85,1500,0,3.68,14,30.86,21.47,33.54,13.63,7999,7999,7999,7999,7999,7999,7999,7999,7999
101,2022,85,1600,0,3.675,14,30.86,21.47,33.54,13.69,7999,7999,7999,7999,7999,7999,7999,7999,7999
101,2022,85,1700,0,3.661,14,30.87,21.47,33.54,13.72,7999,7999,7999,7999,7999,7999,7999,7999,7999
101,2022,85,1800,0,3.672,13.99,30.86,21.47,33.56,13.73,7999,7999,7999,7999,7999,7999,7999,7999,7999
101,2022,85,1900,0,3.691,13.99,30.86,21.47,33.56,13.73,7999,7999,7999,7999,7999,7999,7999,7999,7999
101,2022,85,2000,0,3.702,13.99,30.85,21.47,33.57,13.69,7999,7999,7999,7999,7999,7999,7999,7999,7999
101,2022,85,2100,0,3.724,13.99,30.85,21.47,33.57,13.66,7999,7999,7999,7999,7999,7999,7999,7999,7999
101,2022,85,2200,0,3.741,13.98,30.84,21.46,33.57,13.63,7999,7999,7999,7999,7999,7999,7999,7999,7999
101,2022,85,2300,0,3.76,13.98,30.84,21.47,33.57,13.61,7999,7999,7999,7999,7999,7999,7999,7999,7999
101,2022,86,000,0,3.777,13.98,30.84,21.46,33.57,13.58,7999,7999,7999,7999,7999,7999,7999,7999,7999
101,2022,86,100,0,3.791,13.98,30.84,21.46,33.57,13.56,7999,7999,7999,7999,7999,7999,7999,7999,7999
101,2022,86,200,0,3.799,13.98,30.83,21.46,33.58,13.54,7999,7999,7999,7999,7999,7999,7999,7999,7999
101,2022,86,300,0,3.811,13.98,30.83,21.46,33.58,13.53,7999,7999,7999,7999,7999,7999,7999,7999,7999
101,2022,86,400,0,3.822,13.98,30.82,21.46,33.6,13.51,7999,7999,7999,7999,7999,7999,7999,7999,7999
101,2022,86,500,0,3.827,13.98,30.84,21.46,33.58,13.49,7999,7999,7999,7999,7999,7999,7999,7999,7999
101,2022,86,600,0,3.833,13.98,30.81,21.45,33.58,13.47,7999,7999,7999,7999,7999,7999,7999,7999,7999
101,2022,86,700,0,3.842,13.97,30.8,21.45,33.58,13.45,7999,7999,7999,7999,7999,7999,7999,7999,7999
101,2022,86,800,0,3.856,13.98,30.8,21.45,33.56,13.45,7999,7999,7999,7999,7999,7999,7999,7999,7999
101,2022,86,900,0,3.853,13.98,30.8,21.45,33.54,13.43,7999,7999,7999,7999,7999,7999,7999,7999,7999
101,2022,86,1000,0,3.842,13.98,30.8,21.45,33.54,13.43,7999,7999,7999,7999,7999,7999,7999,7999,7999
101,2022,86,1100,0,3.822,13.97,30.79,21.45,33.53,13.43,7999,7999,7999,7999,7999,7999,7999,7999,7999
101,2022,86,1200,0,3.805,13.96,30.78,21.44,33.52,13.43,7999,7999,7999,7999,7999,7999,7999,7999,7999
101,2022,86,1300,0,3.785,13.96,30.77,21.44,33.52,13.43,7999,7999,7999,7999,7999,7999,7999,7999,7999
101,2022,86,1400,0,3.766,13.95,30.77,21.44,33.51,13.45,7999,7999,7999,7999,7999,7999,7999,7999,7999
101,2022,86,1500,0,3.741,13.95,30.77,21.44,33.51,13.47,7999,7999,7999,7999,7999,7999,7999,7999,7999
101,2022,86,1600,0,3.73,13.95,30.77,21.44,33.51,13.48,7999,7999,7999,7999,7999,7999,7999,7999,7999
101,2022,86,1700,0,3.719,13.95,30.77,21.44,33.52,13.49,7999,7999,7999,7999,7999,7999,7999,7999,7999
101,2022,86,1800,0,3.716,13.95,30.77,21.44,33.52,13.51,7999,7999,7999,7999,7999,7999,7999,7999,7999
101,2022,86,1900,0,3.724,13.94,30.77,21.44,33.53,13.51,7999,7999,7999,7999,7999,7999,7999,7999,7999
101,2022,86,2000,0,3.738,13.96,30.76,21.44,33.54,13.51,7999,7999,7999,7999,7999,7999,7999,7999,7999
101,2022,86,2100,0,3.752,13.95,30.76,21.44,33.54,13.51,7999,7999,7999,7999,7999,7999,7999,7999,7999
101,2022,86,2200,0,3.769,13.95,30.75,21.44,33.54,13.49,7999,7999,7999,7999,7999,7999,7999,7999,7999
101,2022,86,2300,0,3.78,13.96,30.75,21.43,33.54,13.48,7999,7999,7999,7999,7999,7999,7999,7999,7999
101,2022,87,000,0,3.794,13.96,30.75,21.44,33.53,13.47,7999,7999,7999,7999,7999,7999,7999,7999,7999
101,2022,87,100,0,3.83,13.96,30.74,21.44,33.54,13.47,7999,7999,7999,7999,7999,7999,7999,7999,7999
101,2022,87,200,0,4.028,14.04,30.75,21.44,33.54,13.48,7999,7999,7999,7999,7999,7999,7999,7999,7999
101,2022,87,300,0,3.999,14.01,30.74,21.44,33.55,13.47,7999,7999,7999,7999,7999,7999,7999,7999,7999
101,2022,87,400,0,4.007,14,30.74,21.43,33.55,13.46,7999,7999,7999,7999,7999,7999,7999,7999,7999
101,2022,87,500,0,4.01,13.99,30.74,21.44,33.55,13.45,7999,7999,7999,7999,7999,7999,7999,7999,7999
101,2022,87,600,0,4.013,13.99,30.73,21.43,33.55,13.44,7999,7999,7999,7999,7999,7999,7999,7999,7999
101,2022,87,700,0,4.025,13.99,30.72,21.43,33.55,13.43,7999,7999,7999,7999,7999,7999,7999,7999,7999
101,2022,87,800,0,4.033,13.99,30.72,21.43,33.54,13.43,7999,7999,7999,7999,7999,7999,7999,7999,7999
101,2022,87,900,0,4.03,13.99,30.71,21.43,33.52,13.42,7999,7999,7999,7999,7999,7999,7999,7999,7999
101,2022,87,1000,0,4.022,13.98,30.71,21.43,33.51,13.42,7999,7999,7999,7999,7999,7999,7999,7999,7999
101,2022,87,1100,0,4.019,13.97,30.71,21.42,33.5,13.42,7999,7999,7999,7999,7999,7999,7999,7999,7999
101,2022,87,1200,0,3.984,13.97,30.71,21.43,33.49,13.43,7999,7999,7999,7999,7999,7999,7999,7999,7999
101,2022,87,1300,0,3.924,13.96,30.71,21.43,33.5,13.43,7999,7999,7999,7999,7999,7999,7999,7999,7999
101,2022,87,1400,0,3.876,13.96,30.71,21.43,33.48,13.45,7999,7999,7999,7999,7999,7999,7999,7999,7999
101,2022,87,1500,0,3.847,13.95,30.71,21.43,33.49,13.46,7999,7999,7999,7999,7999,7999,7999,7999,7999
101,2022,87,1600,0,3.87,13.96,30.71,21.42,33.5,13.48,7999,7999,7999,7999,7999,7999,7999,7999,7999
101,2022,87,1700,0,3.853,13.95,30.71,21.41,33.5,13.49,7999,7999,7999,7999,7999,7999,7999,7999,7999
101,2022,87,1800,0,3.864,13.95,30.71,21.41,33.5,13.49,7999,7999,7999,7999,7999,7999,7999,7999,7999
101,2022,87,1900,0,3.867,13.94,30.71,21.41,33.51,13.49,7999,7999,7999,7999,7999,7999,7999,7999,7999
101,2022,87,2000,0,3.878,13.93,30.7,21.41,33.52,13.49,7999,7999,7999,7999,7999,7999,7999,7999,7999
101,2022,87,2100,0,3.893,13.93,30.7,21.41,33.53,13.48,7999,7999,7999,7999,7999,7999,7999,7999,7999
101,2022,87,2200,0,3.904,13.92,30.7,21.41,33.53,13.46,7999,7999,7999,7999,7999,7999,7999,7999,7999
101,2022,87,2300,0,3.915,13.93,30.69,21.41,33.53,13.45,7999,7999,7999,7999,7999,7999,7999,7999,7999
101,2022,88,000,0,3.924,13.92,30.69,21.41,33.52,13.43,7999,7999,7999,7999,7999,7999,7999,7999,7999
101,2022,88,100,0,3.93,13.92,30.68,21.41,33.54,13.42,7999,7999,7999,7999,7999,7999,7999,7999,7999
101,2022,88,200,0,3.935,13.92,30.67,21.41,33.53,13.41,7999,7999,7999,7999,7999,7999,7999,7999,7999
101,2022,88,300,0,3.935,13.92,30.67,21.41,33.53,13.39,7999,7999,7999,7999,7999,7999,7999,7999,7999
101,2022,88,400,0,3.944,13.92,30.67,21.4,33.53,13.38,7999,7999,7999,7999,7999,7999,7999,7999,7999
101,2022,88,500,0,3.932,13.91,30.67,21.4,33.53,13.35,7999,7999,7999,7999,7999,7999,7999,7999,7999
101,2022,88,600,0,3.927,13.9,30.67,21.39,33.54,13.35,7999,7999,7999,7999,7999,7999,7999,7999,7999
101,2022,88,700,0,3.938,13.9,30.66,21.39,33.52,13.37,7999,7999,7999,7999,7999,7999,7999,7999,7999
101,2022,88,800,0,3.981,13.93,30.66,21.39,33.5,13.36,7999,7999,7999,7999,7999,7999,7999,7999,7999
101,2022,88,900,0,3.996,13.93,30.65,21.39,33.47,13.34,7999,7999,7999,7999,7999,7999,7999,7999,7999
101,2022,88,1000,0,4.019,13.92,30.65,21.39,33.47,13.32,7999,7999,7999,7999,7999,7999,7999,7999,7999
101,2022,88,1100,0,3.999,13.92,30.64,21.39,33.46,13.32,7999,7999,7999,7999,7999,7999,7999,7999,7999
101,2022,88,1200,0,3.918,13.91,30.63,21.39,33.45,13.33,7999,7999,7999,7999,7999,7999,7999,7999,7999
101,2022,88,1300,0,3.847,13.9,30.63,21.39,33.44,13.36,7999,7999,7999,7999,7999,7999,7999,7999,7999
101,2022,88,1400,0,3.811,13.89,30.63,21.38,33.43,13.39,7999,7999,7999,7999,7999,7999,7999,7999,7999
101,2022,88,1500,0,3.763,13.89,30.63,21.38,33.43,13.44,7999,7999,7999,7999,7999,7999,7999,7999,7999
101,2022,88,1600,0,3.741,13.87,30.63,21.38,33.43,13.48,7999,7999,7999,7999,7999,7999,7999,7999,7999
101,2022,88,1700,0,3.73,13.87,30.63,21.38,33.44,13.52,7999,7999,7999,7999,7999,7999,7999,7999,7999
101,2022,88,1800,0,3.741,13.86,30.63,21.38,33.45,13.52,7999,7999,7999,7999,7999,7999,7999,7999,7999
101,2022,88,1900,0,3.76,13.86,30.63,21.38,33.45,13.52,7999,7999,7999,7999,7999,7999,7999,7999,7999
101,2022,88,2000,0,3.783,13.86,30.63,21.38,33.46,13.51,7999,7999,7999,7999,7999,7999,7999,7999,7999
101,2022,88,2100,0,3.802,13.86,30.62,21.37,33.46,13.49,7999,7999,7999,7999,7999,7999,7999,7999,7999
101,2022,88,2200,0,3.811,13.86,30.62,21.38,33.46,13.48,7999,7999,7999,7999,7999,7999,7999,7999,7999
101,2022,88,2300,0,3.822,13.85,30.61,21.37,33.46,13.46,7999,7999,7999,7999,7999,7999,7999,7999,7999
101,2022,89,000,0,3.83,13.86,30.61,21.37,33.45,13.45,7999,7999,7999,7999,7999,7999,7999,7999,7999
101,2022,89,100,0,3.839,13.86,30.6,21.36,33.46,13.43,7999,7999,7999,7999,7999,7999,7999,7999,7999
101,2022,89,200,0,3.847,13.85,30.6,21.37,33.46,13.42,7999,7999,7999,7999,7999,7999,7999,7999,7999
101,2022,89,300,0,3.847,13.84,30.59,21.36,33.46,13.41,7999,7999,7999,7999,7999,7999,7999,7999,7999
101,2022,89,400,0,3.853,13.84,30.59,21.36,33.47,13.39,7999,7999,7999,7999,7999,7999,7999,7999,7999
101,2022,89,500,0,3.867,13.83,30.59,21.36,33.47,13.39,7999,7999,7999,7999,7999,7999,7999,7999,7999
101,2022,89,600,0,3.876,13.83,30.59,21.36,33.47,13.36,7999,7999,7999,7999,7999,7999,7999,7999,7999
101,2022,89,700,0,3.89,13.83,30.58,21.36,33.47,13.35,7999,7999,7999,7999,7999,7999,7999,7999,7999
101,2022,89,800,0,3.89,13.83,30.57,21.36,33.47,13.35,7999,7999,7999,7999,7999,7999,7999,7999,7999
101,2022,89,900,0,3.893,13.84,30.57,21.36,33.45,13.34,7999,7999,7999,7999,7999,7999,7999,7999,7999
101,2022,89,1000,0,3.887,13.83,30.56,21.35,33.43,13.33,7999,7999,7999,7999,7999,7999,7999,7999,7999
101,2022,89,1100,0,3.881,13.83,30.56,21.35,33.41,13.32,7999,7999,7999,7999,7999,7999,7999,7999,7999
101,2022,89,1200,0,3.842,13.83,30.56,21.35,33.4,13.32,7999,7999,7999,7999,7999,7999,7999,7999,7999
101,2022,89,1300,0,3.822,13.82,30.55,21.35,33.41,13.32,7999,7999,7999,7999,7999,7999,7999,7999,7999
101,2022,89,1400,0,3.822,13.81,30.55,21.35,33.41,13.32,7999,7999,7999,7999,7999,7999,7999,7999,7999
101,2022,89,1500,0,3.819,13.81,30.54,21.35,33.4,13.32,7999,7999,7999,7999,7999,7999,7999,7999,7999
101,2022,89,1600,0,3.813,13.81,30.54,21.35,33.41,13.32,7999,7999,7999,7999,7999,7999,7999,7999,7999
101,2022,89,1700,0,3.816,13.8,30.54,21.35,33.41,13.33,7999,7999,7999,7999,7999,7999,7999,7999,7999
101,2022,89,1800,0,3.827,13.79,30.53,21.35,33.43,13.32,7999,7999,7999,7999,7999,7999,7999,7999,7999
101,2022,89,1900,0,3.842,13.79,30.52,21.34,33.43,13.32,7999,7999,7999,7999,7999,7999,7999,7999,7999
101,2022,89,2000,0,3.853,13.78,30.52,21.34,33.43,13.32,7999,7999,7999,7999,7999,7999,7999,7999,7999
101,2022,89,2100,0,3.864,13.79,30.52,21.33,33.44,13.32,7999,7999,7999,7999,7999,7999,7999,7999,7999
101,2022,89,2200,0,3.864,13.79,30.5,21.33,33.44,13.3,7999,7999,7999,7999,7999,7999,7999,7999,7999
101,2022,89,2300,0,3.867,13.79,30.5,21.33,33.45,13.29,7999,7999,7999,7999,7999,7999,7999,7999,7999
101,2022,90,000,0,3.859,13.78,30.5,21.32,33.44,13.27,7999,7999,7999,7999,7999,7999,7999,7999,7999
101,2022,90,100,0,3.85,13.78,30.5,21.32,33.44,13.27,7999,7999,7999,7999,7999,7999,7999,7999,7999
101,2022,90,200,0,3.833,13.78,30.49,21.32,33.44,13.25,7999,7999,7999,7999,7999,7999,7999,7999,7999
101,2022,90,300,0,3.822,13.77,30.48,21.32,33.44,13.24,7999,7999,7999,7999,7999,7999,7999,7999,7999
101,2022,90,400,0,3.816,13.78,30.48,21.32,33.44,13.22,7999,7999,7999,7999,7999,7999,7999,7999,7999
101,2022,90,500,0,3.808,13.77,30.46,21.32,33.44,13.22,7999,7999,7999,7999,7999,7999,7999,7999,7999
101,2022,90,600,0,3.802,13.76,30.46,21.32,33.45,13.2,7999,7999,7999,7999,7999,7999,7999,7999,7999
101,2022,90,700,0,3.819,13.76,30.46,21.32,33.43,13.2,7999,7999,7999,7999,7999,7999,7999,7999,7999
101,2022,90,800,0,3.839,13.78,30.45,21.31,33.41,13.2,7999,7999,7999,7999,7999,7999,7999,7999,7999
101,2022,90,900,0,3.864,13.79,30.45,21.31,33.4,13.19,7999,7999,7999,7999,7999,7999,7999,7999,7999
101,2022,90,1000,0,3.901,13.79,30.45,21.3,33.39,13.17,7999,7999,7999,7999,7999,7999,7999,7999,7999
101,2022,90,1100,0,3.174,9.02,23.15,21.7,33.2,13.17,7999,7999,7999,7999,7999,7999,7999,7999,7999
101,2022,90,1200,0,3.154,9.04,23.11,21.69,33.18,13.19,7999,7999,7999,7999,7999,7999,7999,7999,7999
101,2022,90,1300,0,3.139,9.03,23.09,21.67,33.14,13.2,7999,7999,7999,7999,7999,7999,7999,7999,7999
101,2022,90,1400,0,3.129,9.03,23.08,21.66,33.13,13.22,7999,7999,7999,7999,7999,7999,7999,7999,7999
101,2022,90,1500,0,3.102,9.04,23.07,21.65,33.12,13.25,7999,7999,7999,7999,7999,7999,7999,7999,7999
101,2022,90,1600,0,3.087,9.02,23.06,21.64,33.11,13.3,7999,7999,7999,7999,7999,7999,7999,7999,7999
101,2022,90,1700,0,3.075,9.02,23.06,21.63,33.11,13.32,7999,7999,7999,7999,7999,7999,7999,7999,7999
101,2022,90,1800,0,3.065,9,23.06,21.63,33.12,13.34,7999,7999,7999,7999,7999,7999,7999,7999,7999
101,2022,90,1900,0,3.085,9,23.05,21.62,33.13,13.32,7999,7999,7999,7999,7999,7999,7999,7999,7999
101,2022,90,2000,0,3.102,8.99,23.05,21.62,33.14,13.3,7999,7999,7999,7999,7999,7999,7999,7999,7999
101,2022,90,2100,0,3.114,8.98,23.04,21.6,33.14,13.29,7999,7999,7999,7999,7999,7999,7999,7999,7999
101,2022,90,2200,0,3.127,8.98,23.03,21.6,33.14,13.27,7999,7999,7999,7999,7999,7999,7999,7999,7999
101,2022,90,2300,0,3.139,8.99,23.03,21.6,33.13,13.26,7999,7999,7999,7999,7999,7999,7999,7999,7999
101,2022,91,000,0,3.137,8.99,23.02,21.59,33.13,13.25,7999,7999,7999,7999,7999,7999,7999,7999,7999
101,2022,91,100,0,3.122,8.98,23.02,21.59,33.13,13.25,7999,7999,7999,7999,7999,7999,7999,7999,7999
101,2022,91,200,0,3.104,8.98,23.02,21.58,33.13,13.24,7999,7999,7999,7999,7999,7999,7999,7999,7999
101,2022,91,300,0,3.114,9,23.02,21.58,33.13,13.24,7999,7999,7999,7999,7999,7999,7999,7999,7999
101,2022,91,400,0,3.119,9.01,23.02,21.57,33.12,13.24,7999,7999,7999,7999,7999,7999,7999,7999,7999
101,2022,91,500,0,3.112,9.01,23.01,21.57,33.11,13.23,7999,7999,7999,7999,7999,7999,7999,7999,7999
101,2022,91,600,0,3.107,9.01,23.01,21.57,33.11,13.22,7999,7999,7999,7999,7999,7999,7999,7999,7999
101,2022,91,700,0,3.122,9.02,23.01,21.57,33.09,13.22,7999,7999,7999,7999,7999,7999,7999,7999,7999
101,2022,91,800,0,3.139,9.04,23,21.57,33.08,13.2,7999,7999,7999,7999,7999,7999,7999,7999,7999
101,2022,91,900,0,3.245,9.09,23,21.55,33.05,13.19,7999,7999,7999,7999,7999,7999,7999,7999,7999
101,2022,91,1000,0,3.258,9.11,22.99,21.56,33.05,13.17,7999,7999,7999,7999,7999,7999,7999,7999,7999
101,2022,91,1100,0,3.261,9.12,22.98,21.56,33.03,13.16,7999,7999,7999,7999,7999,7999,7999,7999,7999
101,2022,91,1200,0,3.248,9.12,22.98,21.55,33.02,13.16,7999,7999,7999,7999,7999,7999,7999,7999,7999
101,2022,91,1300,0,3.225,9.12,22.98,21.55,33.02,13.19,7999,7999,7999,7999,7999,7999,7999,7999,7999
101,2022,91,1400,0,3.212,9.12,22.97,21.54,33.02,13.23,7999,7999,7999,7999,7999,7999,7999,7999,7999
101,2022,91,1500,0,3.19,9.12,22.97,21.54,33,13.27,7999,7999,7999,7999,7999,7999,7999,7999,7999
101,2022,91,1600,0,3.152,9.11,22.97,21.54,33,13.32,7999,7999,7999,7999,7999,7999,7999,7999,7999
101,2022,91,1700,0,3.127,9.1,22.97,21.54,33.01,13.35,7999,7999,7999,7999,7999,7999,7999,7999,7999
101,2022,91,1800,0,3.122,9.09,22.97,21.54,33.02,13.37,7999,7999,7999,7999,7999,7999,7999,7999,7999
101,2022,91,1900,0,3.142,9.09,22.98,21.54,33.02,13.37,7999,7999,7999,7999,7999,7999,7999,7999,7999
101,2022,91,2000,0,3.157,9.12,22.97,21.53,33.02,13.36,7999,7999,7999,7999,7999,7999,7999,7999,7999
101,2022,91,2100,0,3.174,9.13,22.97,21.54,33.02,13.35,7999,7999,7999,7999,7999,7999,7999,7999,7999
101,2022,91,2200,0,3.195,9.14,22.97,21.53,33.03,13.33,7999,7999,7999,7999,7999,7999,7999,7999,7999
101,2022,91,2300,0,3.22,9.17,22.97,21.53,33.03,13.32,7999,7999,7999,7999,7999,7999,7999,7999,7999
101,2022,92,000,0,3.248,9.2,22.97,21.53,33.02,13.3,7999,7999,7999,7999,7999,7999,7999,7999,7999
101,2022,92,100,0,3.271,9.21,22.97,21.52,33.02,13.28,7999,7999,7999,7999,7999,7999,7999,7999,7999
101,2022,92,200,0,3.281,9.21,22.97,21.52,33.02,13.27,7999,7999,7999,7999,7999,7999,7999,7999,7999
101,2022,92,300,0,3.323,9.22,22.97,21.52,33.02,13.26,7999,7999,7999,7999,7999,7999,7999,7999,7999
101,2022,92,400,0,3.338,9.22,22.96,21.52,33.02,13.24,7999,7999,7999,7999,7999,7999,7999,7999,7999
101,2022,92,500,0,3.31,9.21,22.95,21.52,33.03,13.22,7999,7999,7999,7999,7999,7999,7999,7999,7999
101,2022,92,600,0,3.276,9.23,22.95,21.5,33.03,13.2,7999,7999,7999,7999,7999,7999,7999,7999,7999
101,2022,92,700,0,3.31,9.26,22.95,21.5,33.02,13.21,7999,7999,7999,7999,7999,7999,7999,7999,7999
101,2022,92,800,0,3.346,9.28,22.95,21.5,33,13.2,7999,7999,7999,7999,7999,7999,7999,7999,7999
101,2022,92,900,0,3.374,9.31,22.95,21.5,32.98,13.19,7999,7999,7999,7999,7999,7999,7999,7999,7999
101,2022,92,1000,0,3.364,9.29,22.94,21.5,32.97,13.17,7999,7999,7999,7999,7999,7999,7999,7999,7999
101,2022,92,1100,0,3.348,9.31,22.94,21.5,32.96,13.16,7999,7999,7999,7999,7999,7999,7999,7999,7999
101,2022,92,1200,0,3.325,9.29,22.93,21.5,32.95,13.17,7999,7999,7999,7999,7999,7999,7999,7999,7999
101,2022,92,1300,0,3.304,9.29,22.93,21.5,32.95,13.2,7999,7999,7999,7999,7999,7999,7999,7999,7999
101,2022,92,1400,0,3.268,9.28,22.93,21.5,32.95,13.23,7999,7999,7999,7999,7999,7999,7999,7999,7999
101,2022,92,1500,0,3.248,9.27,22.92,21.5,32.94,13.28,7999,7999,7999,7999,7999,7999,7999,7999,7999
101,2022,92,1600,0,3.24,9.28,22.92,21.5,32.94,13.33,7999,7999,7999,7999,7999,7999,7999,7999,7999
101,2022,92,1700,0,3.24,9.29,22.93,21.5,32.94,13.37,7999,7999,7999,7999,7999,7999,7999,7999,7999
101,2022,92,1800,0,3.248,9.27,22.92,21.5,32.95,13.4,7999,7999,7999,7999,7999,7999,7999,7999,7999
101,2022,92,1900,0,3.258,9.26,22.92,21.5,32.96,13.36,7999,7999,7999,7999,7999,7999,7999,7999,7999
101,2022,92,2000,0,3.284,9.25,22.91,21.5,32.98,13.33,7999,7999,7999,7999,7999,7999,7999,7999,7999
101,2022,92,2100,0,3.312,9.26,22.91,21.5,32.99,13.31,7999,7999,7999,7999,7999,7999,7999,7999,7999
101,2022,92,2200,0,3.333,9.26,22.91,21.49,32.99,13.29,7999,7999,7999,7999,7999,7999,7999,7999,7999
101,2022,92,2300,0,3.335,9.26,22.91,21.49,32.99,13.27,7999,7999,7999,7999,7999,7999,7999,7999,7999
101,2022,93,000,0,3.346,9.27,22.91,21.49,32.99,13.24,7999,7999,7999,7999,7999,7999,7999,7999,7999
101,2022,93,100,0,3.348,9.27,22.89,21.48,32.99,13.22,7999,7999,7999,7999,7999,7999,7999,7999,7999
101,2022,93,200,0,3.348,9.28,22.89,21.48,32.98,13.21,7999,7999,7999,7999,7999,7999,7999,7999,7999
101,2022,93,300,0,3.351,9.28,22.89,21.48,32.98,13.19,7999,7999,7999,7999,7999,7999,7999,7999,7999
101,2022,93,400,0,3.346,9.28,22.89,21.47,32.99,13.17,7999,7999,7999,7999,7999,7999,7999,7999,7999
101,2022,93,500,0,3.361,9.29,22.89,21.47,32.96,13.16,7999,7999,7999,7999,7999,7999,7999,7999,7999
101,2022,93,600,0,3.361,9.3,22.88,21.47,32.96,13.14,7999,7999,7999,7999,7999,7999,7999,7999,7999
101,2022,93,700,0,3.369,9.32,22.88,21.47,32.95,13.12,7999,7999,7999,7999,7999,7999,7999,7999,7999
101,2022,93,800,0,3.382,9.32,22.88,21.47,32.95,13.12,7999,7999,7999,7999,7999,7999,7999,7999,7999
101,2022,93,900,0,3.382,9.32,22.88,21.47,32.93,13.1,7999,7999,7999,7999,7999,7999,7999,7999,7999
101,2022,93,1000,0,3.367,9.34,22.87,21.47,32.92,13.08,7999,7999,7999,7999,7999,7999,7999,7999,7999
101,2022,93,1100,0,3.361,9.32,22.87,21.47,32.91,13.07,7999,7999,7999,7999,7999,7999,7999,7999,7999
101,2022,93,1200,0,3.325,9.36,22.87,21.47,32.91,13.08,7999,7999,7999,7999,7999,7999,7999,7999,7999
101,2022,93,1300,0,3.315,9.31,22.87,21.47,32.91,13.1,7999,7999,7999,7999,7999,7999,7999,7999,7999
101,2022,93,1400,0,3.289,9.31,22.86,21.47,32.9,13.11,7999,7999,7999,7999,7999,7999,7999,7999,7999
101,2022,93,1500,0,3.266,9.31,22.86,21.47,32.88,13.13,7999,7999,7999,7999,7999,7999,7999,7999,7999
101,2022,93,1600,0,3.245,9.3,22.86,21.47,32.9,13.15,7999,7999,7999,7999,7999,7999,7999,7999,7999
101,2022,93,1700,0,3.248,9.3,22.88,21.47,32.9,13.16,7999,7999,7999,7999,7999,7999,7999,7999,7999
101,2022,93,1800,0,3.258,9.29,22.86,21.47,32.91,13.16,7999,7999,7999,7999,7999,7999,7999,7999,7999
101,2022,93,1900,0,3.274,9.29,22.86,21.47,32.92,13.17,7999,7999,7999,7999,7999,7999,7999,7999,7999
101,2022,93,2000,0,3.297,9.29,22.87,21.46,32.92,13.17,7999,7999,7999,7999,7999,7999,7999,7999,7999
101,2022,93,2100,0,3.32,9.29,22.86,21.46,32.92,13.17,7999,7999,7999,7999,7999,7999,7999,7999,7999
101,2022,93,2200,0,3.333,9.3,22.86,21.46,32.92,13.16,7999,7999,7999,7999,7999,7999,7999,7999,7999
101,2022,93,2300,0,3.348,9.29,22.86,21.46,32.92,13.15,7999,7999,7999,7999,7999,7999,7999,7999,7999
101,2022,94,000,0,3.419,9.31,22.86,21.45,32.92,13.15,7999,7999,7999,7999,7999,7999,7999,7999,7999
101,2022,94,100,0,3.944,9.35,22.85,21.46,32.93,13.16,7999,7999,7999,7999,7999,7999,7999,7999,7999
101,2022,94,200,0,4.013,9.39,22.86,21.46,32.94,13.15,7999,7999,7999,7999,7999,7999,7999,7999,7999
101,2022,94,300,0,4.449,9.62,22.9,21.47,32.95,13.17,7999,7999,7999,7999,7999,7999,7999,7999,7999
101,2022,94,400,0,4.709,9.82,22.93,21.47,32.95,13.23,7999,7999,7999,7999,7999,7999,7999,7999,7999
101,2022,94,500,0,4.912,10.02,22.94,21.47,32.95,13.37,7999,7999,7999,7999,7999,7999,7999,7999,7999
101,2022,94,600,0,5.104,10.27,23.01,21.47,32.96,13.59,7999,7999,7999,7999,7999,7999,7999,7999,7999
101,2022,94,700,0,5.427,11.04,23.15,21.47,32.95,13.85,7999,7999,7999,7999,7999,7999,7999,7999,7999
101,2022,94,800,0,5.525,11.09,23.17,21.47,32.95,14.17,7999,7999,7999,7999,7999,7999,7999,7999,7999
101,2022,94,900,0,5.947,11.46,23.41,21.47,32.95,14.51,7999,7999,7999,7999,7999,7999,7999,7999,7999
101,2022,94,1000,0,5.973,12.71,23.71,21.47,32.95,15.04,7999,7999,7999,7999,7999,7999,7999,7999,7999
101,2022,94,1100,0,5.856,12.67,23.87,21.47,32.92,15.34,7999,7999,7999,7999,7999,7999,7999,7999,7999
101,2022,94,1200,0,5.588,12.46,23.96,21.48,32.9,15.46,7999,7999,7999,7999,7999,7999,7999,7999,7999
101,2022,94,1300,0,5.525,12.28,23.97,21.5,32.92,15.53,7999,7999,7999,7999,7999,7999,7999,7999,7999
101,2022,94,1400,0,5.3,12.2,24,21.5,32.9,15.58,7999,7999,7999,7999,7999,7999,7999,7999,7999
101,2022,94,1500,0,5.317,12.12,24.02,21.51,32.9,15.61,7999,7999,7999,7999,7999,7999,7999,7999,7999
101,2022,94,1600,0,5.249,12.06,24.02,21.53,32.91,15.61,7999,7999,7999,7999,7999,7999,7999,7999,7999
101,2022,94,1700,0,5.131,12.02,24.03,21.54,32.91,15.61,7999,7999,7999,7999,7999,7999,7999,7999,7999
101,2022,94,1800,0,5.047,11.97,24.03,21.55,32.91,15.58,7999,7999,7999,7999,7999,7999,7999,7999,7999
101,2022,94,1900,0,5.101,11.93,24.03,21.57,32.91,15.55,7999,7999,7999,7999,7999,7999,7999,7999,7999
101,2022,94,2000,0,5.057,11.9,24.03,21.58,32.92,15.52,7999,7999,7999,7999,7999,7999,7999,7999,7999
101,2022,94,2100,0,4.988,11.87,24.03,21.6,32.92,15.49,7999,7999,7999,7999,7999,7999,7999,7999,7999
101,2022,94,2200,0,4.938,11.85,24.03,21.61,32.92,15.46,7999,7999,7999,7999,7999,7999,7999,7999,7999
101,2022,94,2300,0,4.896,11.82,24.02,21.62,32.92,15.43,7999,7999,7999,7999,7999,7999,7999,7999,7999
101,2022,95,000,0,4.87,11.8,24.02,21.64,32.91,15.39,7999,7999,7999,7999,7999,7999,7999,7999,7999
101,2022,95,100,0,4.847,11.78,24.02,21.66,32.91,15.37,7999,7999,7999,7999,7999,7999,7999,7999,7999
101,2022,95,200,0,4.818,11.76,24,21.66,32.91,15.35,7999,7999,7999,7999,7999,7999,7999,7999,7999
101,2022,95,300,0,4.792,11.74,24,21.69,32.91,15.32,7999,7999,7999,7999,7999,7999,7999,7999,7999
101,2022,95,400,0,4.779,11.73,24,21.69,32.9,15.31,7999,7999,7999,7999,7999,7999,7999,7999,7999
101,2022,95,500,0,4.77,11.7,24,21.7,32.91,15.28,7999,7999,7999,7999,7999,7999,7999,7999,7999
101,2022,95,600,0,4.76,11.7,24,21.72,32.91,15.26,7999,7999,7999,7999,7999,7999,7999,7999,7999
101,2022,95,700,0,4.747,11.69,24,21.73,32.9,15.23,7999,7999,7999,7999,7999,7999,7999,7999,7999
101,2022,95,800,0,4.738,11.67,24,21.74,32.91,15.21,7999,7999,7999,7999,7999,7999,7999,7999,7999
101,2022,95,900,0,4.715,11.67,24,21.75,32.9,15.19,7999,7999,7999,7999,7999,7999,7999,7999,7999
101,2022,95,1000,0,4.757,11.67,23.99,21.75,32.88,15.19,7999,7999,7999,7999,7999,7999,7999,7999,7999
101,2022,95,1100,0,4.834,11.65,23.97,21.77,32.87,15.2,7999,7999,7999,7999,7999,7999,7999,7999,7999
101,2022,95,1200,0,4.952,11.76,24.02,21.78,32.88,15.21,7999,7999,7999,7999,7999,7999,7999,7999,7999
101,2022,95,1300,0,5.205,14.54,24.51,21.78,32.86,15.21,7999,7999,7999,7999,7999,7999,7999,7999,7999
101,2022,95,1400,0,4.373,16.55,25.15,21.82,32.85,15.24,7999,7999,7999,7999,7999,7999,7999,7999,7999
101,2022,95,1500,0,4.252,15.93,25.03,21.83,32.85,15.41,7999,7999,7999,7999,7999,7999,7999,7999,7999
101,2022,95,1600,0,4.145,15.64,24.95,21.84,32.86,15.62,7999,7999,7999,7999,7999,7999,7999,7999,7999
101,2022,95,1700,0,4.083,15.45,24.89,21.84,32.86,15.75,7999,7999,7999,7999,7999,7999,7999,7999,7999
101,2022,95,1800,0,4.039,15.34,24.84,21.88,32.88,15.8,7999,7999,7999,7999,7999,7999,7999,7999,7999
101,2022,95,1900,0,4.007,15.22,24.81,21.88,32.89,15.76,7999,7999,7999,7999,7999,7999,7999,7999,7999
101,2022,95,2000,0,3.955,15.12,24.78,21.89,32.91,15.71,7999,7999,7999,7999,7999,7999,7999,7999,7999
101,2022,95,2100,0,3.93,15.04,24.73,21.91,32.91,15.6,7999,7999,7999,7999,7999,7999,7999,7999,7999
101,2022,95,2200,0,3.893,14.96,24.69,21.92,32.92,15.52,7999,7999,7999,7999,7999,7999,7999,7999,7999
101,2022,95,2300,0,3.842,14.88,24.66,21.92,32.92,15.45,7999,7999,7999,7999,7999,7999,7999,7999,7999
101,2022,96,000,0,3.802,14.79,24.65,21.93,32.93,15.39,7999,7999,7999,7999,7999,7999,7999,7999,7999
101,2022,96,100,0,3.766,14.73,24.62,21.94,32.94,15.34,7999,7999,7999,7999,7999,7999,7999,7999,7999
101,2022,96,200,0,3.749,14.68,24.58,21.94,32.94,15.27,7999,7999,7999,7999,7999,7999,7999,7999,7999
101,2022,96,300,0,3.738,14.61,24.55,21.95,32.95,15.2,7999,7999,7999,7999,7999,7999,7999,7999,7999
101,2022,96,400,0,3.73,14.52,24.51,21.94,32.95,15.13,7999,7999,7999,7999,7999,7999,7999,7999,7999
101,2022,96,500,0,3.713,14.47,24.48,21.94,32.95,15.07,7999,7999,7999,7999,7999,7999,7999,7999,7999
101,2022,96,600,0,3.697,14.4,24.45,21.92,32.96,14.99,7999,7999,7999,7999,7999,7999,7999,7999,7999
101,2022,96,700,0,3.763,14.36,24.45,21.92,32.94,14.91,7999,7999,7999,7999,7999,7999,7999,7999,7999
101,2022,96,800,0,3.666,14.38,24.47,21.94,32.94,14.92,7999,7999,7999,7999,7999,7999,7999,7999,7999
101,2022,96,900,0,3.661,14.41,24.46,21.96,32.93,14.95,7999,7999,7999,7999,7999,7999,7999,7999,7999
101,2022,96,1000,0,3.791,14.46,24.46,21.96,32.92,14.92,7999,7999,7999,7999,7999,7999,7999,7999,7999
101,2022,96,1100,0,3.973,14.49,24.46,21.96,32.92,15.01,7999,7999,7999,7999,7999,7999,7999,7999,7999
101,2022,96,1200,0,3.964,14.48,24.47,21.97,32.92,17.06,7999,7999,7999,7999,7999,7999,7999,7999,7999
101,2022,96,1300,0,3.935,14.46,24.47,21.97,32.92,18.8,7999,7999,7999,7999,7999,7999,7999,7999,7999
101,2022,96,1400,0,3.904,14.44,24.47,21.97,32.92,18.23,7999,7999,7999,7999,7999,7999,7999,7999,7999
101,2022,96,1500,0,3.85,14.42,24.47,21.97,32.92,17.76,7999,7999,7999,7999,7999,7999,7999,7999,7999
101,2022,96,1600,0,3.78,14.39,24.47,21.97,32.93,17.49,7999,7999,7999,7999,7999,7999,7999,7999,7999
101,2022,96,1700,0,3.716,14.38,24.47,21.97,32.94,17.3,7999,7999,7999,7999,7999,7999,7999,7999,7999
101,2022,96,1800,0,3.691,14.37,24.47,21.98,32.95,17.16,7999,7999,7999,7999,7999,7999,7999,7999,7999
101,2022,96,1900,0,3.691,14.34,24.46,21.99,32.97,17.04,7999,7999,7999,7999,7999,7999,7999,7999,7999
101,2022,96,2000,0,3.705,14.34,24.46,21.99,32.99,16.94,7999,7999,7999,7999,7999,7999,7999,7999,7999
101,2022,96,2100,0,3.727,14.33,24.45,22,33,16.83,7999,7999,7999,7999,7999,7999,7999,7999,7999
101,2022,96,2200,0,3.735,14.33,24.45,22,33.01,16.72,7999,7999,7999,7999,7999,7999,7999,7999,7999
101,2022,96,2300,0,3.741,14.32,24.44,22,33.02,16.61,7999,7999,7999,7999,7999,7999,7999,7999,7999
101,2022,97,000,0,3.741,14.31,24.43,22,33.02,16.5,7999,7999,7999,7999,7999,7999,7999,7999,7999
101,2022,97,100,0,3.741,14.3,24.43,22,33.04,16.39,7999,7999,7999,7999,7999,7999,7999,7999,7999
101,2022,97,200,0,3.733,14.3,24.42,22,33.05,16.28,7999,7999,7999,7999,7999,7999,7999,7999,7999
101,2022,97,300,0,3.73,14.28,24.41,22,33.06,16.17,7999,7999,7999,7999,7999,7999,7999,7999,7999
101,2022,97,400,0,3.727,14.27,24.4,22.01,33.06,16.05,7999,7999,7999,7999,7999,7999,7999,7999,7999
101,2022,97,500,0,3.73,14.26,24.39,22,33.07,15.93,7999,7999,7999,7999,7999,7999,7999,7999,7999
101,2022,97,600,0,3.741,14.25,24.38,22.01,33.08,15.82,7999,7999,7999,7999,7999,7999,7999,7999,7999
101,2022,97,700,0,3.705,14.24,24.38,22,33.07,15.78,7999,7999,7999,7999,7999,7999,7999,7999,7999
101,2022,97,800,0,3.741,14.24,24.37,22,33.07,15.8,7999,7999,7999,7999,7999,7999,7999,7999,7999
101,2022,97,900,0,3.822,14.24,24.36,22,33.05,15.87,7999,7999,7999,7999,7999,7999,7999,7999,7999
101,2022,97,1000,0,3.847,14.24,24.35,22.01,33.05,15.93,7999,7999,7999,7999,7999,7999,7999,7999,7999
101,2022,97,1100,0,3.839,14.23,24.34,22,33.06,15.92,7999,7999,7999,7999,7999,7999,7999,7999,7999
101,2022,97,1200,0,3.833,14.22,24.34,22,33.06,15.9,7999,7999,7999,7999,7999,7999,7999,7999,7999
101,2022,97,1300,0,3.802,14.2,24.33,22,33.06,15.88,7999,7999,7999,7999,7999,7999,7999,7999,7999
101,2022,97,1400,0,3.76,14.18,24.33,22,33.06,15.87,7999,7999,7999,7999,7999,7999,7999,7999,7999
101,2022,97,1500,0,3.702,14.16,24.32,22,33.06,15.88,7999,7999,7999,7999,7999,7999,7999,7999,7999
101,2022,97,1600,0,3.631,14.14,24.32,22,33.06,15.89,7999,7999,7999,7999,7999,7999,7999,7999,7999
101,2022,97,1700,0,3.582,14.12,24.32,22,33.07,15.91,7999,7999,7999,7999,7999,7999,7999,7999,7999
101,2022,97,1800,0,3.558,14.11,24.32,22,33.09,15.89,7999,7999,7999,7999,7999,7999,7999,7999,7999
101,2022,97,1900,0,3.56,14.09,24.32,22,33.11,15.86,7999,7999,7999,7999,7999,7999,7999,7999,7999
101,2022,97,2000,0,3.574,14.09,24.32,22,33.12,15.82,7999,7999,7999,7999,7999,7999,7999,7999,7999
101,2022,97,2100,0,3.598,14.09,24.31,22,33.13,15.76,7999,7999,7999,7999,7999,7999,7999,7999,7999
101,2022,97,2200,0,3.623,14.09,24.31,22,33.13,15.69,7999,7999,7999,7999,7999,7999,7999,7999,7999
101,2022,97,2300,0,3.628,14.07,24.29,22,33.13,15.64,7999,7999,7999,7999,7999,7999,7999,7999,7999
101,2022,98,000,0,3.62,14.07,24.29,22,33.13,15.6,7999,7999,7999,7999,7999,7999,7999,7999,7999
101,2022,98,100,0,3.623,14.07,24.29,22,33.14,15.56,7999,7999,7999,7999,7999,7999,7999,7999,7999
101,2022,98,200,0,3.612,14.06,24.28,22,33.16,15.52,7999,7999,7999,7999,7999,7999,7999,7999,7999
101,2022,98,300,0,3.598,14.04,24.27,22,33.17,15.5,7999,7999,7999,7999,7999,7999,7999,7999,7999
101,2022,98,400,0,3.593,14.04,24.27,22,33.18,15.46,7999,7999,7999,7999,7999,7999,7999,7999,7999
101,2022,98,500,0,3.601,14.04,24.26,22,33.19,15.43,7999,7999,7999,7999,7999,7999,7999,7999,7999
101,2022,98,600,0,3.609,14.04,24.25,22,33.19,15.39,7999,7999,7999,7999,7999,7999,7999,7999,7999
101,2022,98,700,0,3.623,14.04,24.25,22,33.19,15.37,7999,7999,7999,7999,7999,7999,7999,7999,7999
101,2022,98,800,0,3.633,14.04,24.25,22,33.19,15.33,7999,7999,7999,7999,7999,7999,7999,7999,7999
101,2022,98,900,0,3.623,14.03,24.25,22,33.19,15.3,7999,7999,7999,7999,7999,7999,7999,7999,7999
101,2022,98,1000,0,3.609,14.02,24.24,22,33.19,15.28,7999,7999,7999,7999,7999,7999,7999,7999,7999
101,2022,98,1100,0,3.598,14,24.23,22,33.19,15.24,7999,7999,7999,7999,7999,7999,7999,7999,7999
101,2022,98,1200,0,3.585,13.98,24.22,22,33.19,15.21,7999,7999,7999,7999,7999,7999,7999,7999,7999
101,2022,98,1300,0,3.547,13.96,24.21,22,33.18,15.19,7999,7999,7999,7999,7999,7999,7999,7999,7999
101,2022,98,1400,0,3.515,13.94,24.21,22,33.19,15.16,7999,7999,7999,7999,7999,7999,7999,7999,7999
101,2022,98,1500,0,3.493,13.93,24.21,22,33.21,15.14,7999,7999,7999,7999,7999,7999,7999,7999,7999
101,2022,98,1600,0,3.515,13.93,24.19,22,33.22,15.12,7999,7999,7999,7999,7999,7999,7999,7999,7999
101,2022,98,1700,0,3.531,13.93,24.2,21.99,33.21,15.1,7999,7999,7999,7999,7999,7999,7999,7999,7999
101,2022,98,1800,0,3.533,13.92,24.19,22,33.24,15.07,7999,7999,7999,7999,7999,7999,7999,7999,7999
101,2022,98,1900,0,3.547,13.92,24.18,21.99,33.25,15.04,7999,7999,7999,7999,7999,7999,7999,7999,7999
101,2022,98,2000,0,3.515,13.9,24.17,21.98,33.26,15,7999,7999,7999,7999,7999,7999,7999,7999,7999
101,2022,98,2100,0,3.512,13.9,24.17,21.98,33.27,14.97,7999,7999,7999,7999,7999,7999,7999,7999,7999
101,2022,98,2200,0,3.536,13.9,24.16,21.97,33.26,14.93,7999,7999,7999,7999,7999,7999,7999,7999,7999
101,2022,98,2300,0,3.528,13.9,24.16,21.97,33.27,14.9,7999,7999,7999,7999,7999,7999,7999,7999,7999
101,2022,99,000,0,3.504,13.89,24.16,21.97,33.29,14.84,7999,7999,7999,7999,7999,7999,7999,7999,7999
101,2022,99,100,0,3.517,13.88,24.15,21.97,33.29,14.82,7999,7999,7999,7999,7999,7999,7999,7999,7999
101,2022,99,200,0,3.525,13.87,24.14,21.97,33.29,14.79,7999,7999,7999,7999,7999,7999,7999,7999,7999
101,2022,99,300,0,3.496,13.86,24.13,21.97,33.29,14.76,7999,7999,7999,7999,7999,7999,7999,7999,7999
101,2022,99,400,0,3.501,13.85,24.13,21.96,33.29,14.74,7999,7999,7999,7999,7999,7999,7999,7999,7999
101,2022,99,500,0,3.477,13.84,24.12,21.96,33.3,14.71,7999,7999,7999,7999,7999,7999,7999,7999,7999
101,2022,99,600,0,3.483,13.83,24.11,21.96,33.3,14.68,7999,7999,7999,7999,7999,7999,7999,7999,7999
101,2022,99,700,0,3.493,13.82,24.1,21.95,33.29,14.66,7999,7999,7999,7999,7999,7999,7999,7999,7999
101,2022,99,800,0,3.509,13.84,24.1,21.96,33.28,14.64,7999,7999,7999,7999,7999,7999,7999,7999,7999
101,2022,99,900,0,3.533,13.85,24.09,21.96,33.29,14.64,7999,7999,7999,7999,7999,7999,7999,7999,7999
101,2022,99,1000,0,3.609,13.85,24.09,21.95,33.27,14.62,7999,7999,7999,7999,7999,7999,7999,7999,7999
101,2022,99,1100,0,3.623,13.85,24.08,21.95,33.25,14.59,7999,7999,7999,7999,7999,7999,7999,7999,7999
101,2022,99,1200,0,3.598,13.82,24.07,21.94,33.25,14.57,7999,7999,7999,7999,7999,7999,7999,7999,7999
101,2022,99,1300,0,3.568,13.82,24.07,21.94,33.26,14.59,7999,7999,7999,7999,7999,7999,7999,7999,7999
101,2022,99,1400,0,3.566,13.84,24.07,21.94,33.27,14.59,7999,7999,7999,7999,7999,7999,7999,7999,7999
101,2022,99,1500,0,3.56,13.83,24.06,21.94,33.26,14.57,7999,7999,7999,7999,7999,7999,7999,7999,7999
101,2022,99,1600,0,3.533,13.81,24.06,21.93,33.27,14.57,7999,7999,7999,7999,7999,7999,7999,7999,7999
101,2022,99,1700,0,3.533,13.78,24.06,21.93,33.28,14.57,7999,7999,7999,7999,7999,7999,7999,7999,7999
101,2022,99,1800,0,3.536,13.77,24.05,21.92,33.3,14.56,7999,7999,7999,7999,7999,7999,7999,7999,7999
101,2022,99,1900,0,3.525,13.76,24.05,21.92,33.31,14.55,7999,7999,7999,7999,7999,7999,7999,7999,7999
101,2022,99,2000,0,3.512,13.75,24.04,21.92,33.31,14.53,7999,7999,7999,7999,7999,7999,7999,7999,7999
101,2022,99,2100,0,3.496,13.75,24.03,21.91,33.32,14.52,7999,7999,7999,7999,7999,7999,7999,7999,7999
101,2022,99,2200,0,3.501,13.75,24.03,21.91,33.32,14.51,7999,7999,7999,7999,7999,7999,7999,7999,7999
101,2022,99,2300,0,3.496,13.74,24.03,21.91,33.32,14.49,7999,7999,7999,7999,7999,7999,7999,7999,7999
101,2022,100,000,0,3.504,13.74,24.02,21.91,33.32,14.48,7999,7999,7999,7999,7999,7999,7999,7999,7999
101,2022,100,100,0,3.512,13.73,24.02,21.9,33.32,14.45,7999,7999,7999,7999,7999,7999,7999,7999,7999
101,2022,100,200,0,3.539,13.75,24.02,21.89,33.32,14.44,7999,7999,7999,7999,7999,7999,7999,7999,7999
101,2022,100,300,0,3.582,13.74,24.02,21.88,33.32,14.42,7999,7999,7999,7999,7999,7999,7999,7999,7999
101,2022,100,400,0,3.623,13.74,24.02,21.88,33.31,14.4,7999,7999,7999,7999,7999,7999,7999,7999,7999
101,2022,100,500,0,3.631,13.74,24.01,21.88,33.32,14.39,7999,7999,7999,7999,7999,7999,7999,7999,7999
101,2022,100,600,0,3.647,13.74,24,21.88,33.32,14.38,7999,7999,7999,7999,7999,7999,7999,7999,7999
101,2022,100,700,0,3.655,13.75,24,21.88,33.31,14.36,7999,7999,7999,7999,7999,7999,7999,7999,7999
101,2022,100,800,0,3.658,13.75,24,21.88,33.31,14.36,7999,7999,7999,7999,7999,7999,7999,7999,7999
101,2022,100,900,0,3.658,13.75,24,21.89,33.31,14.36,7999,7999,7999,7999,7999,7999,7999,7999,7999
101,2022,100,1000,0,3.661,13.75,23.99,21.89,33.31,14.34,7999,7999,7999,7999,7999,7999,7999,7999,7999
101,2022,100,1100,0,3.672,13.75,23.96,21.88,33.29,14.33,7999,7999,7999,7999,7999,7999,7999,7999,7999
101,2022,100,1200,0,3.763,14.04,24,21.88,33.29,14.37,7999,7999,7999,7999,7999,7999,7999,7999,7999
101,2022,100,1300,0,3.921,14.18,24.06,21.88,33.3,14.79,7999,7999,7999,7999,7999,7999,7999,7999,7999
101,2022,100,1400,0,4.019,14.24,24.1,21.88,33.29,18.84,7999,7999,7999,7999,7999,7999,7999,7999,7999
101,2022,100,1500,0,3.93,14.22,24.14,21.88,33.29,18.72,7999,7999,7999,7999,7999,7999,7999,7999,7999
101,2022,100,1600,0,3.887,14.18,24.14,21.88,33.3,18.04,7999,7999,7999,7999,7999,7999,7999,7999,7999
101,2022,100,1700,0,3.853,14.11,24.14,21.88,33.3,17.65,7999,7999,7999,7999,7999,7999,7999,7999,7999
101,2022,100,1800,0,3.842,14.05,24.12,21.88,33.32,17.39,7999,7999,7999,7999,7999,7999,7999,7999,7999
101,2022,100,1900,0,3.833,14,24.1,21.88,33.32,17.19,7999,7999,7999,7999,7999,7999,7999,7999,7999
101,2022,100,2000,0,3.825,13.98,24.1,21.88,33.32,17.02,7999,7999,7999,7999,7999,7999,7999,7999,7999
101,2022,100,2100,0,3.816,13.96,24.09,21.88,33.32,16.87,7999,7999,7999,7999,7999,7999,7999,7999,7999
101,2022,100,2200,0,3.813,13.96,24.09,21.87,33.32,16.76,7999,7999,7999,7999,7999,7999,7999,7999,7999
101,2022,100,2300,0,3.819,13.96,24.09,21.88,33.32,16.68,7999,7999,7999,7999,7999,7999,7999,7999,7999
101,2022,101,000,0,3.816,13.95,24.07,21.88,33.33,16.59,7999,7999,7999,7999,7999,7999,7999,7999,7999
101,2022,101,100,0,3.827,13.95,24.07,21.88,33.33,16.53,7999,7999,7999,7999,7999,7999,7999,7999,7999
101,2022,101,200,0,3.83,13.93,24.06,21.88,33.33,16.47,7999,7999,7999,7999,7999,7999,7999,7999,7999
101,2022,101,300,0,3.833,13.93,24.06,21.88,33.33,16.41,7999,7999,7999,7999,7999,7999,7999,7999,7999
101,2022,101,400,0,3.833,13.93,24.06,21.88,33.32,16.37,7999,7999,7999,7999,7999,7999,7999,7999,7999
101,2022,101,500,0,3.833,13.93,24.06,21.88,33.33,16.32,7999,7999,7999,7999,7999,7999,7999,7999,7999
101,2022,101,600,0,3.827,13.92,24.06,21.87,33.32,16.28,7999,7999,7999,7999,7999,7999,7999,7999,7999
101,2022,101,700,0,3.827,13.92,24.06,21.87,33.32,16.25,7999,7999,7999,7999,7999,7999,7999,7999,7999
101,2022,101,800,0,3.825,13.93,24.06,21.88,33.32,16.21,7999,7999,7999,7999,7999,7999,7999,7999,7999
101,2022,101,900,0,3.822,13.93,24.06,21.88,33.31,16.18,7999,7999,7999,7999,7999,7999,7999,7999,7999
101,2022,101,1000,0,3.819,13.92,24.06,21.87,33.29,16.08,7999,7999,7999,7999,7999,7999,7999,7999,7999
101,2022,101,1100,0,3.822,13.92,24.06,21.87,33.29,15.98,7999,7999,7999,7999,7999,7999,7999,7999,7999
101,2022,101,1200,0,3.822,13.92,24.06,21.87,33.3,15.93,7999,7999,7999,7999,7999,7999,7999,7999,7999
101,2022,101,1300,0,3.822,13.92,24.06,21.87,33.29,15.86,7999,7999,7999,7999,7999,7999,7999,7999,7999
101,2022,101,1400,0,3.825,13.92,24.07,21.88,33.3,15.83,7999,7999,7999,7999,7999,7999,7999,7999,7999
101,2022,101,1500,0,3.83,13.93,24.07,21.88,33.3,15.8,7999,7999,7999,7999,7999,7999,7999,7999,7999
101,2022,101,1600,0,3.833,13.93,24.08,21.88,33.3,15.77,7999,7999,7999,7999,7999,7999,7999,7999,7999
101,2022,101,1700,0,3.836,13.94,24.08,21.88,33.3,15.74,7999,7999,7999,7999,7999,7999,7999,7999,7999
101,2022,101,1800,0,3.833,13.94,24.08,21.88,33.3,15.72,7999,7999,7999,7999,7999,7999,7999,7999,7999
101,2022,101,1900,0,3.833,13.94,24.09,21.88,33.32,15.69,7999,7999,7999,7999,7999,7999,7999,7999,7999
101,2022,101,2000,0,3.827,13.94,24.1,21.88,33.32,15.67,7999,7999,7999,7999,7999,7999,7999,7999,7999
101,2022,101,2100,0,3.822,13.94,24.1,21.88,33.32,15.66,7999,7999,7999,7999,7999,7999,7999,7999,7999
101,2022,101,2200,0,3.816,13.94,24.1,21.88,33.32,15.64,7999,7999,7999,7999,7999,7999,7999,7999,7999
101,2022,101,2300,0,3.811,13.94,24.1,21.87,33.32,15.62,7999,7999,7999,7999,7999,7999,7999,7999,7999
101,2022,102,000,0,3.805,13.94,24.1,21.88,33.32,15.61,7999,7999,7999,7999,7999,7999,7999,7999,7999
101,2022,102,100,0,3.802,13.94,24.1,21.88,33.32,15.59,7999,7999,7999,7999,7999,7999,7999,7999,7999
101,2022,102,200,0,3.797,13.93,24.1,21.88,33.32,15.58,7999,7999,7999,7999,7999,7999,7999,7999,7999
101,2022,102,300,0,3.791,13.93,24.1,21.88,33.32,15.56,7999,7999,7999,7999,7999,7999,7999,7999,7999
101,2022,102,400,0,3.785,13.94,24.1,21.88,33.32,15.54,7999,7999,7999,7999,7999,7999,7999,7999,7999
101,2022,102,500,0,3.783,13.93,24.1,21.88,33.32,15.52,7999,7999,7999,7999,7999,7999,7999,7999,7999
101,2022,102,600,0,3.774,13.93,24.1,21.88,33.32,15.51,7999,7999,7999,7999,7999,7999,7999,7999,7999
101,2022,102,700,0,3.771,13.93,24.1,21.88,33.32,15.49,7999,7999,7999,7999,7999,7999,7999,7999,7999
101,2022,102,800,0,3.777,13.93,24.1,21.88,33.32,15.48,7999,7999,7999,7999,7999,7999,7999,7999,7999
101,2022,102,900,0,3.774,13.93,24.1,21.88,33.29,15.46,7999,7999,7999,7999,7999,7999,7999,7999,7999
101,2022,102,1000,0,3.78,13.94,24.1,21.88,33.29,15.45,7999,7999,7999,7999,7999,7999,7999,7999,7999
101,2022,102,1100,0,3.783,13.94,24.1,21.88,33.29,15.43,7999,7999,7999,7999,7999,7999,7999,7999,7999
101,2022,102,1200,0,3.785,13.94,24.1,21.88,33.29,15.43,7999,7999,7999,7999,7999,7999,7999,7999,7999
101,2022,102,1300,0,3.791,13.95,24.1,21.88,33.29,15.41,7999,7999,7999,7999,7999,7999,7999,7999,7999
101,2022,102,1400,0,3.791,13.95,24.1,21.88,33.29,15.41,7999,7999,7999,7999,7999,7999,7999,7999,7999
101,2022,102,1500,0,3.797,13.96,24.1,21.88,33.29,15.4,7999,7999,7999,7999,7999,7999,7999,7999,7999
101,2022,102,1600,0,3.799,13.96,24.1,21.88,33.29,15.39,7999,7999,7999,7999,7999,7999,7999,7999,7999
101,2022,102,1700,0,3.811,13.96,24.11,21.88,33.29,15.39,7999,7999,7999,7999,7999,7999,7999,7999,7999
101,2022,102,1800,0,3.811,13.97,24.11,21.88,33.29,15.38,7999,7999,7999,7999,7999,7999,7999,7999,7999
101,2022,102,1900,0,3.816,13.97,24.11,21.88,33.31,15.37,7999,7999,7999,7999,7999,7999,7999,7999,7999
101,2022,102,2000,0,3.836,13.98,24.12,21.88,33.31,15.37,7999,7999,7999,7999,7999,7999,7999,7999,7999
101,2022,102,2100,0,3.833,13.98,24.12,21.88,33.31,15.36,7999,7999,7999,7999,7999,7999,7999,7999,7999
101,2022,102,2200,0,3.836,13.98,24.12,21.88,33.3,15.36,7999,7999,7999,7999,7999,7999,7999,7999,7999
101,2022,102,2300,0,3.833,13.98,24.13,21.88,33.3,15.36,7999,7999,7999,7999,7999,7999,7999,7999,7999
101,2022,103,000,0,3.83,13.98,24.13,21.88,33.3,15.36,7999,7999,7999,7999,7999,7999,7999,7999,7999
101,2022,103,100,0,3.827,13.98,24.14,21.88,33.31,15.36,7999,7999,7999,7999,7999,7999,7999,7999,7999
101,2022,103,200,0,3.825,13.98,24.14,21.88,33.3,15.36,7999,7999,7999,7999,7999,7999,7999,7999,7999
101,2022,103,300,0,3.822,13.99,24.14,21.88,33.3,15.36,7999,7999,7999,7999,7999,7999,7999,7999,7999
101,2022,103,400,0,3.819,13.98,24.14,21.88,33.3,15.36,7999,7999,7999,7999,7999,7999,7999,7999,7999
101,2022,103,500,0,3.816,13.99,24.14,21.88,33.3,15.35,7999,7999,7999,7999,7999,7999,7999,7999,7999
101,2022,103,600,0,3.816,13.99,24.14,21.88,33.31,15.35,7999,7999,7999,7999,7999,7999,7999,7999,7999
101,2022,103,700,0,3.813,13.99,24.14,21.88,33.31,15.35,7999,7999,7999,7999,7999,7999,7999,7999,7999
101,2022,103,800,0,3.816,13.99,24.14,21.89,33.31,15.34,7999,7999,7999,7999,7999,7999,7999,7999,7999
101,2022,103,900,0,3.822,13.99,24.14,21.89,33.31,15.34,7999,7999,7999,7999,7999,7999,7999,7999,7999
101,2022,103,1000,0,3.813,13.99,24.15,21.88,33.31,15.33,7999,7999,7999,7999,7999,7999,7999,7999,7999
101,2022,103,1100,0,3.811,14,24.15,21.88,33.31,15.32,7999,7999,7999,7999,7999,7999,7999,7999,7999
101,2022,103,1200,0,3.811,14.01,24.15,21.88,33.29,15.32,7999,7999,7999,7999,7999,7999,7999,7999,7999
101,2022,103,1300,0,3.811,14.01,24.15,21.89,33.29,15.32,7999,7999,7999,7999,7999,7999,7999,7999,7999
101,2022,103,1400,0,3.813,14.02,24.15,21.89,33.29,15.31,7999,7999,7999,7999,7999,7999,7999,7999,7999
101,2022,103,1500,0,3.816,14.03,24.15,21.9,33.29,15.3,7999,7999,7999,7999,7999,7999,7999,7999,7999
101,2022,103,1600,0,3.808,14.03,24.15,21.9,33.29,15.3,7999,7999,7999,7999,7999,7999,7999,7999,7999
101,2022,103,1700,0,3.816,14.04,24.15,21.91,33.29,15.3,7999,7999,7999,7999,7999,7999,7999,7999,7999
101,2022,103,1800,0,3.83,14.04,24.16,21.91,33.3,15.3,7999,7999,7999,7999,7999,7999,7999,7999,7999
101,2022,103,1900,0,3.836,14.04,24.16,21.91,33.31,15.3,7999,7999,7999,7999,7999,7999,7999,7999,7999
101,2022,103,2000,0,3.839,14.04,24.17,21.9,33.32,15.3,7999,7999,7999,7999,7999,7999,7999,7999,7999
101,2022,103,2100,0,3.836,14.04,24.17,21.91,33.32,15.3,7999,7999,7999,7999,7999,7999,7999,7999,7999
101,2022,103,2200,0,3.833,14.04,24.17,21.91,33.32,15.29,7999,7999,7999,7999,7999,7999,7999,7999,7999
101,2022,103,2300,0,3.833,14.05,24.17,21.91,33.32,15.29,7999,7999,7999,7999,7999,7999,7999,7999,7999
101,2022,104,000,0,3.833,14.05,24.18,21.91,33.32,15.28,7999,7999,7999,7999,7999,7999,7999,7999,7999
101,2022,104,100,0,3.83,14.06,24.18,21.9,33.32,15.28,7999,7999,7999,7999,7999,7999,7999,7999,7999
101,2022,104,200,0,3.83,14.06,24.19,21.91,33.32,15.28,7999,7999,7999,7999,7999,7999,7999,7999,7999
101,2022,104,300,0,3.83,14.06,24.19,21.91,33.32,15.29,7999,7999,7999,7999,7999,7999,7999,7999,7999
101,2022,104,400,0,3.83,14.06,24.2,21.91,33.32,15.28,7999,7999,7999,7999,7999,7999,7999,7999,7999
101,2022,104,500,0,3.842,14.06,24.19,21.91,33.32,15.28,7999,7999,7999,7999,7999,7999,7999,7999,7999
101,2022,104,600,0,3.839,14.07,24.21,21.91,33.32,15.28,7999,7999,7999,7999,7999,7999,7999,7999,7999
101,2022,104,700,0,3.833,14.07,24.2,21.91,33.32,15.28,7999,7999,7999,7999,7999,7999,7999,7999,7999
101,2022,104,800,0,3.833,14.07,24.2,21.91,33.33,15.28,7999,7999,7999,7999,7999,7999,7999,7999,7999
101,2022,104,900,0,3.827,14.07,24.21,21.92,33.32,15.28,7999,7999,7999,7999,7999,7999,7999,7999,7999
101,2022,104,1000,0,3.825,14.07,24.21,21.91,33.32,15.28,7999,7999,7999,7999,7999,7999,7999,7999,7999
101,2022,104,1100,0,3.83,14.09,24.21,21.92,33.31,15.28,7999,7999,7999,7999,7999,7999,7999,7999,7999
