101,2022,39,1300,0,14.31,1.089,0.1,10.53,0,0,0,-0.005,187.8,264.2,25.11,0.095
101,2022,39,1400,0,14.38,1.088,0,11.39,0,0,0,-0.003,189.8,252.3,24.73,0.098
101,2022,39,1500,0,14.32,1.087,0,12.05,0,0,0,-0.004,187.8,201.7,20.54,0.102
101,2022,39,1600,0,14.42,1.086,0,10.09,0,0,0,-0.005,187.8,61.37,5.707,0.093
101,2022,39,1700,0,14.56,1.083,0,6.832,0,0,0,-0.001,184.8,14.72,1.903,0.129
101,2022,39,1800,0,13.22,1.081,0,1.982,0,0,0,-0.003,183.8,0,0,-7999
101,2022,39,1900,0,13.06,1.079,0,0.612,0,0,0,-0.002,179.8,0,0,-7999
101,2022,39,2000,0,12.94,1.078,0,1.582,0,0,0,-0.001,188.8,0,0,-7999
101,2022,39,2100,0,12.88,1.078,0,0.602,0,0,0,-0.006,179.8,0,0,-7999
101,2022,39,2200,0,12.83,1.077,0,0.602,0,0,0,-0.006,187.8,0,0,-7999
101,2022,39,2300,0,12.81,1.077,0,0.422,0,0,0,-0.004,180.8,0,0,-7999
101,2022,40,000,0,12.78,1.077,0,1.932,0,0,0,0.001,175.8,0,0,-7999
101,2022,40,100,0,12.76,1.076,0,1.482,0,0,0,-0.008,188.8,0,0,-7999
101,2022,40,200,0,12.75,1.077,0,2.482,0,0,0,-0.003,180.8,0,0,-7999
101,2022,40,300,0,12.73,1.077,0,1.802,0,0,0,0.002,187.8,0,0,-7999
101,2022,40,400,0,12.71,1.076,0,0.912,0,0,0,0,176.8,0,0,-7999
101,2022,40,500,0,12.7,1.076,0,1.632,0,0,0,-0.004,176.8,0,0,-7999
101,2022,40,600,0,12.69,1.076,0,1.142,0,0,0,-0.007,171.8,0,0,-7999
101,2022,40,700,0,12.67,1.076,0,4.742,0,0,0,0.001,180.8,0.719,0,0
101,2022,40,800,0,12.73,1.077,0,3.062,0,0,0,0.001,189.8,38.83,1.905,0.049
101,2022,40,900,0,14.71,1.077,0,7.182,0,0,0,-0.002,179.8,135.5,11.05,0.082
101,2022,40,1000,0,14.54,1.079,0,9.5,0,0,0,-0.002,180.8,194.7,16.37,0.084
101,2022,40,1100,0,14.36,1.081,0,12.03,0,0,0,-0.002,171.8,255.6,22.07,0.086
101,2022,40,1200,0,14.21,1.084,0,12.7,0,0,0,-0.003,176.8,284.6,26.25,0.092
101,2022,40,1300,0,14.33,1.085,0,13.61,0,0,0,-0.001,183.8,282.4,27.39,0.097
101,2022,40,1400,0,14.3,1.083,0,14.47,0,0,0,-0.005,172.8,250.5,25.11,0.1
101,2022,40,1500,0,14.15,1.082,0,14.1,0,0,0,-0.004,172.8,191.6,20.16,0.105
101,2022,40,1600,0,14.09,1.081,0,14.03,0,0,0,0,167.8,95.8,10.65,0.111
101,2022,40,1700,0,14.13,1.079,0,11.07,0,0,0,0.007,167.8,20.82,2.664,0.128
101,2022,40,1800,0,13.16,1.076,0,4.742,0,0,0,-0.003,168.8,0,0,-7999
101,2022,40,1900,0,13,1.074,0,3.632,0,0,0,-0.002,167.8,0,0,-7999
101,2022,40,2000,0,12.9,1.073,0,1.952,0,0,0,-0.003,167.8,0,0,-7999
101,2022,40,2100,0,12.86,1.071,0,1.932,0,0,0,-0.002,167.8,0,0,-7999
101,2022,40,2200,0,12.83,1.072,0,1.242,0,0,0,0.002,168.8,0,0,-7999
101,2022,40,2300,0,12.79,1.07,0,2.522,0,0,0,0.007,179.8,0,0,-7999
101,2022,41,000,0,12.78,1.07,0,2.432,0,0,0,0.005,176.8,0,0,-7999
101,2022,41,100,0,12.76,1.069,0,2.142,0,0,0,0.004,176.8,0,0,-7999
101,2022,41,200,0,12.75,1.069,0,2.982,0,0,0,0.008,179.8,0,0,-7999
101,2022,41,300,0,12.73,1.069,0,3.652,0,0,0,0.001,180.8,0,0,-7999
101,2022,41,400,0,12.71,1.069,0,3.722,0,0,0,0.016,188.8,0,0,-7999
101,2022,41,500,0,12.7,1.068,0,0.522,0,0,0,-0.002,183.8,0,0,-7999
101,2022,41,600,0,12.69,1.068,0,1.452,0,0,0,0,180.8,0,0,-7999
101,2022,41,700,0,12.67,1.068,0,0.982,0,0,0,0.001,179.8,0.36,0,0
101,2022,41,800,0,12.75,1.069,0,2.182,0,0,0,0.001,179.8,43.52,3.812,0.088
101,2022,41,900,0,14.7,1.07,0,9.14,0,0,0,0.006,187.8,144.9,11.81,0.082
101,2022,41,1000,0,14.39,1.072,0,12.81,0,0,0,0,188.8,223,18.66,0.084
101,2022,41,1100,0,14.06,1.074,0,14.3,0,0,0,0,187.8,277.5,24.35,0.088
101,2022,41,1200,0,13.84,1.079,0,15.3,0,0,0,-0.002,176.8,302.5,28.53,0.094
101,2022,41,1300,0,14.21,1.079,0,17.05,0,0,0,0.002,187.8,299.3,29.67,0.099
101,2022,41,1400,0,14.24,1.079,0,17.36,0,0,0,-0.001,187.8,266.3,27.39,0.103
101,2022,41,1500,0,14.08,1.078,0,18.11,0,0,0,0.001,188.8,201,22.06,0.11
101,2022,41,1600,0,14.13,1.076,0,16.7,0,0,0,0.002,171.8,118.4,14.45,0.122
101,2022,41,1700,0,14.33,1.074,0,13.46,0,0,0,0.011,171.8,27.28,4.185,0.153
101,2022,41,1800,0,13.16,1.07,0,4.642,0,0,0,0.005,187.8,0,0,-7999
101,2022,41,1900,0,13,1.068,0,5.332,0,0,0,0.009,184.8,0,0,-7999
101,2022,41,2000,0,12.91,1.067,0,3.012,0,0,0,-0.003,187.8,0,0,-7999
101,2022,41,2100,0,12.86,1.068,0,8.3,0,0,0,-0.002,183.8,0,0,-7999
101,2022,41,2200,0,12.82,1.066,0,3.482,0,0,0,0,187.8,0,0,-7999
101,2022,41,2300,0,12.79,1.066,0,7.042,0,0,0,0.014,179.8,0,0,-7999
101,2022,42,000,0,12.78,1.066,0,3.822,0,0,0,0.015,187.8,0,0,-7999
101,2022,42,100,0,12.76,1.064,0,2.942,0,0,0,0.007,187.8,0,0,-7999
101,2022,42,200,0,12.74,1.065,0,1.512,0,0,0,0.005,187.8,0,0,-7999
101,2022,42,300,0,12.72,1.064,0,0.582,0,0,0,0.009,183.8,0,0,-7999
101,2022,42,400,0,12.71,1.063,0,-2.158,0,0,0,0.006,187.8,0,0,-7999
101,2022,42,500,0,12.7,1.061,0,-2.608,0,0,0,0.005,187.8,0,0,-7999
101,2022,42,600,0,12.68,1.062,0,-0.468,0,0,0,0.01,187.8,0,0,-7999
101,2022,42,700,0,12.66,1.063,0,-0.378,0,0,0,0.01,187.8,0.72,0,0
101,2022,42,800,0,12.74,1.064,0,-0.058,0,0,0,0.006,184.8,46.77,3.813,0.082
101,2022,42,900,0,14.79,1.065,0,4.452,0,0,0,0.007,188.8,146.4,13.34,0.091
101,2022,42,1000,0,14.63,1.066,0,5.902,0,0,0,0.005,188.8,222.8,19.04,0.085
101,2022,42,1100,0,14.47,1.068,0,6.832,0,0,0,-0.004,179.8,275.1,23.98,0.087
101,2022,42,1200,0,14.48,1.072,0,6.142,0,0,0,-0.002,184.8,303.4,28.17,0.093
101,2022,42,1300,0,14.46,1.072,0,7.622,0,0,0,0,187.8,297.6,28.92,0.097
101,2022,42,1400,0,14.46,1.072,0,7.862,0,0,0,0.003,183.8,265,27.02,0.102
101,2022,42,1500,0,14.48,1.07,0,8.01,0,0,0,0.001,187.8,202.5,22.07,0.109
101,2022,42,1600,0,14.52,1.069,0,7.242,0,0,0,0.004,187.8,119.9,14.08,0.117
101,2022,42,1700,0,14.58,1.068,0,5.452,0,0,0,0.004,188.8,28.73,4.188,0.146
101,2022,42,1800,0,13.29,1.066,0,1.902,0,0,0,-0.001,183.8,0,0,-7999
101,2022,42,1900,0,13.11,1.063,0,-0.278,0,0,0,0.001,184.8,0,0,-7999
101,2022,42,2000,0,12.99,1.063,0,-1.828,0,0,0,0.006,184.8,0,0,-7999
101,2022,42,2100,0,12.9,1.062,0,-2.728,0,0,0,0.001,188.8,0,0,-7999
101,2022,42,2200,0,12.85,1.061,0,-4.498,0,0,0,0.002,189.8,0,0,-7999
101,2022,42,2300,0,12.81,1.059,0,-4.958,0,0,0,0.003,188.8,0,0,-7999
101,2022,43,000,0,12.78,1.06,0,-5.178,0,0,0,0.004,188.8,0,0,-7999
101,2022,43,100,0,12.76,1.058,0,-5.658,0,0,0,0.003,187.8,0,0,-7999
101,2022,43,200,0,12.74,1.06,0,-5.128,0,0,0,0.007,188.8,0,0,-7999
101,2022,43,300,0,12.72,1.058,0,-6.058,0,0,0,0.011,187.8,0,0,-7999
101,2022,43,400,0,12.7,1.058,0,-7.108,0,0,0,0.01,189.8,0,0,-7999
101,2022,43,500,0,12.69,1.058,0,-7.298,0,0,0,0.003,187.8,0,0,-7999
101,2022,43,600,0,12.67,1.059,0,-7.498,0,0,0,0.007,188.8,0,0,-7999
101,2022,43,700,0,12.64,1.059,0,-7.578,0,0,0,0.004,186.8,1.08,0,0
101,2022,43,800,0,12.78,1.06,0,-6.718,0,0,0,0.002,189.8,60.84,5.342,0.088
101,2022,43,900,0,14.9,1.063,0,-0.058,0,0,0,0.01,186.8,148.2,13.35,0.09
101,2022,43,1000,0,14.7,1.068,0,1.312,0,0,0,0.003,187.8,224.3,19.43,0.087
101,2022,43,1100,0,14.59,1.07,0,3.402,0,0,0,0.008,187.8,279.8,23.99,0.086
101,2022,43,1200,0,14.53,1.072,0,3.422,0,0,0,0,187.8,306.7,27.41,0.089
101,2022,43,1300,0,14.52,1.074,0,4.672,0,0,0,0.005,188.8,301.6,28.55,0.095
101,2022,43,1400,0,14.49,1.073,0,5.312,0,0,0,0.001,187.8,266.4,26.64,0.1
101,2022,43,1500,0,14.44,1.072,0,6.512,0,0,0,0.003,188.8,204.7,21.69,0.106
101,2022,43,1600,0,14.43,1.071,0,7.752,0,0,0,0.007,186.8,122.8,14.08,0.115
101,2022,43,1700,0,14.5,1.069,0,6.612,0,0,0,0.01,189.8,30.88,4.567,0.148
101,2022,43,1800,0,13.29,1.066,0,-0.328,0,0,0,0.003,187.8,0,0,-7999
101,2022,43,1900,0,13.11,1.065,0,-2.498,0,0,0,0.005,176.8,0,0,-7999
101,2022,43,2000,0,12.98,1.061,0,-3.868,0,0,0,0.001,188.8,0,0,-7999
101,2022,43,2100,0,12.9,1.061,0,-4.738,0,0,0,0.001,189.8,0,0,-7999
101,2022,43,2200,0,12.84,1.059,0,-4.998,0,0,0,0.005,184.8,0,0,-7999
101,2022,43,2300,0,12.8,1.06,0,-5.798,0,0,0,0.002,187.8,0,0,-7999
101,2022,44,000,0,12.77,1.058,0,-5.388,0,0,0,0.005,188.8,0,0,-7999
101,2022,44,100,0,12.75,1.058,0,-6.038,0,0,0,0.004,188.8,0,0,-7999
101,2022,44,200,0,12.72,1.059,0,-6.408,0,0,0,0.002,187.8,0,0,-7999
101,2022,44,300,0,12.7,1.057,0,-3.318,0,0,0,0.008,187.8,0,0,-7999
101,2022,44,400,0,12.68,1.06,0,-2.548,0,0,0,0.01,184.8,0,0,-7999
101,2022,44,500,0,12.67,1.061,0,-1.518,0,0,0,0.012,186.8,0,0,-7999
101,2022,44,600,0,12.65,1.061,0,-4.918,0,0,0,0.005,187.8,0,0,-7999
101,2022,44,700,0,12.64,1.061,0,-5.108,0,0,0,0.004,188.8,1.44,0,0
101,2022,44,800,0,12.79,1.062,0,-2.168,0,0,0,0.004,187.8,64.42,6.104,0.095
101,2022,44,900,0,14.84,1.065,0,3.632,0,0,0,0.005,189.8,151.4,12.96,0.086
101,2022,44,1000,0,14.6,1.068,0,8.8,0,0,0,0.007,187.8,230.3,19.42,0.084
101,2022,44,1100,0,14.5,1.07,0,10.76,0,0,0,0.002,187.8,285.8,24.36,0.085
101,2022,44,1200,0,14.3,1.075,0,11.64,0,0,0,0,187.8,312.3,28.16,0.09
101,2022,44,1300,0,14.39,1.077,0,12.42,0,0,0,-0.004,188.8,313.8,30.44,0.097
101,2022,44,1400,0,14.39,1.077,0,13.15,0,0,0,-0.004,183.8,284.3,29.3,0.103
101,2022,44,1500,0,14.5,1.072,0,11.42,0,0,0,0,187.8,90.5,8.37,0.093
101,2022,44,1600,0,14.54,1.071,0,11.64,0,0,0,0.001,184.8,103.8,10.66,0.103
101,2022,44,1700,0,14.27,1.07,0,9.72,0,0,0,0.001,184.8,13.65,1.523,0.112
101,2022,44,1800,0,13.24,1.068,0,8.86,0,0,0,0.003,184.8,0,0,-7999
101,2022,44,1900,0,13.08,1.068,0,8.39,0,0,0,0.004,184.8,0,0,-7999
101,2022,44,2000,0,12.97,1.067,0,7.822,0,0,0,0.004,183.8,0,0,-7999
101,2022,44,2100,0,12.89,1.067,0,7.702,0,0,0,0.002,184.8,0,0,-7999
101,2022,44,2200,0,12.85,1.067,0,8.42,0,0,0,0.003,179.8,0,0,-7999
101,2022,44,2300,0,12.82,1.067,0,7.392,0,0,0,0.001,179.8,0,0,-7999
101,2022,45,000,0,12.8,1.066,0,6.372,0,0,0,0.004,180.8,0,0,-7999
101,2022,45,100,0,12.78,1.066,0,5.702,0,0,0,0.003,171.8,0,0,-7999
101,2022,45,200,0,12.76,1.064,0,4.262,0,0,0,0.007,179.8,0,0,-7999
101,2022,45,300,0,12.74,1.064,0,6.242,0,0,0,0.005,175.8,0,0,-7999
101,2022,45,400,0,12.72,1.066,0,5.482,0,0,0,0.005,175.8,0,0,-7999
101,2022,45,500,0,12.71,1.066,0,5.762,0,0,0,0.006,171.8,0,0,-7999
101,2022,45,600,0,12.7,1.065,0,4.592,0,0,0,0.005,179.8,0,0,-7999
101,2022,45,700,0,12.69,1.066,0,1.162,0,0,0,0.005,167.8,0.359,0,0
101,2022,45,800,0,12.75,1.064,0,-0.578,0,0,0,0.004,171.8,19.05,1.524,0.08
101,2022,45,900,0,12.77,1.063,0,-0.918,0,0,0,0.004,171.8,14.74,1.144,0.078
101,2022,45,1000,0,13.62,1.064,0,0.022,0,0,0,0.005,175.8,100,7.624,0.076
101,2022,45,1100,0,14.74,1.062,0,1.492,0,0,0,0.007,188.8,136.6,11.81,0.086
101,2022,45,1200,0,14.69,1.064,0,-0.118,0,0,0,0.002,171.8,108.5,9.52,0.088
101,2022,45,1300,0,14.82,1.065,0,-2.388,0,0,0,0.002,168.8,184.8,120.8,0.654
101,2022,45,1400,0,14.76,1.064,0.03,-1.678,0,0,0,-0.001,187.8,115.4,61.36,0.532
101,2022,45,1500,0,14.79,1.064,0,-2.348,0,0,0,0.012,167.8,74.06,50.69,0.684
101,2022,45,1600,0,14.8,1.061,0,-2.558,0,0,0,0.01,183.8,105.3,77.36,0.734
101,2022,45,1700,0,13.58,1.063,0,-3.568,0,0,0,0.007,171.8,8.27,6.48,0.783
101,2022,45,1800,0,13.4,1.062,0,-3.998,0,0,0,0.007,171.8,0,0,-7999
101,2022,45,1900,0,13.21,1.062,0,-4.288,0,0,0,0.005,167.8,0,0,-7999
101,2022,45,2000,0,13.08,1.062,0,-4.258,0,0,0,0.006,167.8,0,0,-7999
101,2022,45,2100,0,12.97,1.061,0,-4.798,0,0,0,0.008,184.8,0,0,-7999
101,2022,45,2200,0,12.88,1.062,0,-4.778,0,0,0,0.007,176.8,0,0,-7999
101,2022,45,2300,0,12.83,1.061,0,-5.408,0,0,0,0.007,176.8,0,0,-7999
101,2022,46,000,0,12.8,1.062,0,-4.528,0,0,0,0.007,172.8,0,0,-7999
101,2022,46,100,0,12.77,1.063,0,-4.418,0,0,0,0.008,171.8,0,0,-7999
101,2022,46,200,0,12.75,1.063,0,-4.058,0,0,0,0.008,167.8,0,0,-7999
101,2022,46,300,0,12.73,1.065,0,-4.388,0,0,0,0.005,179.8,0,0,-7999
101,2022,46,400,0,12.71,1.064,0,-6.008,0,0,0,0.009,184.8,0,0,-7999
101,2022,46,500,0,12.7,1.064,0,-5.628,0,0,0,0.004,171.8,0,0,-7999
101,2022,46,600,0,12.68,1.066,0,-4.838,0,0,0,0.005,171.8,0,0,-7999
101,2022,46,700,0,12.65,1.066,0,-6.978,0,0,0,0.006,168.8,1.44,1.144,0.795
101,2022,46,800,0,12.87,1.065,0,-5.338,0,0,0,0.011,180.8,69.83,31.67,0.454
101,2022,46,900,0,14.92,1.068,0,-2.218,0,0,0,0.009,188.8,156.5,111,0.709
101,2022,46,1000,0,14.76,1.07,0,-1.158,0,0,0,0.009,187.8,233.7,152.8,0.654
101,2022,46,1100,0,14.65,1.072,0,0.782,0,0,0,0.01,187.8,289.2,179.4,0.62
101,2022,46,1200,0,14.6,1.074,0,2.042,0,0,0,0.012,186.8,316.1,173.6,0.549
101,2022,46,1300,0,14.54,1.075,0,1.812,0,0,0,0.005,187.8,312.4,124.9,0.4
101,2022,46,1400,0,14.61,1.074,0,1.362,0,0,0,0.002,187.8,275.8,63.58,0.23
101,2022,46,1500,0,14.61,1.073,0,1.532,0,0,0,0.003,187.8,214.8,32.75,0.152
101,2022,46,1600,0,14.64,1.071,0,1.592,0,0,0,0.002,187.8,131.1,17.14,0.131
101,2022,46,1700,0,14.71,1.069,0,-0.528,0,0,0,0.003,188.8,37.72,4.951,0.131
101,2022,46,1800,0,13.4,1.066,0,-2.248,0,0,0,0.002,188.8,0,0,-7999
101,2022,46,1900,0,13.21,1.066,0,-2.478,0,0,0,0.002,187.8,0,0,-7999
101,2022,46,2000,0,13.06,1.065,0,-2.768,0,0,0,0.003,188.8,0,0,-7999
101,2022,46,2100,0,12.95,1.065,0,-3.078,0,0,0,0.005,188.8,0,0,-7999
101,2022,46,2200,0,12.88,1.064,0,-3.178,0,0,0,0.003,187.8,0,0,-7999
101,2022,46,2300,0,12.83,1.064,0,-2.828,0,0,0,0.005,188.8,0,0,-7999
101,2022,47,000,0,12.8,1.064,0,-2.928,0,0,0,0.005,188.8,0,0,-7999
101,2022,47,100,0,12.77,1.064,0,-2.808,0,0,0,0.006,188.8,0,0,-7999
101,2022,47,200,0,12.75,1.066,0,-2.608,0,0,0,0.005,187.8,0,0,-7999
101,2022,47,300,0,12.73,1.067,0,-1.898,0,0,0,0.008,180.8,0,0,-7999
101,2022,47,400,0,12.72,1.064,0,-2.418,0,0,0,0.002,189.8,0,0,-7999
101,2022,47,500,0,12.7,1.064,0,-1.598,0,0,0,0.005,188.8,0,0,-7999
101,2022,47,600,0,12.68,1.065,0,-1.678,0,0,0,0.005,188.8,0,0,-7999
101,2022,47,700,0,12.66,1.064,0,-1.298,0,0,0,0.005,189.8,1.799,0,0
101,2022,47,800,0,12.79,1.066,0,-1.288,0,0,0,0.006,184.8,73.02,8.01,0.11
101,2022,47,900,0,14.78,1.067,0,-0.268,0,0,0,0.005,187.8,160,17.15,0.107
101,2022,47,1000,0,14.77,1.068,0,1.342,0,0,0,0.005,187.8,237.6,23.24,0.098
101,2022,47,1100,0,14.63,1.07,0,3.152,0,0,0,0.004,187.8,348.5,30.85,0.089
101,2022,47,1200,0,14.53,1.072,0,3.332,0,0,0,0.001,188.8,327.6,27.41,0.084
101,2022,47,1300,0,14.55,1.073,0,3.722,0,0,0,-0.001,176.8,321.8,27.41,0.085
101,2022,47,1400,0,14.58,1.072,0,3.842,0,0,0,-0.001,171.8,281.6,24.75,0.088
101,2022,47,1500,0,14.58,1.071,0,3.912,0,0,0,0.001,176.8,238.1,22.08,0.093
101,2022,47,1600,0,14.58,1.07,0,3.832,0,0,0,0.004,171.8,134.3,14.09,0.105
101,2022,47,1700,0,14.62,1.067,0,3.122,0,0,0,0.006,167.8,41.67,4.95,0.119
101,2022,47,1800,0,13.37,1.066,0,-0.188,0,0,0,0.004,167.8,0,0,-7999
101,2022,47,1900,0,13.18,1.064,0,-2.438,0,0,0,0.001,167.8,0,0,-7999
101,2022,47,2000,0,13.04,1.061,0,-4.388,0,0,0,0.004,171.8,0,0,-7999
101,2022,47,2100,0,12.94,1.061,0,-5.068,0,0,0,0.006,171.8,0,0,-7999
101,2022,47,2200,0,12.86,1.06,0,-5.508,0,0,0,0.005,188.8,0,0,-7999
101,2022,47,2300,0,12.82,1.06,0,-5.798,0,0,0,0.006,180.8,0,0,-7999
101,2022,48,000,0,12.79,1.058,0,-3.888,0,0,0,0.007,188.8,0,0,-7999
101,2022,48,100,0,12.76,1.059,0,-4.338,0,0,0,0.007,183.8,0,0,-7999
101,2022,48,200,0,12.74,1.06,0,-4.918,0,0,0,0.008,188.8,0,0,-7999
101,2022,48,300,0,12.72,1.06,0,-3.668,0,0,0,0.007,187.8,0,0,-7999
101,2022,48,400,0,12.7,1.06,0,-4.238,0,0,0,0.011,188.8,0,0,-7999
101,2022,48,500,0,12.69,1.06,0,-3.888,0,0,0,0.005,188.8,0,0,-7999
101,2022,48,600,0,12.67,1.061,0,-2.658,0,0,0,0.008,188.8,0,0,-7999
101,2022,48,700,0,12.65,1.063,0,-0.158,0,0,0,0.007,188.8,2.159,0.381,0.177
101,2022,48,800,0,12.78,1.063,0,0.302,0,0,0,0.01,187.8,75.55,7.246,0.096
101,2022,48,900,0,14.79,1.066,0,4.102,0,0,0,0.006,186.8,162.2,13.34,0.082
101,2022,48,1000,0,14.65,1.068,0,5.072,0,0,0,0.004,188.8,231.8,17.9,0.077
101,2022,48,1100,0,14.59,1.07,0,6.412,0,0,0,0,183.8,271.6,21.32,0.079
101,2022,48,1200,0,14.52,1.073,0,7.712,0,0,0,0.003,188.8,318.5,26.65,0.084
