101,2022,104,1200,0,14.67,1.115,0,-2.338,0,0,0,-0.067,175.8,512.9,472.8,0.922
101,2022,104,1300,0,14.67,1.114,0,-1.798,0,0,0,-0.05,170.8,524.6,473.5,0.902
101,2022,104,1400,0,14.66,1.114,0,-1.558,0,0,0,-0.036,179.8,454.8,406.3,0.893
101,2022,104,1500,0,14.63,1.113,0,-1.258,0,0,0,-0.034,186.8,394.1,350.3,0.889
101,2022,104,1600,0,14.75,1.113,0,-4.248,0,0,0,-0.028,167.8,48.51,42.66,0.879
101,2022,104,1700,0,14.81,1.115,0,-3.878,0,0,0,-0.036,181.8,43.51,39.26,0.902
101,2022,104,1800,0,14.87,1.114,0,-4.038,0,0,0,-0.036,167.8,26.98,24.02,0.89
101,2022,104,1900,0,13.54,1.112,0,-6.018,0,0,0,-0.037,191.8,0.719,0.763,1.06
101,2022,104,2000,0,13.36,1.113,0,-5.768,0,0,0,-0.034,183.8,0,0,-7999
101,2022,104,2100,0,13.2,1.113,0,-5.988,0,0,0,-0.034,194.8,0,0,-7999
101,2022,104,2200,0,13.07,1.113,0,-6.598,0,0,0,-0.031,186.8,0,0,-7999
101,2022,104,2300,0,12.96,1.113,0,-6.768,0,0,0,-0.032,167.8,0,0,-7999
101,2022,105,000,0,12.86,1.113,0,-7.418,0,0,0,-0.032,172.8,0,0,-7999
101,2022,105,100,0,12.78,1.112,0,-7.308,0,0,0,-0.036,178.8,0,0,-7999
101,2022,105,200,0,12.73,1.113,0,-7.618,0,0,0,-0.035,172.8,0,0,-7999
101,2022,105,300,0,12.69,1.113,0,-9.75,0,0,0,-0.038,182.8,0,0,-7999
101,2022,105,400,0,12.66,1.112,0,-8.11,0,0,0,-0.037,187.8,0,0,-7999
101,2022,105,500,0,12.62,1.113,0,-8.87,0,0,0,-0.037,186.8,0,0,-7999
101,2022,105,600,0,12.72,1.111,0,-7.498,0,0,0,-0.033,186.8,44.27,35.48,0.801
101,2022,105,700,0,13.23,1.112,0,-6.408,0,0,0,-0.035,186.8,145,130.8,0.902
101,2022,105,800,0,14.87,1.112,0,-5.288,0,0,0,-0.034,187.8,250,223.8,0.895
101,2022,105,900,0,14.79,1.113,0,-2.248,0,0,0,-0.028,186.8,348.4,308.3,0.885
101,2022,105,1000,0,14.63,1.114,0,0.332,0,0,0,-0.022,186.8,471.1,415.5,0.882
101,2022,105,1100,0,14.61,1.114,0,-0.418,0,0,0,-0.028,186.8,621.7,538.7,0.866
101,2022,105,1200,0,14.45,1.113,0,3.472,0,0,0,-0.007,186.8,539.7,422.8,0.784
101,2022,105,1300,0,14.55,1.112,0,1.682,0,0,0,-0.007,173.8,177,140.1,0.791
101,2022,105,1400,0,14.56,1.112,0,2.332,0,0,0,0.001,184.8,532.7,416.9,0.783
101,2022,105,1500,0,14.51,1.111,0,4.002,0,0,0,0.007,167.8,269.7,207.8,0.771
101,2022,105,1600,0,14.55,1.11,0,3.102,0,0,0,0.007,188.8,249.9,194.5,0.778
101,2022,105,1700,0,14.59,1.108,0,1.462,0,0,0,0.004,187.8,33.4,26.27,0.786
101,2022,105,1800,0,14.7,1.107,0,0.432,0,0,0,0.004,186.8,43.12,32.37,0.751
101,2022,105,1900,0,13.5,1.105,0,-1.778,0,0,0,0.004,186.8,1.079,0.762,0.707
101,2022,105,2000,0,13.29,1.104,0,-3.578,0,0,0,0.001,187.8,0,0,-7999
101,2022,105,2100,0,13.14,1.104,0,-3.628,0,0,0,0,187.8,0,0,-7999
101,2022,105,2200,0,13.01,1.104,0,-3.498,0,0,0,0.001,186.8,0,0,-7999
101,2022,105,2300,0,12.9,1.105,0,-3.728,0,0,0,-0.001,186.8,0,0,-7999
101,2022,106,000,0,12.82,1.104,0,-3.828,0,0,0,0,186.8,0,0,-7999
101,2022,106,100,0,12.76,1.104,0,-4.008,0,0,0,-0.001,187.8,0,0,-7999
101,2022,106,200,0,12.72,1.105,0,-4.258,0,0,0,0,186.8,0,0,-7999
101,2022,106,300,0,12.7,1.104,0,-4.588,0,0,0,0,186.8,0,0,-7999
101,2022,106,400,0,12.67,1.105,0,-5.728,0,0,0,-0.003,189.8,0,0,-7999
101,2022,106,500,0,12.65,1.107,0,-5.828,0,0,0,-0.007,166.8,0,0,-7999
101,2022,106,600,0,12.62,1.108,0,-5.708,0,0,0,-0.011,193.8,2.159,3.051,1.413
101,2022,106,700,0,12.73,1.108,0,-4.548,0,0,0,-0.016,189.8,32.38,51.87,1.602
101,2022,106,800,0,13.13,1.108,0,-2.678,0,0,0,-0.016,168.8,100.7,102.6,1.018
101,2022,106,900,0,14.79,1.11,0,-1.348,0,0,0,-0.017,189.8,205.3,186.7,0.91
101,2022,106,1000,0,14.77,1.112,0.3,-3.328,0,0,0,-0.037,169.8,234,232.1,0.992
101,2022,106,1100,0,14.68,1.112,0,-1.118,0,0,0,-0.02,187.8,281,246.5,0.877
101,2022,106,1200,0,14.72,1.112,0,-1.988,0,0,0,-0.014,191.8,399.6,343.2,0.859
101,2022,106,1300,0,14.74,1.112,0,-2.548,0,0,0,-0.02,183.8,491.4,427.1,0.869
101,2022,106,1400,0,14.74,1.112,0,-1.818,0,0,0,-0.014,190.8,294,240.8,0.819
101,2022,106,1500,0,14.73,1.111,0,-3.358,0,0,0,-0.009,183.8,149.9,126.9,0.846
101,2022,106,1600,0,14.78,1.111,0,-3.128,0,0,0,-0.014,175.8,101.7,88,0.865
101,2022,106,1700,0,14.84,1.11,0,-3.348,0,0,0,-0.01,183.8,151.4,131.1,0.866
101,2022,106,1800,0,14.47,1.109,0,-4.478,0,0,0,-0.013,184.8,17.62,14.87,0.844
101,2022,106,1900,0,13.49,1.108,0,-4.758,0,0,0,-0.014,187.8,0.36,0.381,1.06
101,2022,106,2000,0,13.32,1.109,0,-5.028,0,0,0,-0.014,188.8,0,0,-7999
101,2022,106,2100,0,13.17,1.108,0,-5.008,0,0,0,-0.011,187.8,0,0,-7999
101,2022,106,2200,0,13.05,1.109,0,-5.638,0,0,0,-0.006,175.8,0,0,-7999
101,2022,106,2300,0,12.93,1.109,0,-5.318,0,0,0,-0.006,179.8,0,0,-7999
101,2022,107,000,0,12.84,1.109,0,-6.088,0,0,0,-0.007,179.8,0,0,-7999
101,2022,107,100,0,12.77,1.109,0,-6.348,0,0,0,-0.01,167.8,0,0,-7999
101,2022,107,200,0,12.72,1.11,0,-7.558,0,0,0,-0.005,176.8,0,0,-7999
101,2022,107,300,0,12.69,1.107,0,-6.818,0,0,0,-0.006,176.8,0,0,-7999
101,2022,107,400,0,12.66,1.107,0,-9.08,0,0,0,-0.007,181.8,0,0,-7999
101,2022,107,500,0,12.63,1.107,0,-9.02,0,0,0,0.002,176.8,0,0,-7999
101,2022,107,600,0,12.71,1.105,0,-9.44,0,0,0,-0.004,166.8,34.93,25.57,0.732
101,2022,107,700,0,13.4,1.102,0,-3.618,0,0,0,-0.002,181.8,111.9,96.5,0.862
101,2022,107,800,0,14.83,1.104,0,-2.478,0,0,0,-0.003,167.8,232.7,201.7,0.867
101,2022,107,900,0,14.75,1.106,0,-1.598,0,0,0,-0.005,165.8,242.3,207.7,0.857
101,2022,107,1000,0,14.67,1.11,0,-0.148,0,0,0,-0.003,165.8,346.4,294.4,0.85
101,2022,107,1100,0,14.59,1.11,0,3.002,0,0,0,0.003,188.8,382.9,312.2,0.815
101,2022,107,1200,0,14.55,1.11,0,3.662,0,0,0,0.004,174.8,324.3,252,0.777
101,2022,107,1300,0,14.52,1.11,0,6.462,0,0,0,0.011,186.8,325.7,238.3,0.732
101,2022,107,1400,0,14.5,1.108,0,6.712,0,0,0,0.012,166.8,283.3,199.1,0.703
101,2022,107,1500,0,14.51,1.106,0,6.322,0,0,0,0.009,167.8,181.3,124.5,0.686
101,2022,107,1600,0,14.58,1.102,0,5.662,0,0,0,0.009,167.8,87.6,59.4,0.678
101,2022,107,1700,0,14.67,1.101,0,3.702,0,0,0,0.009,171.8,38.09,25.52,0.67
101,2022,107,1800,0,14.24,1.1,0,2.292,0,0,0,0.012,189.8,19.05,12.57,0.66
101,2022,107,1900,0,13.4,1.098,0,1.322,0,0,0,0.009,189.8,0.359,0.381,1.06
101,2022,107,2000,0,13.23,1.098,0,0.492,0,0,0,0.012,189.8,0,0,-7999
101,2022,107,2100,0,13.08,1.097,0,-0.508,0,0,0,0.013,189.8,0,0,-7999
101,2022,107,2200,0,12.96,1.098,0,-0.398,0,0,0,0.012,189.8,0,0,-7999
101,2022,107,2300,0,12.86,1.096,0,-0.608,0,0,0,0.013,189.8,0,0,-7999
101,2022,108,000,0,12.79,1.096,0,-0.568,0,0,0,0.01,188.8,0,0,-7999
101,2022,108,100,0,12.74,1.096,0,-1.598,0,0,0,0.011,189.8,0,0,-7999
101,2022,108,200,0,12.72,1.096,0,-1.908,0,0,0,0.01,189.8,0,0,-7999
101,2022,108,300,0,12.69,1.096,0,-2.118,0,0,0,0.01,189.8,0,0,-7999
101,2022,108,400,0,12.66,1.096,0,-2.448,0,0,0,0.01,189.8,0,0,-7999
101,2022,108,500,0,12.64,1.097,0,-2.228,0,0,0,0.009,189.8,0,0,-7999
101,2022,108,600,0,12.63,1.096,0,-1.848,0,0,0,0.01,172.8,7.913,5.719,0.723
101,2022,108,700,0,12.92,1.096,0,-0.348,0,0,0,0.011,168.8,42.8,28.6,0.668
101,2022,108,800,0,13.97,1.097,0,1.342,0,0,0,0.015,167.8,116.9,77.37,0.662
101,2022,108,900,0,14.69,1.096,0,2.842,0,0,0,0.016,168.8,237.6,156.6,0.659
101,2022,108,1000,0,14.64,1.097,0,3.822,0,0,0,0.017,187.8,277,178.3,0.643
101,2022,108,1100,0,14.58,1.094,0,5.902,0,0,0,0.019,182.8,313.6,194.6,0.62
101,2022,108,1200,0,14.56,1.089,0,7.642,0,0,0,0.026,184.8,188.2,112.3,0.597
101,2022,108,1300,0,14.59,1.085,0,6.862,0,0,0,0.019,179.8,135.8,78.82,0.58
101,2022,108,1400,0,14.6,1.081,0,7.022,0,0,0,0.019,198.8,70.77,38.84,0.549
101,2022,108,1500,0,14.64,1.076,0,6.732,0,0,0,0.017,201.8,176.7,90.2,0.511
101,2022,108,1600,0,14.65,1.072,0,2.982,0,0,0,0.014,204.8,74.38,34.66,0.466
101,2022,108,1700,0,14.79,1.071,0,-1.348,0,0,0,0.012,218.8,39.54,17.53,0.443
101,2022,108,1800,0,14.51,1.068,0,-1.618,0,0,0,0.005,186.8,21.22,8.77,0.413
101,2022,108,1900,0,13.44,1.068,0,-2.298,0,0,0,0.006,179.8,0.36,0,0
101,2022,108,2000,0,13.26,1.071,0,-2.628,0,0,0,0.007,182.8,0,0,-7999
101,2022,108,2100,0,13.12,1.065,0,-2.858,0,0,0,0.006,184.8,0,0,-7999
101,2022,108,2200,0,13,1.066,0,-3.308,0,0,0,0.007,179.8,0,0,-7999
101,2022,108,2300,0,12.89,1.066,0,-3.218,0,0,0,0.008,190.8,0,0,-7999
101,2022,109,000,0,12.81,1.066,0,-3.328,0,0,0,0.007,179.8,0,0,-7999
101,2022,109,100,0,12.76,1.067,0,-3.388,0,0,0,0.007,190.8,0,0,-7999
101,2022,109,200,0,12.72,1.068,0,-3.558,0,0,0,0.007,191.8,0,0,-7999
101,2022,109,300,0,12.68,1.067,0,-3.598,0,0,0,0.007,195.8,0,0,-7999
101,2022,109,400,0,12.66,1.069,0,-3.598,0,0,0,0.007,175.8,0,0,-7999
101,2022,109,500,0,12.64,1.069,0,-4.258,0,0,0,0.005,184.8,0,0,-7999
101,2022,109,600,0,12.67,1.069,0,-3.518,0,0,0,0.007,174.8,22.67,13.35,0.589
101,2022,109,700,0,13.12,1.07,0,-1.388,0,0,0,0.007,191.8,174.5,99.9,0.573
101,2022,109,800,0,14.81,1.072,0,-0.738,0,0,0,0.005,192.8,132,70.51,0.534
101,2022,109,900,0,14.76,1.071,0,-0.488,0,0,0,0.005,193.8,121.2,61.36,0.506
101,2022,109,1000,0,14.72,1.07,0,1.402,0,0,0,0.009,194.8,133.4,64.39,0.483
101,2022,109,1100,0,14.72,1.069,0,-1.268,0,0,0,0.006,198.8,77.28,36.96,0.478
101,2022,109,1200,0,14.75,1.068,0,-0.568,0,0,0,0.006,192.8,127.6,69.35,0.543
101,2022,109,1300,0,14.71,1.069,0,1.002,0,0,0,0.002,192.8,245.5,110.9,0.452
101,2022,109,1400,0,14.65,1.068,0,2.082,0,0,0,0.008,189.8,230.3,89.5,0.389
101,2022,109,1500,0,14.66,1.067,0,0.672,0,0,0,0.01,186.8,138.3,47.99,0.347
101,2022,109,1600,0,14.7,1.067,0,0.382,0,0,0,0.012,194.8,338.9,115.4,0.341
101,2022,109,1700,0,14.73,1.064,0,-0.188,0,0,0,0.01,195.8,173.6,60.96,0.351
101,2022,109,1800,0,14.67,1.061,0,-1.858,0,0,0,0.011,192.8,21.21,7.24,0.341
101,2022,109,1900,0,13.49,1.061,0,-1.938,0,0,0,0.012,184.8,1.079,0.381,0.353
101,2022,109,2000,0,13.31,1.06,0,-2.168,0,0,0,0.012,193.8,0,0,-7999
101,2022,109,2100,0,13.16,1.059,0,-2.548,0,0,0,0.011,179.8,0,0,-7999
101,2022,109,2200,0,13.03,1.058,0,-2.488,0,0,0,0.013,180.8,0,0,-7999
101,2022,109,2300,0,12.92,1.058,0,-1.868,0,0,0,0.013,181.8,0,0,-7999
101,2022,110,000,0,12.83,1.058,0,-2.708,0,0,0,0.013,180.8,0,0,-7999
101,2022,110,100,0,12.77,1.058,0,-3.378,0,0,0,0.015,179.8,0,0,-7999
101,2022,110,200,0,12.72,1.056,0,-4.798,0,0,0,0.014,179.8,0,0,-7999
101,2022,110,300,0,12.69,1.055,0,-5.818,0,0,0,0.012,194.8,0,0,-7999
101,2022,110,400,0,12.66,1.056,0,-4.148,0,0,0,0.01,194.8,0,0,-7999
101,2022,110,500,0,12.64,1.058,0,-4.578,0,0,0,0.013,192.8,0.36,0,0
101,2022,110,600,0,12.65,1.059,0,-4.148,0,0,0,0.009,193.8,12.59,4.577,0.363
101,2022,110,700,0,12.95,1.061,0,-2.428,0,0,0,0.011,192.8,72.3,25.55,0.353
101,2022,110,800,0,13.62,1.061,0,-1.368,0,0,0,0.011,192.8,64.02,21.73,0.339
101,2022,110,900,0,14.78,1.062,0,-0.218,0,0,0,0.014,183.8,87.4,29.35,0.336
101,2022,110,1000,0,14.76,1.063,0,-0.238,0,0,0,0.012,179.8,103.2,34.3,0.332
101,2022,110,1100,0,14.73,1.063,0,2.562,0,0,0,0.013,192.8,167.9,50.3,0.3
101,2022,110,1200,0,14.7,1.064,0,2.962,0,0,0,0.012,193.8,250.5,71.25,0.284
101,2022,110,1300,0,14.58,1.066,0,6.602,0,0,0,0.013,200.8,280.6,75.78,0.27
101,2022,110,1400,0,14.58,1.065,0,6.132,0,0,0,0.009,196.8,313.6,75,0.239
101,2022,110,1500,0,14.66,1.065,0,-0.488,0,0,0,0.006,202.8,43.47,8.38,0.193
101,2022,110,1600,0,14.79,1.06,0,0.152,0,0,0,0.003,193.8,64.71,12.19,0.188
101,2022,110,1700,0,14.78,1.06,0,0.672,0,0,0,0.006,186.8,45.66,8,0.175
101,2022,110,1800,0,14.77,1.06,0,0.802,0,0,0,0.006,195.8,28.04,5.335,0.19
101,2022,110,1900,0,13.48,1.059,0,0.582,0,0,0,0.008,194.8,1.438,0,0
101,2022,110,2000,0,13.3,1.058,0,-1.558,0,0,0,0.008,194.8,0,0,-7999
101,2022,110,2100,0,13.16,1.058,0,-1.048,0,0,0,0.008,194.8,0,0,-7999
101,2022,110,2200,0,13.03,1.058,0,-0.868,0,0,0,0.005,194.8,0,0,-7999
101,2022,110,2300,0,12.92,1.057,0,-0.688,0,0,0,0.007,192.8,0,0,-7999
101,2022,111,000,0,12.83,1.062,0.13,-1.958,0,0,0,0.017,225.8,0,0,-7999
101,2022,111,100,0,12.76,1.062,0.02,-0.308,0,0,0,0.009,291.8,0,0,-7999
101,2022,111,200,0,12.72,1.061,0,-1.098,0,0,0,0.004,259.8,0,0,-7999
101,2022,111,300,0,12.69,1.06,0,-1.318,0,0,0,0.005,254.8,0,0,-7999
101,2022,111,400,0,12.67,1.06,0,-1.318,0,0,0,0.009,232.8,0,0,-7999
101,2022,111,500,0,12.64,1.06,0,-2.408,0,0,0,0.004,251.8,0.36,0,0
101,2022,111,600,0,12.62,1.061,0.06,-2.578,0,0,0,0.007,227.8,6.475,4.957,0.766
101,2022,111,700,0,12.68,1.064,0,-2.538,0,0,0,-0.001,297.8,191,165.1,0.864
101,2022,111,800,0,12.93,1.064,0,-0.218,0,0,0,0.011,168.8,293.8,246.6,0.839
101,2022,111,900,0,14.77,1.065,0,-0.518,0,0,0,0.01,177.8,178.3,141.4,0.793
101,2022,111,1000,0,14.7,1.062,0,1.422,0,0,0,0.008,187.8,446.8,205,0.459
101,2022,111,1100,0,14.66,1.06,0,2.102,0,0,0,0.005,172.8,295.7,59.8,0.202
101,2022,111,1200,0,14.64,1.059,0,3.202,0,0,0,0.002,171.8,196.2,33.13,0.169
101,2022,111,1300,0,14.6,1.061,0,4.692,0,0,0,-0.001,175.8,500.1,70.45,0.141
101,2022,111,1400,0,14.55,1.063,0,5.172,0,0,0,0.001,171.8,449,53.3,0.119
101,2022,111,1500,0,14.57,1.061,0,4.982,0,0,0,0.005,175.8,190.7,20.56,0.108
101,2022,111,1600,0,14.61,1.06,0,4.382,0,0,0,0.006,176.8,172.1,17.9,0.104
101,2022,111,1700,0,14.63,1.059,0,3.942,0,0,0,0.004,168.8,92.7,8.76,0.094
101,2022,111,1800,0,14.69,1.059,0,2.822,0,0,0,0.005,167.8,35.21,3.809,0.108
101,2022,111,1900,0,13.46,1.057,0,1.012,0,0,0,0.01,168.8,1.438,0,0
101,2022,111,2000,0,13.26,1.057,0,-0.788,0,0,0,0.005,168.8,0,0,-7999
101,2022,111,2100,0,13.11,1.055,0,-1.258,0,0,0,0.005,167.8,0,0,-7999
101,2022,111,2200,0,12.99,1.055,0,-1.648,0,0,0,0.007,167.8,0,0,-7999
101,2022,111,2300,0,12.88,1.055,0,-1.798,0,0,0,0.007,168.8,0,0,-7999
101,2022,112,000,0,12.81,1.053,0,-2.758,0,0,0,0.006,168.8,0,0,-7999
101,2022,112,100,0,12.75,1.054,0,-2.048,0,0,0,0.004,168.8,0,0,-7999
101,2022,112,200,0,12.72,1.055,0,-2.268,0,0,0,0.004,167.8,0,0,-7999
101,2022,112,300,0,12.69,1.054,0,-3.918,0,0,0,0.007,167.8,0,0,-7999
101,2022,112,400,0,12.67,1.053,0,-4.468,0,0,0,0.008,167.8,0,0,-7999
101,2022,112,500,0,12.64,1.053,0,-4.668,0,0,0,0.008,168.8,0.72,0,0
101,2022,112,600,0,12.7,1.054,0,-2.988,0,0,0,0.01,167.8,62.25,6.865,0.11
101,2022,112,700,0,12.94,1.054,0,0.272,0,0,0,0.009,168.8,80.9,7.243,0.09
101,2022,112,800,0,13.56,1.057,0,2.932,0,0,0,0.009,171.8,280.7,24.77,0.088
101,2022,112,900,0,14.64,1.06,0,4.172,0,0,0,0.009,175.8,421.5,36.18,0.086
101,2022,112,1000,0,14.58,1.06,0,4.062,0,0,0,0.007,171.8,77.95,6.854,0.088
101,2022,112,1100,0,14.55,1.062,0,6.122,0,0,0,0.006,186.8,638.2,59.01,0.092
101,2022,112,1200,0,14.53,1.063,0,6.092,0,0,0,0.003,175.8,205.4,19.41,0.095
101,2022,112,1300,0,14.54,1.061,0,6.842,0,0,0,0.006,186.8,621.7,63.2,0.102
101,2022,112,1400,0,14.61,1.059,0.01,4.142,0,0,0,0.006,168.8,75.79,7.615,0.1
101,2022,112,1500,0,14.63,1.059,0,4.922,0,0,0,0.008,172.8,412.8,41.89,0.101
101,2022,112,1600,0,14.56,1.06,0,4.922,0,0,0,0.007,167.8,101.3,10.28,0.101
101,2022,112,1700,0,14.64,1.059,0,3.982,0,0,0,0.003,171.8,220.6,25.13,0.114
101,2022,112,1800,0,14.68,1.058,0,3.202,0,0,0,0.006,167.8,57.13,6.856,0.12
101,2022,112,1900,0,13.46,1.056,0,1.772,0,0,0,0.007,168.8,2.516,0.381,0.151
101,2022,112,2000,0,13.25,1.055,0,0.742,0,0,0,0.006,167.8,0,0,-7999
101,2022,112,2100,0,13.11,1.056,0,-0.168,0,0,0,0.007,168.8,0,0,-7999
101,2022,112,2200,0,12.98,1.055,0,0.452,0,0,0,0.006,167.8,0,0,-7999
101,2022,112,2300,0,12.88,1.054,0,-0.708,0,0,0,0.007,168.8,0,0,-7999
101,2022,113,000,0,12.8,1.055,0,-1.198,0,0,0,0.004,167.8,0,0,-7999
101,2022,113,100,0,12.75,1.055,0,-0.258,0,0,0,0.009,168.8,0,0,-7999
101,2022,113,200,0,12.72,1.054,0,-1.008,0,0,0,0.009,168.8,0,0,-7999
101,2022,113,300,0,12.69,1.054,0,-1.298,0,0,0,0.007,167.8,0,0,-7999
101,2022,113,400,0,12.67,1.056,0,-0.778,0,0,0,0.008,167.8,0,0,-7999
101,2022,113,500,0,12.64,1.054,0,-1.188,0,0,0,0.008,168.8,1.439,0,0
101,2022,113,600,0,12.74,1.054,0,-1.598,0,0,0,0.006,168.8,50.72,6.863,0.135
101,2022,113,700,0,13.12,1.055,0,0.442,0,0,0,0.008,168.8,137,16.01,0.117
101,2022,113,800,0,14.29,1.056,0,1.962,0,0,0,0.007,168.8,183,16.38,0.09
101,2022,113,900,0,14.65,1.057,0,3.522,0,0,0,0.006,168.8,221.7,19.43,0.088
101,2022,113,1000,0,14.59,1.057,0,5.202,0,0,0,0.006,175.8,266.9,23.99,0.09
101,2022,113,1100,0,14.54,1.058,0,6.112,0,0,0,0.007,189.8,486.7,46.83,0.096
101,2022,113,1200,0,14.47,1.06,0,7.932,0,0,0,0.01,187.8,487.2,53.28,0.109
101,2022,113,1300,0,14.44,1.06,0,8.93,0,0,0,0.003,179.8,469.6,54.8,0.117
101,2022,113,1400,0,14.42,1.061,0,9.42,0,0,0,0.001,188.8,432.2,50.99,0.118
101,2022,113,1500,0,14.41,1.061,0,9.95,0,0,0,0.007,187.8,358.6,42.24,0.118
101,2022,113,1600,0,14.43,1.062,0,10.35,0,0,0,0,187.8,269.2,32.34,0.12
101,2022,113,1700,0,14.45,1.058,0,9.11,0,0,0,0.004,175.8,154.4,19.41,0.126
101,2022,113,1800,0,14.52,1.059,0,8.13,0,0,0,0.006,167.8,50.27,6.471,0.129
101,2022,113,1900,0,13.42,1.057,0,5.542,0,0,0,0.007,168.8,2.515,0.381,0.151
101,2022,113,2000,0,13.19,1.056,0,4.902,0,0,0,0.006,168.8,0,0,-7999
101,2022,113,2100,0,13.05,1.056,0,1.642,0,0,0,0.009,167.8,0,0,-7999
101,2022,113,2200,0,12.93,1.054,0,-0.628,0,0,0,0.006,168.8,0,0,-7999
101,2022,113,2300,0,12.84,1.054,0,-0.638,0,0,0,0.009,168.8,0,0,-7999
101,2022,114,000,0,12.78,1.054,0,-1.728,0,0,0,0.006,167.8,0,0,-7999
101,2022,114,100,0,12.74,1.054,0,-2.518,0,0,0,0.014,167.8,0,0,-7999
101,2022,114,200,0,12.71,1.053,0,-2.978,0,0,0,0.004,167.8,0,0,-7999
101,2022,114,300,0,12.69,1.052,0,-3.588,0,0,0,0.005,168.8,0,0,-7999
101,2022,114,400,0,12.66,1.053,0,-3.848,0,0,0,0.006,167.8,0,0,-7999
101,2022,114,500,0,12.64,1.053,0,-3.748,0,0,0,0.011,173.8,0.72,0,0
101,2022,114,600,0,12.73,1.052,0,-2.278,0,0,0,0.008,167.8,53.25,6.865,0.129
101,2022,114,700,0,13.03,1.054,0,3.082,0,0,0,0.008,168.8,149.3,17.16,0.115
101,2022,114,800,0,13.51,1.055,0,5.232,0,0,0,0.008,168.8,254.8,23.62,0.093
101,2022,114,900,0,14.58,1.056,0,7.722,0,0,0,0.011,171.8,346.7,32.37,0.093
101,2022,114,1000,0,14.51,1.057,0,9.22,0,0,0,0.005,179.8,417.6,42.25,0.101
101,2022,114,1100,0,14.44,1.058,0,10.49,0,0,0,-0.002,181.8,465.7,50.62,0.109
101,2022,114,1200,0,14.4,1.061,0,12.19,0,0,0,0.007,187.8,482.1,55.56,0.115
101,2022,114,1300,0,14.35,1.062,0,12.72,0,0,0,-0.007,179.8,466.2,54.79,0.118
101,2022,114,1400,0,14.35,1.062,0,13.54,0,0,0,-0.004,179.8,423.2,49.46,0.117
101,2022,114,1500,0,14.35,1.062,0,13.27,0,0,0,-0.002,172.8,350.3,41.09,0.117
101,2022,114,1600,0,14.37,1.061,0,13.03,0,0,0,-0.002,176.8,225.4,26.63,0.118
101,2022,114,1700,0,14.43,1.059,0,12.16,0,0,0,0.005,168.8,169.8,21.31,0.125
101,2022,114,1800,0,14.5,1.059,0,10.4,0,0,0,0.005,167.8,47.4,6.09,0.128
101,2022,114,1900,0,13.37,1.058,0,8.03,0,0,0,0.004,167.8,1.437,0.381,0.265
101,2022,114,2000,0,13.15,1.056,0,6.762,0,0,0,0.006,168.8,0,0,-7999
101,2022,114,2100,0,13,1.056,0,5.192,0,0,0,0.006,168.8,0,0,-7999
101,2022,114,2200,0,12.89,1.055,0,4.902,0,0,0,0.005,177.8,0,0,-7999
101,2022,114,2300,0,12.81,1.056,0,4.632,0,0,0,0.006,168.8,0,0,-7999
101,2022,115,000,0,12.77,1.056,0,4.422,0,0,0,0.006,173.8,0,0,-7999
101,2022,115,100,0,12.74,1.057,0,3.982,0,0,0,0.006,169.8,0,0,-7999
101,2022,115,200,0,12.71,1.056,0,3.492,0,0,0,0.008,168.8,0,0,-7999
101,2022,115,300,0,12.69,1.055,0,3.492,0,0,0,0.007,168.8,0,0,-7999
101,2022,115,400,0,12.67,1.056,0,3.032,0,0,0,0.007,177.8,0,0,-7999
101,2022,115,500,0,12.65,1.056,0,2.692,0,0,0,0.007,168.8,0.359,0,0
101,2022,115,600,0,12.69,1.056,0,2.812,0,0,0,0.007,169.8,18.69,2.286,0.122
101,2022,115,700,0,12.98,1.056,0,3.232,0,0,0,0.006,168.8,61.47,6.858,0.112
101,2022,115,800,0,13.92,1.057,0,4.972,0,0,0,0.005,173.8,116.8,12.95,0.111
101,2022,115,900,0,14.65,1.058,0,5.772,0,0,0,0.004,171.8,128.3,14.09,0.11
101,2022,115,1000,0,14.61,1.057,0,7.252,0,0,0,0.008,168.8,236.1,26.28,0.111
101,2022,115,1100,0,14.57,1.058,0,7.592,0,0,0,0.007,167.8,230.3,25.51,0.111
101,2022,115,1200,0,14.59,1.058,0,7.352,0,0,0,-0.002,177.8,230.6,25.89,0.112
101,2022,115,1300,0,14.56,1.058,0,6.622,0,0,0,0.004,173.8,182.8,20.56,0.112
101,2022,115,1400,0,14.57,1.06,0,6.272,0,0,0,0.008,167.8,267.6,30.46,0.114
101,2022,115,1500,0,14.6,1.059,0,3.302,0,0,0,0.003,177.8,149.8,17.52,0.117
101,2022,115,1600,0,14.66,1.059,0,2.912,0,0,0,0.006,172.8,145.5,16.76,0.115
101,2022,115,1700,0,14.7,1.057,0,1.892,0,0,0,0.005,178.8,56.07,6.857,0.122
101,2022,115,1800,0,14.62,1.057,0,1.462,0,0,0,0.006,173.8,29.12,3.429,0.118
101,2022,115,1900,0,13.42,1.055,0,1.042,0,0,0,0.005,168.8,0.719,0,0
101,2022,115,2000,0,13.23,1.056,0,0.652,0,0,0,0.006,168.8,0,0,-7999
101,2022,115,2100,0,13.09,1.057,0,0.302,0,0,0,0.006,168.8,0,0,-7999
101,2022,115,2200,0,12.97,1.056,0,0.152,0,0,0,0.006,168.8,0,0,-7999
101,2022,115,2300,0,12.86,1.055,0,0.022,0,0,0,0.006,169.8,0,0,-7999
101,2022,116,000,0,12.79,1.056,0,-0.078,0,0,0,0.006,168.8,0,0,-7999
101,2022,116,100,0,12.74,1.056,0,-0.008,0,0,0,0.007,168.8,0,0,-7999
101,2022,116,200,0,12.72,1.055,0,-0.558,0,0,0,0.007,169.8,0,0,-7999
101,2022,116,300,0,12.7,1.055,0,-1.188,0,0,0,0.006,168.8,0,0,-7999
101,2022,116,400,0,12.67,1.056,0,-1.058,0,0,0,0.007,173.8,0,0,-7999
101,2022,116,500,0,12.64,1.055,0,-1.528,0,0,0,0.007,168.8,0.719,0,0
101,2022,116,600,0,12.74,1.056,0,-1.708,0,0,0,0.007,168.8,71.56,7.242,0.101
101,2022,116,700,0,13.15,1.056,0,-1.198,0,0,0,0.002,168.8,133.4,16.39,0.123
101,2022,116,800,0,13.95,1.054,0,-0.178,0,0,0,0.007,167.8,300.9,32.39,0.108
101,2022,116,900,0,14.72,1.056,0,0.002,0,0,0,0.008,172.8,367.7,39.25,0.107
101,2022,116,1000,0,14.68,1.056,0,1.652,0,0,0,0.007,177.8,569.6,62.09,0.109
101,2022,116,1100,0,14.65,1.058,0,1.912,0,0,0,-0.004,171.8,484,56.37,0.116
101,2022,116,1200,0,14.61,1.059,0,2.712,0,0,0,0.001,185.8,500.4,60.93,0.122
101,2022,116,1300,0,14.59,1.058,0,3.722,0,0,0,-0.001,175.8,592.3,71.97,0.121
101,2022,116,1400,0,14.58,1.059,0,3.492,0,0,0,0.005,166.8,243.9,28.94,0.119
101,2022,116,1500,0,14.58,1.06,0,3.832,0,0,0,0.006,172.8,262.9,31.22,0.119
101,2022,116,1600,0,14.7,1.057,0,1.022,0,0,0,0.002,168.8,295.4,36.95,0.125
101,2022,116,1700,0,14.69,1.057,0,0.752,0,0,0,0.006,167.8,55.35,6.858,0.124
101,2022,116,1800,0,14.75,1.056,0,-0.148,0,0,0,0.006,168.8,44.93,5.334,0.119
101,2022,116,1900,0,13.48,1.055,0,-1.388,0,0,0,0.005,168.8,1.798,0,0
101,2022,116,2000,0,13.28,1.055,0,-1.048,0,0,0,0.006,168.8,0,0,-7999
101,2022,116,2100,0,13.13,1.055,0,-1.278,0,0,0,0.006,168.8,0,0,-7999
101,2022,116,2200,0,13,1.055,0,-1.358,0,0,0,0.007,168.8,0,0,-7999
101,2022,116,2300,0,12.89,1.054,0,-1.708,0,0,0,0.006,168.8,0,0,-7999
101,2022,117,000,0,12.81,1.054,0,-1.958,0,0,0,0.006,168.8,0,0,-7999
101,2022,117,100,0,12.75,1.055,0,-1.738,0,0,0,0.007,169.8,0,0,-7999
101,2022,117,200,0,12.72,1.055,0,-1.948,0,0,0,0.007,167.8,0,0,-7999
101,2022,117,300,0,12.69,1.055,0,-2.088,0,0,0,0.006,168.8,0,0,-7999
101,2022,117,400,0,12.67,1.055,0,-2.128,0,0,0,0.007,168.8,0,0,-7999
101,2022,117,500,0,12.64,1.056,0,-2.298,0,0,0,0.007,169.8,0,0,-7999
101,2022,117,600,0,12.63,1.056,0,-2.538,0,0,0,0.011,171.8,19.78,6.482,0.328
101,2022,117,700,0,12.73,1.055,0,-1.978,0,0,0,0.007,172.8,143.5,31.26,0.218
101,2022,117,800,0,13,1.056,0,-0.418,0,0,0,0.005,168.8,259.3,22.11,0.085
101,2022,117,900,0,14.71,1.056,0,1.032,0,0,0,0.003,176.8,363.8,34.29,0.094
101,2022,117,1000,0,14.66,1.055,0,2.252,0,0,0,0.001,176.8,524.3,56.76,0.108
101,2022,117,1100,0,14.64,1.057,0,2.442,0,0,0,-0.006,167.8,618.3,70.84,0.115
101,2022,117,1200,0,14.58,1.056,0,3.212,0,0,0,0.002,168.8,169.2,19.42,0.115
101,2022,117,1300,0,14.57,1.06,0,4.092,0,0,0,-0.002,175.8,525.2,64.35,0.123
101,2022,117,1400,0,14.54,1.06,0,3.822,0,0,0,-0.009,171.8,457.6,55.96,0.122
101,2022,117,1500,0,14.54,1.059,0,4.222,0,0,0,0,175.8,370.6,44.92,0.121
101,2022,117,1600,0,14.59,1.059,0,3.962,0,0,0,0.006,175.8,215.2,26.27,0.122
101,2022,117,1700,0,14.61,1.058,0,3.242,0,0,0,0.007,171.8,168.1,21.7,0.129
101,2022,117,1800,0,14.67,1.057,0,2.462,0,0,0,0.006,167.8,51.38,6.856,0.133
101,2022,117,1900,0,13.45,1.055,0,1.012,0,0,0,0.005,168.8,2.157,0,0
101,2022,117,2000,0,13.25,1.055,0,0.622,0,0,0,0.006,167.8,0,0,-7999
101,2022,117,2100,0,13.1,1.054,0,0.412,0,0,0,0.008,168.8,0,0,-7999
101,2022,117,2200,0,12.97,1.054,0,-1.788,0,0,0,0.008,168.8,0,0,-7999
101,2022,117,2300,0,12.87,1.054,0,-3.268,0,0,0,0.006,168.8,0,0,-7999
101,2022,118,000,0,12.8,1.053,0,-2.368,0,0,0,0.006,168.8,0,0,-7999
101,2022,118,100,0,12.75,1.053,0,-3.708,0,0,0,0.008,169.8,0,0,-7999
101,2022,118,200,0,12.71,1.053,0,-4.228,0,0,0,0.006,167.8,0,0,-7999
101,2022,118,300,0,12.68,1.053,0,-4.088,0,0,0,0.008,167.8,0,0,-7999
101,2022,118,400,0,12.66,1.053,0,-3.298,0,0,0,0.005,168.8,0,0,-7999
101,2022,118,500,0,12.62,1.054,0,-2.798,0,0,0,0.007,168.8,0.719,0,0
101,2022,118,600,0,12.75,1.055,0,-1.078,0,0,0,0.006,167.8,34.17,3.813,0.112
101,2022,118,700,0,13.02,1.054,0,-0.278,0,0,0,0.005,169.8,95.3,11.05,0.116
101,2022,118,800,0,14.18,1.055,0,2.012,0,0,0,0.008,171.8,229,25.15,0.11
101,2022,118,900,0,14.66,1.057,0,2.342,0,0,0,0.003,171.8,154.2,17.52,0.114
101,2022,118,1000,0,14.64,1.055,0,2.872,0,0,0,0.007,168.8,148,17.14,0.116
101,2022,118,1100,0,14.65,1.057,0,2.982,0,0,0,0.01,167.8,215.6,25.14,0.117
101,2022,118,1200,0,14.65,1.059,0,2.882,0,0,0,0.005,173.8,222.1,27.04,0.122
101,2022,118,1300,0,14.59,1.058,0,3.842,0,0,0,0.006,167.8,400.6,49.89,0.125
101,2022,118,1400,0,14.61,1.058,0,3.722,0,0,0,0.005,177.8,224.9,27.03,0.12
101,2022,118,1500,0,14.66,1.057,0,2.482,0,0,0,0.003,168.8,141.9,17.14,0.121
101,2022,118,1600,0,14.68,1.057,0,2.882,0,0,0,0.006,168.8,129.4,16,0.124
101,2022,118,1700,0,14.69,1.058,0,1.472,0,0,0,0.006,168.8,74.74,8.76,0.117
101,2022,118,1800,0,14.57,1.055,0,0.362,0,0,0,0.005,167.8,21.93,2.667,0.122
101,2022,118,1900,0,13.44,1.056,0,-0.258,0,0,0,0.006,167.8,1.079,0,0
101,2022,118,2000,0,13.25,1.054,0,-1.128,0,0,0,0.007,167.8,0,0,-7999
101,2022,118,2100,0,13.11,1.055,0,-1.548,0,0,0,0.006,168.8,0,0,-7999
101,2022,118,2200,0,12.98,1.054,0,-1.918,0,0,0,0.007,168.8,0,0,-7999
101,2022,118,2300,0,12.88,1.054,0,-1.788,0,0,0,0.007,168.8,0,0,-7999
101,2022,119,000,0,12.79,1.054,0,-2.108,0,0,0,0.008,168.8,0,0,-7999
101,2022,119,100,0,12.75,1.054,0,-2.108,0,0,0,0.008,169.8,0,0,-7999
101,2022,119,200,0,12.71,1.054,0,-2.038,0,0,0,0.006,168.8,0,0,-7999
101,2022,119,300,0,12.68,1.053,0,-2.468,0,0,0,0.007,168.8,0,0,-7999
101,2022,119,400,0,12.65,1.053,0,-2.388,0,0,0,0.008,172.8,0,0,-7999
101,2022,119,500,0,12.62,1.054,0,-2.288,0,0,0,0.01,167.8,2.518,0.381,0.151
101,2022,119,600,0,12.73,1.055,0,-1.318,0,0,0,0.008,168.8,14.75,1.525,0.103
101,2022,119,700,0,13.04,1.056,0,-0.028,0,0,0,0.009,168.8,98.2,10.29,0.105
101,2022,119,800,0,14.14,1.055,0,1.202,0,0,0,0.006,180.8,252,27.05,0.107
101,2022,119,900,0,14.66,1.055,0,3.062,0,0,0,0.001,176.8,462.8,52.18,0.113
101,2022,119,1000,0,14.66,1.057,0,3.502,0,0,0,0.007,167.8,156.3,17.9,0.115
101,2022,119,1100,0,14.6,1.056,0,5.832,0,0,0,0.006,184.8,548.9,63.59,0.116
101,2022,119,1200,0,14.5,1.059,0,6.912,0,0,0,0.007,188.8,529.7,64.33,0.121
101,2022,119,1300,0,14.44,1.058,0,8.63,0,0,0,0.008,171.8,480.4,59.75,0.124
101,2022,119,1400,0,14.42,1.06,0,9.2,0,0,0,-0.002,184.8,390.6,48.33,0.124
101,2022,119,1500,0,14.42,1.06,0,8.97,0,0,0,0.001,175.8,236.2,29.3,0.124
101,2022,119,1600,0,14.48,1.059,0,7.642,0,0,0,0.007,167.8,145.8,17.13,0.117
101,2022,119,1700,0,14.6,1.058,0,5.362,0,0,0,0.004,167.8,56.4,6.854,0.122
101,2022,119,1800,0,14.64,1.058,0,5.432,0,0,0,0.004,168.8,40.6,4.952,0.122
101,2022,119,1900,0,13.35,1.057,0,4.882,0,0,0,0.004,169.8,0.359,0,0
101,2022,119,2000,0,13.18,1.056,0,3.802,0,0,0,0.004,193.8,0,0,-7999
101,2022,119,2100,0,13.03,1.057,0,2.982,0,0,0,0.004,193.8,0,0,-7999
101,2022,119,2200,0,12.92,1.056,0.09,3.302,0,0,0,0.004,191.8,0,0,-7999
101,2022,119,2300,0,12.83,1.056,0,3.672,0,0,0,0.005,191.8,0,0,-7999
101,2022,120,000,0,12.77,1.057,0.02,3.252,0,0,0,0.005,191.8,0,0,-7999
101,2022,120,100,0,12.74,1.057,0.02,2.532,0,0,0,0.006,186.8,0,0,-7999
101,2022,120,200,0,12.71,1.056,0,2.612,0,0,0,0.005,189.8,0,0,-7999
101,2022,120,300,0,12.69,1.056,0,3.182,0,0,0,0.006,191.8,0,0,-7999
101,2022,120,400,0,12.66,1.056,0,3.432,0,0,0,0.007,191.8,0,0,-7999
101,2022,120,500,0,12.64,1.057,0,2.902,0,0,0,0.007,192.8,0.719,0,0
101,2022,120,600,0,12.71,1.056,0,2.382,0,0,0,0.005,191.8,17.61,1.524,0.087
101,2022,120,700,0,12.81,1.057,0.14,2.782,0,0,0,0.006,192.8,21.93,1.524,0.07
101,2022,120,800,0,13.14,1.058,0,2.702,0,0,0,0.008,178.8,20.49,1.524,0.074
101,2022,120,900,0,14.69,1.056,0,4.422,0,0,0,0.003,182.8,390,30.48,0.078
101,2022,120,1000,0,14.64,1.057,0,4.042,0,0,0,0.007,176.8,512.4,40.37,0.079
101,2022,120,1100,0,14.65,1.057,0,3.482,0,0,0,0.005,168.8,168.5,15.61,0.093
101,2022,120,1200,0,14.69,1.058,0,2.872,0,0,0,0.004,173.8,277.4,27.8,0.1
101,2022,120,1300,0,14.6,1.058,0,4.132,0,0,0,0.003,167.8,556.1,57.5,0.103
101,2022,120,1400,0,14.67,1.058,0,3.912,0,0,0,0.003,172.8,435.4,45.69,0.105
101,2022,120,1500,0,14.58,1.058,0,3.482,0,0,0,0.005,167.8,161.3,17.13,0.106
101,2022,120,1600,0,14.69,1.059,0,1.682,0,0,0,0.004,190.8,136.5,11.05,0.081
101,2022,120,1700,0,14.71,1.056,0,2.222,0,0,0,0.005,185.8,125.8,11.43,0.091
101,2022,120,1800,0,14.66,1.056,0,1.762,0,0,0,0.005,168.8,32.35,3.048,0.094
101,2022,120,1900,0,13.55,1.056,0,1.082,0,0,0,0.006,167.8,5.392,0.762,0.141
101,2022,120,2000,0,13.31,1.055,0,-0.098,0,0,0,0.005,168.8,0,0,-7999
101,2022,120,2100,0,13.16,1.055,0,-0.388,0,0,0,0.006,168.8,0,0,-7999
101,2022,120,2200,0,13.03,1.054,0,-0.788,0,0,0,0.006,173.8,0,0,-7999
101,2022,120,2300,0,12.91,1.054,0,-3.598,0,0,0,0.007,173.8,0,0,-7999
101,2022,121,000,0,12.82,1.053,0,-4.008,0,0,0,0.006,168.8,0,0,-7999
101,2022,121,100,0,12.76,1.053,0,-4.488,0,0,0,0.007,173.8,0,0,-7999
101,2022,121,200,0,12.72,1.053,0,-4.228,0,0,0,0.007,177.8,0,0,-7999
101,2022,121,300,0,12.69,1.054,0,-4.688,0,0,0,0.007,177.8,0,0,-7999
101,2022,121,400,0,12.66,1.053,0,-4.538,0,0,0,0.007,182.8,0,0,-7999
101,2022,121,500,0,12.63,1.054,0,-4.818,0,0,0,0.008,178.8,3.598,0.381,0.106
101,2022,121,600,0,12.75,1.053,0,-2.418,0,0,0,0.008,191.8,96.1,10.3,0.107
101,2022,121,700,0,13.12,1.056,0,0.922,0,0,0,0.007,169.8,103.9,8.39,0.081
101,2022,121,800,0,13.83,1.056,0,2.022,0,0,0,0.007,168.8,130.5,11.05,0.085
101,2022,121,900,0,14.65,1.056,0,4.152,0,0,0,0.009,172.8,177.2,14.47,0.082
101,2022,121,1000,0,14.61,1.056,0,5.282,0,0,0,0.006,167.8,201.5,17.13,0.085
101,2022,121,1100,0,14.53,1.057,0,7.232,0,0,0,-0.002,177.8,501.4,48.35,0.096
101,2022,121,1200,0,14.46,1.058,0,8.9,0,0,0,0.004,180.8,505.2,55.95,0.111
101,2022,121,1300,0,14.41,1.06,0,10.2,0,0,0,0,183.8,470.6,56.7,0.12
101,2022,121,1400,0,14.37,1.061,0,11.56,0,0,0,-0.002,180.8,442.2,54.03,0.122
101,2022,121,1500,0,14.33,1.062,0,12.75,0,0,0,0.005,176.8,260.6,31.96,0.123
101,2022,121,1600,0,14.38,1.061,0,12.37,0,0,0,0.006,167.8,252.3,30.82,0.122
101,2022,121,1700,0,14.39,1.06,0,12.54,0,0,0,0.006,168.8,99.8,12.18,0.122
101,2022,121,1800,0,14.5,1.059,0,11.65,0,0,0,0.006,168.8,94.4,12.18,0.129
101,2022,121,1900,0,13.35,1.058,0,7.492,0,0,0,0.005,168.8,3.592,0.381,0.106
101,2022,121,2000,0,13.14,1.057,0,5.782,0,0,0,0.005,169.8,0,0,-7999
101,2022,121,2100,0,13,1.057,0,4.282,0,0,0,0.012,169.8,0,0,-7999
101,2022,121,2200,0,12.89,1.055,0,2.432,0,0,0,0.007,177.8,0,0,-7999
101,2022,121,2300,0,12.81,1.055,0,1.982,0,0,0,0.006,172.8,0,0,-7999
101,2022,122,000,0,12.76,1.056,0,3.712,0,0,0,0.004,168.8,0,0,-7999
101,2022,122,100,0,12.73,1.056,0,6.102,0,0,0,0.006,173.8,0,0,-7999
101,2022,122,200,0,12.7,1.057,0,4.182,0,0,0,0.006,186.8,0,0,-7999
101,2022,122,300,0,12.68,1.056,0,0.642,0,0,0,0.007,186.8,0,0,-7999
101,2022,122,400,0,12.66,1.055,0,-0.268,0,0,0,0.007,191.8,0,0,-7999
101,2022,122,500,0,12.63,1.055,0,-1.318,0,0,0,0.008,183.8,0.719,0,0
101,2022,122,600,0,12.7,1.056,0,-1.278,0,0,0,0.008,187.8,23.73,2.287,0.096
101,2022,122,700,0,13.24,1.057,0,-0.608,0,0,0,0.01,183.8,138.4,14.1,0.102
101,2022,122,800,0,13.74,1.056,0,-0.438,0,0,0,0.006,178.8,301.3,27.82,0.092
101,2022,122,900,0,14.74,1.058,0,-0.328,0,0,0,0.007,181.8,308.8,29.72,0.096
101,2022,122,1000,0,14.73,1.057,0,0.052,0,0,0,0.001,168.8,496.4,50.68,0.102
101,2022,122,1100,0,14.71,1.059,0,0.862,0,0,0,0.01,177.8,607.1,68.2,0.112
101,2022,122,1200,0,14.68,1.06,0,1.872,0,0,0,0.009,187.8,591.9,75.81,0.128
101,2022,122,1300,0,14.71,1.06,0,0.062,0,0,0,0.004,173.8,388.8,46.09,0.119
101,2022,122,1400,0,14.71,1.056,0,-0.288,0,0,0,0.001,181.8,363.7,44.58,0.123
101,2022,122,1500,0,14.71,1.057,0,0.722,0,0,0,0.006,167.8,124.7,15.62,0.125
101,2022,122,1600,0,14.73,1.056,0,0.222,0,0,0,0.005,177.8,121.9,15.24,0.125
101,2022,122,1700,0,14.79,1.059,0,-0.418,0,0,0,0.009,191.8,91.7,11.05,0.121
101,2022,122,1800,0,14.63,1.056,0,-1.258,0,0,0,0.009,183.8,19.06,2.287,0.12
101,2022,122,1900,0,13.57,1.056,0,-1.508,0,0,0,0.009,186.8,4.315,0.381,0.088
101,2022,122,2000,0,13.34,1.055,0,-1.218,0,0,0,0.008,186.8,0,0,-7999
101,2022,122,2100,0,13.19,1.055,0,-1.188,0,0,0,0.007,182.8,0,0,-7999
101,2022,122,2200,0,13.06,1.056,0,-1.138,0,0,0,0.008,190.8,0,0,-7999
101,2022,122,2300,0,12.94,1.055,0,-1.228,0,0,0,0.008,186.8,0,0,-7999
101,2022,123,000,0,12.85,1.056,0,-1.368,0,0,0,0.008,176.8,0,0,-7999
101,2022,123,100,0,12.78,1.056,0,-1.158,0,0,0,0.008,181.8,0,0,-7999
101,2022,123,200,0,12.73,1.056,0,-1.238,0,0,0,0.009,181.8,0,0,-7999
101,2022,123,300,0,12.7,1.055,0,-1.468,0,0,0,0.008,191.8,0,0,-7999
101,2022,123,400,0,12.67,1.056,0,-1.778,0,0,0,0.008,172.8,0,0,-7999
101,2022,123,500,0,12.64,1.055,0,-1.778,0,0,0,0.009,181.8,5.036,0.763,0.151
101,2022,123,600,0,12.76,1.057,0,-1.158,0,0,0,0.009,182.8,80.2,9.15,0.114
101,2022,123,700,0,13.03,1.057,0,0.572,0,0,0,0.007,178.8,180.5,22.11,0.122
101,2022,123,800,0,13.4,1.056,0,2.622,0,0,0,0,181.8,276.1,27.81,0.101
101,2022,123,900,0,14.64,1.055,0,4.622,0,0,0,0.005,172.8,359.7,37.71,0.105
101,2022,123,1000,0,14.59,1.056,0,6.072,0,0,0,0.007,173.8,440,49.88,0.113
101,2022,123,1100,0,14.51,1.058,0,7.282,0,0,0,0.001,184.8,485.9,58.62,0.121
101,2022,123,1200,0,14.48,1.061,0,8.32,0,0,0,-0.001,180.8,499.8,63.18,0.126
101,2022,123,1300,0,14.45,1.06,0,9.27,0,0,0,-0.002,176.8,484.3,61.65,0.127
101,2022,123,1400,0,14.44,1.06,0,9.62,0,0,0,-0.002,176.8,443.8,55.94,0.126
101,2022,123,1500,0,14.42,1.06,0,10.82,0,0,0,-0.003,175.8,379.1,47.57,0.125
101,2022,123,1600,0,14.41,1.06,0,11.67,0,0,0,-0.001,171.8,281.8,35.77,0.127
101,2022,123,1700,0,14.42,1.06,0,11.22,0,0,0,0.005,167.8,200.3,27.02,0.135
101,2022,123,1800,0,14.48,1.059,0,10.55,0,0,0,0.006,167.8,86.2,12.56,0.146
101,2022,123,1900,0,13.48,1.058,0,7.312,0,0,0,0.006,168.8,6.105,0.761,0.125
101,2022,123,2000,0,13.21,1.056,0,3.232,0,0,0,0.008,176.8,0,0,-7999
101,2022,123,2100,0,13.05,1.054,0,1.712,0,0,0,0.004,181.8,0,0,-7999
101,2022,123,2200,0,12.93,1.055,0,1.642,0,0,0,0.007,174.8,0,0,-7999
101,2022,123,2300,0,12.83,1.054,0,1.982,0,0,0,0.012,169.8,0,0,-7999
101,2022,124,000,0,12.77,1.054,0,0.552,0,0,0,0.009,168.8,0,0,-7999
101,2022,124,100,0,12.73,1.054,0,2.842,0,0,0,0.007,173.8,0,0,-7999
101,2022,124,200,0,12.71,1.055,0,1.182,0,0,0,0.015,168.8,0,0,-7999
101,2022,124,300,0,12.68,1.054,0,2.842,0,0,0,0.008,168.8,0,0,-7999
101,2022,124,400,0,12.66,1.054,0,0.732,0,0,0,0.01,177.8,0,0,-7999
101,2022,124,500,0,12.63,1.055,0,3.232,0,0,0,0.009,168.8,4.315,0.381,0.088
101,2022,124,600,0,12.77,1.055,0,5.192,0,0,0,0.006,183.8,91.7,9.91,0.108
101,2022,124,700,0,13.07,1.057,0,9.09,0,0,0,0.008,167.8,183.3,24.38,0.133
101,2022,124,800,0,13.4,1.056,0,11.61,0,0,0,0.01,172.8,287.7,32.36,0.112
101,2022,124,900,0,14.45,1.057,0,11.65,0,0,0,0.008,167.8,345.4,39.2,0.113
101,2022,124,1000,0,14.42,1.058,0,13.81,0,0,0,0.008,183.8,444.8,51.38,0.115
101,2022,124,1100,0,14.32,1.06,0,16.95,0,0,0,0.006,177.8,483.1,58.21,0.12
101,2022,124,1200,0,14.24,1.062,0,19.03,0,0,0,0.005,171.8,500.2,63.14,0.126
101,2022,124,1300,0,14.21,1.064,0,19.87,0,0,0,-0.011,177.8,496.9,63.13,0.127
101,2022,124,1400,0,14.24,1.062,0,18.46,0,0,0,0.004,180.8,441.4,55.54,0.126
101,2022,124,1500,0,14.23,1.062,0,18.74,0,0,0,0.001,171.8,362.4,45.64,0.126
101,2022,124,1600,0,14.3,1.062,0,17.33,0,0,0,0.003,172.8,239.4,30.44,0.127
101,2022,124,1700,0,14.38,1.06,0,15.55,0,0,0,0.004,168.8,62.82,7.61,0.121
101,2022,124,1800,0,13.92,1.058,0,13.83,0,0,0,0.005,177.8,24.77,3.425,0.138
101,2022,124,1900,0,13.26,1.058,0,12.11,0,0,0,0.005,185.8,3.232,0.381,0.118
101,2022,124,2000,0,13.06,1.056,0,11.14,0,0,0,0.005,186.8,0,0,-7999
101,2022,124,2100,0,12.93,1.056,0,10.15,0,0,0,0.007,185.8,0,0,-7999
101,2022,124,2200,0,12.83,1.057,0,9.1,0,0,0,0.006,191.8,0,0,-7999
101,2022,124,2300,0,12.79,1.056,0,8.21,0,0,0,0.008,191.8,0,0,-7999
101,2022,125,000,0,12.75,1.056,0,8.09,0,0,0,0.007,190.8,0,0,-7999
101,2022,125,100,0,12.73,1.056,0,7.172,0,0,0,0.006,190.8,0,0,-7999
101,2022,125,200,0,12.71,1.056,0,6.872,0,0,0,0.006,191.8,0,0,-7999
101,2022,125,300,0,12.69,1.056,0,6.412,0,0,0,0.006,190.8,0,0,-7999
101,2022,125,400,0,12.68,1.056,0,6.412,0,0,0,0.007,191.8,0,0,-7999
101,2022,125,500,0,12.65,1.057,0,5.972,0,0,0,0.006,190.8,1.078,0,0
101,2022,125,600,0,12.69,1.056,0,4.922,0,0,0,0.006,190.8,9.7,1.143,0.118
101,2022,125,700,0,12.74,1.056,0,4.092,0,0,0,0.007,190.8,17.25,1.524,0.088
101,2022,125,800,0,12.97,1.056,0,3.472,0,0,0,0.009,171.8,48.17,4.191,0.087
101,2022,125,900,0,13.75,1.056,0,4.112,0,0,0,0.007,184.8,143.8,11.81,0.082
101,2022,125,1000,0,14.66,1.058,0,6.432,0,0,0,0.004,186.8,504.2,46.47,0.092
101,2022,125,1100,0,14.63,1.058,0,6.082,0,0,0,0.008,191.8,513.4,54.46,0.106
101,2022,125,1200,0,14.62,1.059,0,4.982,0,0,0,0.008,185.8,98.8,9.9,0.1
101,2022,125,1300,0,14.65,1.057,0,5.302,0,0,0,0.002,186.8,569.9,47.23,0.083
101,2022,125,1400,0,14.64,1.058,0.18,5.122,0,0,0,0.007,191.8,139.4,10.66,0.076
101,2022,125,1500,0,14.62,1.059,0,5.242,0,0,0,0.007,183.8,277.8,22.47,0.081
101,2022,125,1600,0,14.65,1.059,0,5.982,0,0,0,0.005,186.8,282,28.18,0.1
101,2022,125,1700,0,14.61,1.056,0,5.492,0,0,0,0.008,187.8,63.58,6.473,0.102
101,2022,125,1800,0,14.66,1.057,0,4.572,0,0,0,0.007,187.8,31.26,3.047,0.097
101,2022,125,1900,0,13.44,1.056,0,4.172,0,0,0,0.007,191.8,4.313,0.381,0.088
101,2022,125,2000,0,13.23,1.058,0,4.072,0,0,0,0.007,187.8,0,0,-7999
101,2022,125,2100,0,13.08,1.056,0,4.202,0,0,0,0.009,174.8,0,0,-7999
101,2022,125,2200,0,12.96,1.056,0.03,3.862,0,0,0,0.007,192.8,0,0,-7999
101,2022,125,2300,0,12.86,1.056,0.11,4.212,0,0,0,0.009,186.8,0,0,-7999
101,2022,126,000,0,12.79,1.055,0,4.382,0,0,0,0.009,199.8,0,0,-7999
101,2022,126,100,0,12.75,1.056,0.05,4.352,0,0,0,0.01,200.8,0,0,-7999
101,2022,126,200,0,12.72,1.056,0,4.242,0,0,0,0.009,202.8,0,0,-7999
101,2022,126,300,0,12.7,1.056,0.02,4.342,0,0,0,0.006,208.8,0,0,-7999
101,2022,126,400,0,12.67,1.055,0,4.702,0,0,0,0.009,210.8,0,0,-7999
101,2022,126,500,0,12.65,1.056,0,4.232,0,0,0,0.008,210.8,5.751,0.381,0.066
101,2022,126,600,0,12.81,1.059,0,6.262,0,0,0,0.009,192.8,99.6,9.14,0.092
101,2022,126,700,0,13.23,1.058,0,6.812,0,0,0,0.009,176.8,205.9,20.95,0.102
101,2022,126,800,0,13.77,1.058,0,8.41,0,0,0,0.007,182.8,301.4,27.04,0.09
101,2022,126,900,0,14.56,1.059,0,9.4,0,0,0,0.008,187.8,116.7,11.42,0.098
101,2022,126,1000,0,14.56,1.059,0,8.31,0,0,0,0.008,189.8,147.3,14.47,0.098
101,2022,126,1100,0,14.63,1.057,0.2,5.562,0,0,0,0.004,179.8,423.6,31.99,0.076
101,2022,126,1200,0,14.65,1.057,0,5.142,0,0,0,0.008,184.8,119.3,8.76,0.073
101,2022,126,1300,0,14.63,1.059,0.2,6.422,0,0,0,0.002,184.8,592.5,46.08,0.078
101,2022,126,1400,0,14.58,1.06,0,6.542,0,0,0,0.007,183.8,460.5,42.27,0.092
101,2022,126,1500,0,14.64,1.057,0.02,4.642,0,0,0,0.006,185.8,130.4,9.9,0.076
101,2022,126,1600,0,14.7,1.056,0,3.792,0,0,0,0.007,185.8,85.9,6.475,0.075
101,2022,126,1700,0,14.71,1.056,0,3.742,0,0,0,0.008,170.8,75.84,6.096,0.08
101,2022,126,1800,0,14.71,1.058,0,3.392,0,0,0,0.009,179.8,42.06,3.81,0.091
101,2022,126,1900,0,13.41,1.056,0,0.402,0,0,0,0.009,178.8,4.313,0.381,0.088
101,2022,126,2000,0,13.21,1.055,0,0.832,0,0,0,0.009,184.8,0,0,-7999
101,2022,126,2100,0,13.08,1.054,0,0.502,0,0,0,0.01,179.8,0,0,-7999
101,2022,126,2200,0,12.95,1.055,0.04,0.702,0,0,0,0.009,182.8,0,0,-7999
101,2022,126,2300,0,12.86,1.056,0,1.072,0,0,0,0.011,186.8,0,0,-7999
101,2022,127,000,0,12.78,1.055,0,0.852,0,0,0,0.011,181.8,0,0,-7999
101,2022,127,100,0,12.74,1.058,0.09,0.292,0,0,0,0.011,177.8,0,0,-7999
101,2022,127,200,0,12.71,1.056,0,0.512,0,0,0,0.011,186.8,0,0,-7999
101,2022,127,300,0,12.68,1.056,0,0.382,0,0,0,0.011,181.8,0,0,-7999
101,2022,127,400,0,12.66,1.059,0,0.502,0,0,0,0.016,199.8,0,0,-7999
101,2022,127,500,0,12.62,1.056,0,-0.418,0,0,0,0.01,186.8,1.438,0,0
101,2022,127,600,0,12.63,1.055,0.05,-0.978,0,0,0,0.009,229.8,10.43,0.762,0.073
101,2022,127,700,0,13.21,1.056,0,-0.328,0,0,0,0.006,247.8,75.15,5.717,0.076
101,2022,127,800,0,14.77,1.056,0,-0.378,0,0,0,0.009,200.8,119.4,9.15,0.077
101,2022,127,900,0,14.72,1.056,0,1.322,0,0,0,0.007,175.8,371,30.1,0.081
101,2022,127,1000,0,14.72,1.056,0,0.592,0,0,0,0.009,179.8,115.4,10.29,0.089
101,2022,127,1100,0,14.69,1.057,0,1.332,0,0,0,0.008,183.8,285.7,26.29,0.092
101,2022,127,1200,0,14.67,1.056,0,0.642,0,0,0,0.008,186.8,264.8,25.14,0.095
101,2022,127,1300,0,14.64,1.057,0,2.032,0,0,0,-0.001,172.8,492.3,49.9,0.101
101,2022,127,1400,0,14.64,1.057,0,1.402,0,0,0,-0.002,176.8,555.1,58.27,0.105
101,2022,127,1500,0,14.66,1.058,0,0.812,0,0,0,0.006,177.8,451,48.37,0.107
101,2022,127,1600,0,14.68,1.056,0,0.722,0,0,0,0.003,173.8,311.9,33.9,0.109
101,2022,127,1700,0,14.72,1.055,0,-1.068,0,0,0,0.006,169.8,54.27,5.333,0.098
101,2022,127,1800,0,13.62,1.056,0,-2.578,0,0,0,0.008,191.8,21.21,3.049,0.144
101,2022,127,1900,0,13.61,1.055,0,-2.458,0,0,0,0.009,186.8,9.35,1.143,0.122
101,2022,127,2000,0,13.33,1.054,0,-3.118,0,0,0,0.009,186.8,0,0,-7999
101,2022,127,2100,0,13.18,1.054,0,-3.318,0,0,0,0.011,215.8,0,0,-7999
101,2022,127,2200,0,13.04,1.053,0,-3.578,0,0,0,0.015,194.8,0,0,-7999
101,2022,127,2300,0,12.93,1.055,0,-3.798,0,0,0,0.016,193.8,0,0,-7999
101,2022,128,000,0,12.83,1.053,0,-4.398,0,0,0,0.011,199.8,0,0,-7999
101,2022,128,100,0,12.76,1.053,0,-4.358,0,0,0,0.012,210.8,0,0,-7999
101,2022,128,200,0,12.71,1.053,0,-4.718,0,0,0,0.012,211.8,0,0,-7999
101,2022,128,300,0,12.68,1.052,0,-5.488,0,0,0,0.014,207.8,0,0,-7999
101,2022,128,400,0,12.65,1.053,0,-4.558,0,0,0,0.009,212.8,0,0,-7999
101,2022,128,500,0,12.63,1.053,0,-4.468,0,0,0,0.012,213.8,6.837,3.814,0.558
101,2022,128,600,0,12.76,1.053,0,-3.768,0,0,0,0.011,231.8,42.81,22.5,0.526
101,2022,128,700,0,13.06,1.054,0,-3.738,0,0,0,0.013,224.8,34.89,17.92,0.514
101,2022,128,800,0,13.4,1.055,0,-3.458,0,0,0,0.014,214.8,70.14,39.27,0.56
101,2022,128,900,0,14.79,1.056,0,-3.228,0,0,0,0.012,241.8,81.6,45.36,0.556
101,2022,128,1000,0,14.75,1.055,0,-1.188,0,0,0,0.018,211.8,235.5,72.41,0.307
101,2022,128,1100,0,14.69,1.055,0,-0.908,0,0,0,0.017,198.8,557.4,50.29,0.09
101,2022,128,1200,0,14.78,1.056,0,-2.648,0,0,0,0.014,200.8,100.6,9.53,0.095
101,2022,128,1300,0,14.74,1.056,0,-0.428,0,0,0,0.007,208.8,273.2,26.29,0.096
101,2022,128,1400,0,14.66,1.056,0,-0.018,0,0,0,0.012,190.8,503.8,52.56,0.104
101,2022,128,1500,0,14.72,1.056,0,-0.878,0,0,0,0.01,202.8,212,21.71,0.102
101,2022,128,1600,0,14.72,1.056,0,0.052,0,0,0,0.013,198.8,323.5,33.91,0.105
101,2022,128,1700,0,14.73,1.056,0,-1.778,0,0,0,0.012,199.8,188.7,21.34,0.113
101,2022,128,1800,0,14.73,1.056,0,-1.338,0,0,0,0.012,192.8,141.3,17.15,0.121
101,2022,128,1900,0,13.7,1.054,0,-3.158,0,0,0,0.015,191.8,7.191,0.762,0.106
101,2022,128,2000,0,13.4,1.054,0,-3.558,0,0,0,0.016,191.8,0,0,-7999
101,2022,128,2100,0,13.24,1.053,0,-3.598,0,0,0,0.015,195.8,0,0,-7999
101,2022,128,2200,0,13.1,1.053,0,-3.508,0,0,0,0.015,196.8,0,0,-7999
101,2022,128,2300,0,12.98,1.055,0,-3.528,0,0,0,0.017,191.8,0,0,-7999
101,2022,129,000,0,12.87,1.053,0,-3.518,0,0,0,0.016,192.8,0,0,-7999
101,2022,129,100,0,12.79,1.053,0,-3.828,0,0,0,0.016,191.8,0,0,-7999
101,2022,129,200,0,12.73,1.053,0,-4.198,0,0,0,0.016,191.8,0,0,-7999
101,2022,129,300,0,12.69,1.053,0,-4.358,0,0,0,0.017,191.8,0,0,-7999
101,2022,129,400,0,12.65,1.052,0,-5.078,0,0,0,0.019,191.8,0,0,-7999
101,2022,129,500,0,12.62,1.052,0,-5.098,0,0,0,0.017,191.8,5.757,0.763,0.132
101,2022,129,600,0,12.76,1.051,0,-4.288,0,0,0,0.016,196.8,103.6,12.59,0.121
101,2022,129,700,0,13.16,1.052,0,-2.648,0,0,0,0.01,187.8,231.3,25.54,0.11
101,2022,129,800,0,13.92,1.054,0,-2.448,0,0,0,0.007,192.8,250.2,22.48,0.09
101,2022,129,900,0,14.75,1.056,0,-1.038,0,0,0,0.014,178.8,513,46.1,0.09
101,2022,129,1000,0,14.71,1.056,0,-0.358,0,0,0,0.015,187.8,136.9,13.33,0.097
101,2022,129,1100,0,14.67,1.056,0,0.582,0,0,0,0.01,198.8,200.9,20.95,0.104
101,2022,129,1200,0,14.64,1.056,0,1.762,0,0,0,0.011,190.8,585.3,68.17,0.116
101,2022,129,1300,0,14.61,1.056,0,1.442,0,0,0,0.014,194.8,218.8,26.27,0.12
101,2022,129,1400,0,14.59,1.056,0,1.982,0,0,0,0.005,197.8,494.6,61.68,0.125
101,2022,129,1500,0,14.63,1.057,0,1.942,0,0,0,0.011,187.8,252.5,30.46,0.121
101,2022,129,1600,0,14.65,1.058,0,2.052,0,0,0,0.012,205.8,369,45.71,0.124
101,2022,129,1700,0,14.63,1.057,0,1.892,0,0,0,0.012,192.8,167.8,21.33,0.127
101,2022,129,1800,0,14.69,1.056,0,1.692,0,0,0,0.015,183.8,73.3,9.14,0.125
101,2022,129,1900,0,13.7,1.056,0,-0.408,0,0,0,0.015,187.8,9.71,1.524,0.157
101,2022,129,2000,0,13.35,1.054,0,-2.168,0,0,0,0.015,191.8,0,0,-7999
101,2022,129,2100,0,13.19,1.053,0,-1.878,0,0,0,0.014,192.8,0,0,-7999
101,2022,129,2200,0,13.06,1.053,0,-2.848,0,0,0,0.017,178.8,0,0,-7999
101,2022,129,2300,0,12.94,1.053,0,-5.748,0,0,0,0.016,183.8,0,0,-7999
101,2022,130,000,0,12.84,1.052,0,-5.028,0,0,0,0.01,183.8,0,0,-7999
101,2022,130,100,0,12.77,1.052,0,-5.558,0,0,0,0.014,179.8,0,0,-7999
101,2022,130,200,0,12.72,1.051,0,-5.428,0,0,0,0.018,183.8,0,0,-7999
101,2022,130,300,0,12.67,1.051,0,-6.208,0,0,0,0.021,184.8,0,0,-7999
101,2022,130,400,0,12.64,1.05,0,-5.078,0,0,0,0.015,175.8,0,0,-7999
101,2022,130,500,0,12.61,1.05,0,-5.548,0,0,0,0.016,184.8,5.759,0.763,0.133
101,2022,130,600,0,12.77,1.051,0,-3.048,0,0,0,0.012,178.8,97.5,12.59,0.129
101,2022,130,700,0,13.01,1.054,0,0.082,0,0,0,0.017,187.8,196.7,23.25,0.118
101,2022,130,800,0,13.33,1.054,0,1.672,0,0,0,0.021,183.8,300.1,29.72,0.099
101,2022,130,900,0,14.66,1.054,0,2.002,0,0,0,0.015,214.8,429.8,42.28,0.098
101,2022,130,1000,0,14.63,1.056,0,2.982,0,0,0,0.018,170.8,104.9,11.04,0.105
101,2022,130,1100,0,14.66,1.056,0,2.682,0,0,0,0.017,178.8,76.54,7.999,0.105
