101,2022,201,1300,0,14.02,1.07,0,28.25,0,0,0,-0.003,167.8,503.7,73.78,0.146
101,2022,201,1400,0,14.02,1.072,0,28.58,0,0,0,-0.001,175.8,470.7,71.5,0.152
101,2022,201,1500,0,14.02,1.071,0,27.73,0,0,0,0.007,176.8,413.7,65.03,0.157
101,2022,201,1600,0,14.05,1.07,0,28.04,0,0,0,0.002,168.8,331.5,56.67,0.171
101,2022,201,1700,0,14.11,1.066,0,26.93,0,0,0,0.008,185.8,231.1,43.36,0.188
101,2022,201,1800,0,14.13,1.064,0,25.28,0,0,0,0.008,184.8,132.8,29.67,0.223
101,2022,201,1900,0,13.54,1.063,0,23.2,0,0,0,0.011,178.8,34.46,6.468,0.188
101,2022,201,2000,0,13,1.06,0,21,0,0,0,0.009,190.8,0.359,0.38,1.06
101,2022,201,2100,0,12.84,1.058,0,19.9,0,0,0,0.01,181.8,0,0,-7999
101,2022,201,2200,0,12.77,1.057,0,19.02,0,0,0,0.011,190.8,0,0,-7999
101,2022,201,2300,0,12.75,1.057,0,17.34,0,0,0,0.009,178.8,0,0,-7999
101,2022,202,000,0,12.74,1.057,0,16.48,0,0,0,0.01,182.8,0,0,-7999
101,2022,202,100,0,12.72,1.056,0,14.88,0,0,0,0.012,191.8,0,0,-7999
101,2022,202,200,0,12.7,1.056,0,11.98,0,0,0,0.012,191.8,0,0,-7999
101,2022,202,300,0,12.68,1.054,0,15.4,0,0,0,0.02,190.8,0,0,-7999
101,2022,202,400,0,12.66,1.055,0,13.99,0,0,0,0.012,186.8,0,0,-7999
101,2022,202,500,0,12.65,1.055,0,10.33,0,0,0,0.025,191.8,5.748,0.762,0.133
101,2022,202,600,0,12.82,1.055,0,13.26,0,0,0,0.009,186.8,97,19.8,0.204
101,2022,202,700,0,13.07,1.055,0,19.83,0,0,0,0.011,189.8,193.2,36.54,0.189
101,2022,202,800,0,13.3,1.057,0,22.38,0,0,0,0.007,180.8,291.5,47.18,0.162
101,2022,202,900,0,14.21,1.06,0,23.97,0,0,0,0.009,190.8,376.9,57.07,0.151
101,2022,202,1000,0,14.14,1.062,0,25.39,0,0,0,0.013,181.8,446.3,63.89,0.143
101,2022,202,1100,0,14.08,1.066,0,26.44,0,0,0,0.008,167.8,489.4,68.46,0.14
101,2022,202,1200,0,14.03,1.07,0,27.06,0,0,0,0.006,167.8,503.7,71.88,0.143
101,2022,202,1300,0,14.02,1.07,0,27.46,0,0,0,0.003,167.8,499.4,73.78,0.148
101,2022,202,1400,0,14.04,1.07,0,27.32,0,0,0,0.006,175.8,465.4,70.74,0.152
101,2022,202,1500,0,14.09,1.068,0,27.2,0,0,0,0.001,176.8,409.4,65.42,0.16
101,2022,202,1600,0,14.08,1.067,0,25.58,0,0,0,0.004,177.8,325.1,55.53,0.171
101,2022,202,1700,0,14.15,1.068,0,24.02,0,0,0,0.007,177.8,236.1,44.88,0.19
101,2022,202,1800,0,14.22,1.062,0,22.66,0,0,0,0.01,186.8,145.3,31.95,0.22
101,2022,202,1900,0,13.64,1.06,0,19.95,0,0,0,0.009,177.8,37.33,7.609,0.204
101,2022,202,2000,0,13.02,1.057,0,17.43,0,0,0,0.007,189.8,1.077,0.381,0.353
101,2022,202,2100,0,12.87,1.056,0,15.79,0,0,0,0.015,186.8,0,0,-7999
101,2022,202,2200,0,12.78,1.056,0,14.43,0,0,0,0.01,186.8,0,0,-7999
101,2022,202,2300,0,12.75,1.054,0,13.17,0,0,0,0.008,190.8,0,0,-7999
101,2022,203,000,0,12.73,1.056,0,12.52,0,0,0,0.011,186.8,0,0,-7999
101,2022,203,100,0,12.72,1.056,0,10.82,0,0,0,0.011,187.8,0,0,-7999
101,2022,203,200,0,12.7,1.057,0,10.88,0,0,0,0.011,187.8,0,0,-7999
101,2022,203,300,0,12.69,1.055,0,9.93,0,0,0,0.009,187.8,0,0,-7999
101,2022,203,400,0,12.66,1.055,0,9.68,0,0,0,0.011,182.8,0,0,-7999
101,2022,203,500,0,12.65,1.054,0,10.05,0,0,0,0.013,175.8,5.749,0.762,0.133
101,2022,203,600,0,12.81,1.056,0,10.4,0,0,0,0.011,179.8,94.1,19.04,0.202
101,2022,203,700,0,13.07,1.058,0,12.11,0,0,0,0.01,178.8,191.1,36.17,0.189
101,2022,203,800,0,13.32,1.056,0,14.16,0,0,0,0.01,186.8,289.1,46.82,0.162
101,2022,203,900,0,14.37,1.056,0,16.51,0,0,0,0.004,182.8,377.7,57.09,0.151
101,2022,203,1000,0,14.32,1.058,0,18.57,0,0,0,0.009,167.8,445.1,64.69,0.145
101,2022,203,1100,0,14.24,1.061,0,19.7,0,0,0,0.01,175.8,491,70,0.143
101,2022,203,1200,0,14.16,1.066,0,21.65,0,0,0,0.012,175.8,507.4,73.03,0.144
101,2022,203,1300,0,14.12,1.067,0,22.96,0,0,0,0.013,181.8,499.8,73.78,0.148
101,2022,203,1400,0,14.1,1.067,0,23.43,0,0,0,0.008,187.8,466.4,70.74,0.152
101,2022,203,1500,0,14.08,1.068,0,23.68,0,0,0,-0.003,168.8,405.4,64.65,0.159
101,2022,203,1600,0,14.12,1.067,0,23.23,0,0,0,0.001,168.8,323.6,55.53,0.172
101,2022,203,1700,0,14.18,1.063,0,21.68,0,0,0,0.004,173.8,227.5,43.36,0.191
101,2022,203,1800,0,14.22,1.063,0,20.09,0,0,0,0.008,173.8,129.2,28.91,0.224
101,2022,203,1900,0,13.6,1.058,0,18.16,0,0,0,0.01,185.8,17.95,6.468,0.36
101,2022,203,2000,0,13.04,1.057,0,14.83,0,0,0,0.01,191.8,0.359,0,0
101,2022,203,2100,0,12.89,1.056,0,12.05,0,0,0,0.014,190.8,0,0,-7999
101,2022,203,2200,0,12.79,1.055,0,11.98,0,0,0,0.009,189.8,0,0,-7999
101,2022,203,2300,0,12.75,1.055,0,10.39,0,0,0,0.014,190.8,0,0,-7999
101,2022,204,000,0,12.73,1.055,0,9.13,0,0,0,0.014,181.8,0,0,-7999
101,2022,204,100,0,12.71,1.054,0,7.392,0,0,0,0.015,182.8,0,0,-7999
101,2022,204,200,0,12.69,1.052,0,5.772,0,0,0,0.019,193.8,0,0,-7999
101,2022,204,300,0,12.65,1.051,0,5.182,0,0,0,0.012,190.8,0,0,-7999
101,2022,204,400,0,12.63,1.052,0,4.772,0,0,0,0.018,186.8,0,0,-7999
101,2022,204,500,0,12.62,1.052,0,4.322,0,0,0,0.014,191.8,5.394,0.762,0.141
101,2022,204,600,0,12.79,1.052,0,8.96,0,0,0,0.012,178.8,92.4,19.05,0.206
101,2022,204,700,0,13.06,1.055,0,15.2,0,0,0,0.011,191.8,187.9,36.17,0.193
101,2022,204,800,0,13.34,1.056,0,16.48,0,0,0,0.008,191.8,284,46.43,0.163
101,2022,204,900,0,14.31,1.055,0,18.51,0,0,0,0.004,177.8,370.1,55.93,0.151
101,2022,204,1000,0,14.25,1.059,0,20.46,0,0,0,0.002,176.8,441.1,63.92,0.145
101,2022,204,1100,0,14.18,1.062,0,22.09,0,0,0,0.005,180.8,484.8,68.85,0.142
101,2022,204,1200,0,14.13,1.065,0,23.93,0,0,0,0.015,179.8,502,72.26,0.144
101,2022,204,1300,0,14.07,1.067,0,24.45,0,0,0,-0.001,171.8,491.9,72.26,0.147
101,2022,204,1400,0,14.06,1.068,0,24.26,0,0,0,0.011,185.8,461.4,70.74,0.153
101,2022,204,1500,0,14.07,1.068,0,24.62,0,0,0,-0.004,167.8,401.1,63.89,0.159
101,2022,204,1600,0,14.07,1.066,0,24,0,0,0,0.005,173.8,322.6,55.53,0.172
101,2022,204,1700,0,14.2,1.064,0,22.54,0,0,0,0.007,181.8,228.2,44.12,0.193
101,2022,204,1800,0,14.2,1.061,0,21.08,0,0,0,0.009,189.8,129.2,29.67,0.23
101,2022,204,1900,0,13.57,1.059,0,19.16,0,0,0,0.012,190.8,20.1,6.468,0.322
101,2022,204,2000,0,13.03,1.056,0,14.78,0,0,0,0.013,186.8,0.359,0,0
101,2022,204,2100,0,12.89,1.055,0,10.73,0,0,0,0.007,190.8,0,0,-7999
101,2022,204,2200,0,12.79,1.054,0,9.08,0,0,0,0.012,182.8,0,0,-7999
101,2022,204,2300,0,12.74,1.053,0,8.08,0,0,0,0.012,190.8,0,0,-7999
101,2022,205,000,0,12.72,1.053,0,7.162,0,0,0,0.013,191.8,0,0,-7999
101,2022,205,100,0,12.7,1.052,0,6.682,0,0,0,0.012,191.8,0,0,-7999
101,2022,205,200,0,12.68,1.052,0,6.462,0,0,0,0.016,191.8,0,0,-7999
101,2022,205,300,0,12.66,1.053,0,5.842,0,0,0,0.013,191.8,0,0,-7999
101,2022,205,400,0,12.63,1.052,0,6.092,0,0,0,0.016,168.8,0,0,-7999
101,2022,205,500,0,12.61,1.052,0,6.332,0,0,0,0.011,190.8,5.393,0.762,0.141
101,2022,205,600,0,12.78,1.054,0,10.45,0,0,0,0.01,189.8,90.6,19.05,0.21
101,2022,205,700,0,13.05,1.056,0,17.72,0,0,0,0.014,190.8,185,35.79,0.193
101,2022,205,800,0,13.35,1.056,0,20.11,0,0,0,0.014,185.8,281.1,46.05,0.164
101,2022,205,900,0,14.23,1.058,0,21.7,0,0,0,0.006,176.8,367.2,55.55,0.151
101,2022,205,1000,0,14.23,1.062,0,22.73,0,0,0,0.007,176.8,436.4,63.15,0.145
101,2022,205,1100,0,14.15,1.063,0,23.56,0,0,0,0.008,171.8,482.9,69.22,0.143
101,2022,205,1200,0,14.07,1.066,0,24.91,0,0,0,0.01,179.8,502.3,72.26,0.144
101,2022,205,1300,0,14.06,1.068,0,25.44,0,0,0,0.008,179.8,494.8,72.26,0.146
101,2022,205,1400,0,14.04,1.068,0,26.33,0,0,0,0.004,167.8,459.3,69.22,0.151
101,2022,205,1500,0,14.02,1.069,0,26.95,0,0,0,0.007,175.8,401.1,62.37,0.155
101,2022,205,1600,0,14.04,1.068,0,27.1,0,0,0,0.012,170.8,321.5,54.77,0.17
101,2022,205,1700,0,14.03,1.065,0,27.75,0,0,0,0.014,167.8,226,43.36,0.192
101,2022,205,1800,0,14.11,1.064,0,26.89,0,0,0,0.012,167.8,127,28.9,0.228
101,2022,205,1900,0,13.52,1.062,0,25.56,0,0,0,0.02,182.8,25.83,6.466,0.25
101,2022,205,2000,0,13,1.058,0,17.92,0,0,0,0.012,173.8,0.359,0,0
101,2022,205,2100,0,12.85,1.057,0,15.63,0,0,0,0.01,177.8,0,0,-7999
101,2022,205,2200,0,12.78,1.056,0,14.58,0,0,0,0.017,191.8,0,0,-7999
101,2022,205,2300,0,12.75,1.056,0,13.25,0,0,0,0.012,191.8,0,0,-7999
101,2022,206,000,0,12.73,1.055,0,12.43,0,0,0,0.013,189.8,0,0,-7999
101,2022,206,100,0,12.71,1.056,0,11.81,0,0,0,0.012,182.8,0,0,-7999
101,2022,206,200,0,12.69,1.054,0,10.99,0,0,0,0.013,186.8,0,0,-7999
101,2022,206,300,0,12.66,1.054,0,10.37,0,0,0,0.013,190.8,0,0,-7999
101,2022,206,400,0,12.64,1.054,0,10.4,0,0,0,0.013,190.8,0,0,-7999
101,2022,206,500,0,12.63,1.054,0,10.39,0,0,0,0.014,191.8,4.312,0.762,0.177
101,2022,206,600,0,12.79,1.055,0,13.28,0,0,0,0.009,190.8,89.8,19.42,0.216
101,2022,206,700,0,13.06,1.058,0,21.15,0,0,0,0.013,185.8,184.2,36.54,0.198
101,2022,206,800,0,13.33,1.058,0,22.85,0,0,0,0.011,181.8,280,46.8,0.167
101,2022,206,900,0,14.18,1.06,0,24.62,0,0,0,0.014,167.8,367.5,56.3,0.153
101,2022,206,1000,0,14.13,1.064,0,26.24,0,0,0,0.012,181.8,434.9,63.13,0.145
101,2022,206,1100,0,14.06,1.067,0,27.54,0,0,0,0.014,167.8,479.3,68.46,0.143
101,2022,206,1200,0,14.01,1.07,0,29,0,0,0,0.003,167.8,499.8,71.5,0.143
101,2022,206,1300,0,13.97,1.071,0,30.4,0,0,0,-0.001,178.8,493,72.26,0.147
101,2022,206,1400,0,13.93,1.074,0,30.78,0,0,0,0.006,179.8,458.2,69.6,0.152
101,2022,206,1500,0,13.91,1.074,0,31,0,0,0,0,179.8,397.9,63.13,0.159
101,2022,206,1600,0,13.94,1.071,0,31.51,0,0,0,0.005,176.8,317.5,54.39,0.171
101,2022,206,1700,0,13.94,1.07,0,30.96,0,0,0,0.007,167.8,222.1,42.98,0.194
101,2022,206,1800,0,14.03,1.067,0,30.55,0,0,0,0.013,167.8,124.1,28.9,0.233
101,2022,206,1900,0,13.4,1.063,0,28.37,0,0,0,0.013,185.8,31.57,6.465,0.205
101,2022,206,2000,0,12.93,1.06,0,20.24,0,0,0,0.015,181.8,0.359,0.38,1.06
101,2022,206,2100,0,12.8,1.058,0,17.6,0,0,0,0.01,190.8,0,0,-7999
101,2022,206,2200,0,12.76,1.057,0,16.62,0,0,0,0.01,185.8,0,0,-7999
101,2022,206,2300,0,12.75,1.056,0,16.38,0,0,0,0.012,187.8,0,0,-7999
101,2022,207,000,0,12.74,1.056,0,15.41,0,0,0,0.013,190.8,0,0,-7999
101,2022,207,100,0,12.72,1.056,0,15.15,0,0,0,0.013,191.8,0,0,-7999
101,2022,207,200,0,12.69,1.055,0,13.36,0,0,0,0.01,177.8,0,0,-7999
101,2022,207,300,0,12.67,1.055,0,13.19,0,0,0,0.012,182.8,0,0,-7999
101,2022,207,400,0,12.66,1.055,0,13.09,0,0,0,0.014,191.8,0,0,-7999
101,2022,207,500,0,12.65,1.055,0,12.76,0,0,0,0.013,190.8,6.108,1.142,0.187
101,2022,207,600,0,12.8,1.055,0,15.15,0,0,0,0.009,191.8,81.5,17.52,0.215
101,2022,207,700,0,13.1,1.057,0,23.08,0,0,0,0.013,191.8,172,34.63,0.201
101,2022,207,800,0,13.42,1.06,0,25.94,0,0,0,0.014,191.8,268.5,44.89,0.167
101,2022,207,900,0,14.11,1.061,0,26.76,0,0,0,0.011,186.8,353.8,54.77,0.155
101,2022,207,1000,0,14.08,1.065,0,28.46,0,0,0,0.005,181.8,425.2,62.37,0.147
101,2022,207,1100,0,14.02,1.068,0,29.3,0,0,0,0.006,172.8,472.2,67.7,0.143
101,2022,207,1200,0,13.96,1.071,0,31.34,0,0,0,-0.003,167.8,488.3,70.74,0.145
101,2022,207,1300,0,13.94,1.073,0,31.3,0,0,0,0.002,180.8,482.9,71.5,0.148
101,2022,207,1400,0,13.91,1.076,0,32.22,0,0,0,-0.003,176.8,447.8,67.7,0.151
101,2022,207,1500,0,13.9,1.076,0,32.22,0,0,0,-0.001,171.8,387.5,62.37,0.161
101,2022,207,1600,0,13.91,1.074,0,32.68,0,0,0,0.002,176.8,314.7,54.77,0.174
101,2022,207,1700,0,13.95,1.071,0,31.61,0,0,0,0.005,167.8,232.5,45.64,0.196
101,2022,207,1800,0,14.05,1.068,0,30.2,0,0,0,0.009,171.8,114.8,27,0.235
101,2022,207,1900,0,13.27,1.065,0,27.32,0,0,0,0.007,185.8,20.81,4.184,0.201
101,2022,207,2000,0,12.92,1.062,0,25.53,0,0,0,0.007,190.8,0.359,0.38,1.06
101,2022,207,2100,0,12.8,1.061,0,23.31,0,0,0,0.011,190.8,0,0,-7999
101,2022,207,2200,0,12.76,1.058,0,19.24,0,0,0,0.015,190.8,0,0,-7999
101,2022,207,2300,0,12.75,1.058,0,16.93,0,0,0,0.013,191.8,0,0,-7999
101,2022,208,000,0,12.74,1.058,0,16.36,0,0,0,0.012,186.8,0,0,-7999
101,2022,208,100,0,12.73,1.056,0,15.65,0,0,0,0.012,186.8,0,0,-7999
101,2022,208,200,0,12.71,1.056,0,14.43,0,0,0,0.012,189.8,0,0,-7999
101,2022,208,300,0,12.69,1.056,0,14.53,0,0,0,0.014,191.8,0,0,-7999
101,2022,208,400,0,12.68,1.055,0,14.12,0,0,0,0.015,191.8,0,0,-7999
101,2022,208,500,0,12.65,1.056,0,14.19,0,0,0,0.016,186.8,4.311,0.762,0.177
101,2022,208,600,0,12.9,1.055,0,19.39,0,0,0,0.005,191.8,104.2,21.32,0.205
101,2022,208,700,0,13.38,1.058,0,22.73,0,0,0,0.011,190.8,95.5,16.74,0.175
101,2022,208,800,0,13.73,1.06,0,23.96,0,0,0,0.008,191.8,231.1,39.57,0.171
101,2022,208,900,0,14.16,1.062,0,26.07,0,0,0,0.004,189.8,360.3,56.3,0.156
101,2022,208,1000,0,14.09,1.065,0,29.59,0,0,0,0.005,181.8,423.4,63.13,0.149
101,2022,208,1100,0,14,1.068,0,31.06,0,0,0,0.005,172.8,468.6,68.46,0.146
101,2022,208,1200,0,13.94,1.072,0,31.95,0,0,0,0.001,172.8,486.5,72.26,0.149
101,2022,208,1300,0,13.9,1.073,0,32.76,0,0,0,0.003,179.8,480.1,71.88,0.15
101,2022,208,1400,0,13.87,1.076,0,33.26,0,0,0,0.009,187.8,473.2,72.64,0.153
101,2022,208,1500,0,13.92,1.076,0,33.51,0,0,0,0.007,179.8,387.5,62.37,0.161
101,2022,208,1600,0,13.88,1.074,0,33.15,0,0,0,0.001,178.8,297.1,51.72,0.174
101,2022,208,1700,0,13.92,1.071,0,32.35,0,0,0,0.01,167.8,201.6,39.93,0.198
101,2022,208,1800,0,13.99,1.068,0,32.02,0,0,0,0.011,172.8,107.6,25.1,0.233
101,2022,208,1900,0,13.26,1.065,0,29.01,0,0,0,0.011,168.8,24.4,4.944,0.203
101,2022,208,2000,0,12.89,1.062,0,22.35,0,0,0,0.011,182.8,0.359,0.38,1.06
101,2022,208,2100,0,12.79,1.059,0,19.79,0,0,0,0.008,181.8,0,0,-7999
101,2022,208,2200,0,12.76,1.057,0,20.04,0,0,0,0.018,172.8,0,0,-7999
101,2022,208,2300,0,12.75,1.058,0,17.32,0,0,0,0.013,177.8,0,0,-7999
101,2022,209,000,0,12.74,1.057,0,16.55,0,0,0,0.015,181.8,0,0,-7999
101,2022,209,100,0,12.73,1.056,0,16.73,0,0,0,0.015,189.8,0,0,-7999
101,2022,209,200,0,12.72,1.057,0,16.42,0,0,0,0.012,181.8,0,0,-7999
101,2022,209,300,0,12.7,1.056,0,15.85,0,0,0,0.012,190.8,0,0,-7999
101,2022,209,400,0,12.68,1.056,0,15.51,0,0,0,0.015,185.8,0,0,-7999
101,2022,209,500,0,12.67,1.055,0,14.77,0,0,0,0.014,172.8,5.388,1.142,0.212
101,2022,209,600,0,12.81,1.056,0,17.09,0,0,0,0.011,190.8,71.48,15.61,0.218
101,2022,209,700,0,13.13,1.058,0,24.43,0,0,0,0.013,178.8,162.3,33.49,0.206
101,2022,209,800,0,13.46,1.059,0,27.25,0,0,0,0.015,185.8,259.1,44.13,0.17
101,2022,209,900,0,14.09,1.063,0,28.46,0,0,0,0.012,176.8,348.4,54.77,0.157
101,2022,209,1000,0,14.04,1.067,0,30.45,0,0,0,0.005,182.8,416.2,61.99,0.149
101,2022,209,1100,0,13.97,1.068,0,32.02,0,0,0,0.007,179.8,344.1,51.34,0.149
101,2022,209,1200,0,13.9,1.072,0,33.72,0,0,0,0.009,180.8,492.3,72.26,0.147
101,2022,209,1300,0,13.89,1.075,0,34.28,0,0,0,0.004,184.8,466.4,69.6,0.149
101,2022,209,1400,0,14.05,1.072,0,31.95,0,0,0,0.004,167.8,503,79.11,0.157
101,2022,209,1500,0,13.99,1.07,0,31.74,0,0,0,0.008,167.8,87.5,14.45,0.165
101,2022,209,1600,0,13.54,1.069,0,30.71,0,0,0,0.009,168.8,36.6,6.465,0.177
101,2022,209,1700,0,14.04,1.067,0,33.29,0,0,0,0.012,167.8,218.1,43.36,0.199
101,2022,209,1800,0,14.03,1.066,0,33.26,0,0,0,0.014,187.8,115.9,27,0.233
101,2022,209,1900,0,13.33,1.064,0,29.24,0,0,0,0.014,189.8,26.55,5.705,0.215
101,2022,209,2000,0,12.94,1.062,0,21.83,0,0,0,0.012,190.8,0.359,0.38,1.06
101,2022,209,2100,0,12.82,1.059,0,20.17,0,0,0,0.016,190.8,0,0,-7999
101,2022,209,2200,0,12.78,1.058,0,18.8,0,0,0,0.014,189.8,0,0,-7999
101,2022,209,2300,0,12.75,1.058,0,18.77,0,0,0,0.011,183.8,0,0,-7999
101,2022,210,000,0,12.75,1.057,0,17.31,0,0,0,0.013,190.8,0,0,-7999
101,2022,210,100,0,12.74,1.056,0,16.5,0,0,0,0.011,191.8,0,0,-7999
101,2022,210,200,0,12.72,1.058,0,16.56,0,0,0,0.014,183.8,0,0,-7999
101,2022,210,300,0,12.71,1.056,0,16.11,0,0,0,0.013,191.8,0,0,-7999
101,2022,210,400,0,12.69,1.057,0,15.65,0,0,0,0.012,191.8,0,0,-7999
101,2022,210,500,0,12.67,1.056,0,15.73,0,0,0,0.012,191.8,5.029,0.762,0.151
101,2022,210,600,0,12.81,1.057,0,18.2,0,0,0,0.009,191.8,74.36,16.37,0.22
101,2022,210,700,0,13.1,1.059,0,25.56,0,0,0,0.009,186.8,167.3,35.01,0.209
101,2022,210,800,0,13.39,1.062,0,28.32,0,0,0,0.012,190.8,264.1,45.65,0.173
101,2022,210,900,0,14.06,1.063,0,31.73,0,0,0,0.01,168.8,351.6,54.77,0.156
101,2022,210,1000,0,14.04,1.067,0,31.56,0,0,0,0.012,171.8,421.9,62.75,0.149
101,2022,210,1100,0,13.94,1.071,0,33.45,0,0,0,0.008,176.8,464.6,68.08,0.147
101,2022,210,1200,0,13.9,1.075,0,34.65,0,0,0,0.007,176.8,488.3,72.26,0.148
101,2022,210,1300,0,13.87,1.077,0,34.14,0,0,0,0.002,174.8,479,72.26,0.151
101,2022,210,1400,0,13.87,1.08,0,34.26,0,0,0,-0.006,184.8,472.5,73.4,0.155
101,2022,210,1500,0,13.86,1.078,0,34.26,0,0,0,0.001,167.8,391.8,63.89,0.163
101,2022,210,1600,0,13.94,1.076,0,34.21,0,0,0,0.001,171.8,303.5,53.63,0.177
101,2022,210,1700,0,13.99,1.072,0,33.05,0,0,0,0.003,167.8,209.5,41.84,0.2
101,2022,210,1800,0,13.98,1.07,0,32.14,0,0,0,0.009,181.8,112.3,26.62,0.237
101,2022,210,1900,0,13.26,1.066,0,29.74,0,0,0,0.015,181.8,25.47,5.705,0.224
101,2022,210,2000,0,12.89,1.062,0,24.53,0,0,0,0.016,181.8,0.359,0.38,1.06
101,2022,210,2100,0,12.79,1.061,0,24.05,0,0,0,0.012,191.8,0,0,-7999
101,2022,210,2200,0,12.77,1.06,0,22.97,0,0,0,0.013,189.8,0,0,-7999
101,2022,210,2300,0,12.76,1.058,0,17.17,0,0,0,0.01,191.8,0,0,-7999
101,2022,211,000,0,12.75,1.058,0,15.48,0,0,0,0.016,190.8,0,0,-7999
101,2022,211,100,0,12.74,1.058,0,16.31,0,0,0,0.013,189.8,0,0,-7999
101,2022,211,200,0,12.72,1.058,0,15.78,0,0,0,0.012,186.8,0,0,-7999
101,2022,211,300,0,12.7,1.057,0,15.43,0,0,0,0.01,190.8,0,0,-7999
101,2022,211,400,0,12.69,1.056,0,15.36,0,0,0,0.016,181.8,0,0,-7999
101,2022,211,500,0,12.67,1.056,0,15.5,0,0,0,0.017,190.8,5.029,1.142,0.227
101,2022,211,600,0,12.81,1.058,0,17.24,0,0,0,0.01,190.8,71.12,15.99,0.225
101,2022,211,700,0,13.1,1.059,0,25.93,0,0,0,0.013,191.8,164.1,34.25,0.209
101,2022,211,800,0,13.39,1.062,0,28.21,0,0,0,0.014,181.8,260.5,44.89,0.172
101,2022,211,900,0,14.11,1.064,0,29.61,0,0,0,0.017,167.8,347.3,54.77,0.158
101,2022,211,1000,0,14.03,1.068,0,31.03,0,0,0,0.014,167.8,415.1,61.61,0.148
101,2022,211,1100,0,13.97,1.072,0,32.68,0,0,0,0.014,167.8,455,66.94,0.147
101,2022,211,1200,0,13.91,1.075,0,34.25,0,0,0,0.008,180.8,415.5,63.51,0.153
101,2022,211,1300,0,13.91,1.078,0,34.81,0,0,0,-0.004,168.8,504.1,75.68,0.15
101,2022,211,1400,0,13.86,1.079,0,33.93,0,0,0,0.006,167.8,148.2,23.96,0.162
101,2022,211,1500,0,13.94,1.076,0,33.57,0,0,0,0.002,172.8,301.7,49.82,0.165
101,2022,211,1600,0,13.26,1.07,0,30.38,0,0,0,0.009,167.8,27.99,4.944,0.177
101,2022,211,1700,0,13,1.065,0,25.48,0,0,0,0.01,191.8,17.94,3.423,0.191
101,2022,211,1800,0,14.22,1.064,0,27.99,0,0,0,0.01,190.8,87.6,18.26,0.209
101,2022,211,1900,0,13.19,1.064,0,26.49,0,0,0,0.01,190.8,12.92,2.663,0.206
101,2022,211,2000,0,12.92,1.062,0,23.69,0,0,0,0.013,185.8,0.359,0,0
101,2022,211,2100,0,12.82,1.061,0,19.85,0,0,0,0.013,190.8,0,0,-7999
101,2022,211,2200,0,12.76,1.058,0,24.56,0,0,0,0.007,189.8,0,0,-7999
101,2022,211,2300,0,12.76,1.061,0,23.51,0,0,0,0.015,190.8,0,0,-7999
101,2022,212,000,0,12.75,1.062,0,25.35,0,0,0,0.004,190.8,0,0,-7999
101,2022,212,100,0,12.74,1.061,0,20.88,0,0,0,0.01,191.8,0,0,-7999
101,2022,212,200,0,12.73,1.06,0,21.65,0,0,0,0.013,191.8,0,0,-7999
101,2022,212,300,0,12.72,1.06,0,20.07,0,0,0,0.011,191.8,0,0,-7999
101,2022,212,400,0,12.7,1.06,0,19.71,0,0,0,0.013,191.8,0,0,-7999
101,2022,212,500,0,12.68,1.061,0,19.78,0,0,0,0.011,190.8,0.718,0.381,0.53
101,2022,212,600,0,12.71,1.06,0,19.51,0,0,0,0.01,190.8,21.18,4.947,0.234
101,2022,212,700,0,12.93,1.06,0,24.09,0,0,0,0.011,191.8,45.95,8.37,0.182
101,2022,212,800,0,13.74,1.063,0,27.38,0,0,0,0.009,190.8,234,41.85,0.179
101,2022,212,900,0,14.14,1.065,0,28.62,0,0,0,0.011,191.8,188,29.67,0.158
101,2022,212,1000,0,14.15,1.066,0,26.6,0,0,0,0.009,190.8,141.4,22.82,0.161
101,2022,212,1100,0,14.06,1.066,0,30.98,0,0,0,0.015,171.8,436.3,64.65,0.148
101,2022,212,1200,0,13.94,1.073,0,32.69,0,0,0,0.013,176.8,455.7,66.18,0.145
101,2022,212,1300,0,13.88,1.076,0,34.52,0,0,0,0.012,171.8,466.4,70.74,0.152
101,2022,212,1400,0,13.85,1.078,0,33.72,0,0,0,0.002,179.8,463.2,71.12,0.154
101,2022,212,1500,0,13.92,1.074,0,32.2,0,0,0,0.007,181.8,118.8,18.64,0.157
101,2022,212,1600,0,14.04,1.071,0,31.41,0,0,0,0.006,174.8,86.8,13.69,0.158
101,2022,212,1700,0,13.22,1.069,0,28.41,0,0,0,0.007,182.8,37.31,7.226,0.194
101,2022,212,1800,0,13.08,1.065,0,24.77,0,0,0,0.008,189.8,7.177,0.38,0.053
101,2022,212,1900,0,12.92,1.064,0,24.84,0,0,0,0.011,190.8,7.896,1.902,0.241
101,2022,212,2000,0,12.82,1.064,0,23.46,0,0,0,0.01,180.8,0.359,0,0
101,2022,212,2100,0,12.79,1.061,0,23.41,0,0,0,0.007,191.8,0,0,-7999
101,2022,212,2200,0,12.77,1.06,0,21.67,0,0,0,0.014,190.8,0,0,-7999
101,2022,212,2300,0,12.76,1.061,0,23.02,0,0,0,0.009,191.8,0,0,-7999
101,2022,213,000,0,12.75,1.062,0,21.86,0,0,0,0.009,191.8,0,0,-7999
101,2022,213,100,0,12.73,1.062,0,20.57,0,0,0,0.008,191.8,0,0,-7999
101,2022,213,200,0,12.72,1.061,0,22.38,0,0,0,0.009,191.8,0,0,-7999
101,2022,213,300,0,12.71,1.061,0,20.85,0,0,0,0.009,190.8,0,0,-7999
101,2022,213,400,0,12.69,1.062,0,20.96,0,0,0,0.009,187.8,0,0,-7999
101,2022,213,500,0,12.68,1.061,0,20.15,0,0,0,0.006,191.8,1.795,0.381,0.212
101,2022,213,600,0,12.81,1.06,0,22.37,0,0,0,0.008,186.8,31.23,5.708,0.183
101,2022,213,700,0,12.88,1.063,0,21.78,0,0,0,0.008,190.8,30.51,5.327,0.175
101,2022,213,800,0,13.27,1.062,0,20.94,0,0,0,0.007,190.8,104.1,17.5,0.168
101,2022,213,900,0,14.23,1.064,0,25.25,0,0,0,0.007,190.8,159.4,25.87,0.162
101,2022,213,1000,0,14.15,1.066,0,25.46,0,0,0,0.006,189.8,232.5,36.51,0.157
101,2022,213,1100,0,14.11,1.068,0,25.81,0,0,0,0.002,176.8,484.7,73.02,0.151
101,2022,213,1200,0,14.08,1.069,0,27.33,0,0,0,0.004,177.8,387.9,58.95,0.152
101,2022,213,1300,0,14.08,1.07,0,26.35,0,0,0,0.005,178.8,170.1,27.38,0.161
101,2022,213,1400,0,14.08,1.07,0,27.65,0,0,0,0,182.8,317.2,51.34,0.162
101,2022,213,1500,0,14.04,1.07,0,28.1,0,0,0,0.009,176.8,301.7,50.2,0.166
101,2022,213,1600,0,14.09,1.069,0,26.96,0,0,0,0.002,182.8,315,55.53,0.176
101,2022,213,1700,0,14.13,1.067,0,25.4,0,0,0,0.004,185.8,101.9,18.26,0.179
101,2022,213,1800,0,14.1,1.065,0,22.98,0,0,0,0.007,186.8,41.62,7.226,0.174
101,2022,213,1900,0,13.21,1.062,0,21.37,0,0,0,0.007,190.8,7.896,1.522,0.193
101,2022,213,2000,0,12.95,1.062,0,19.57,0,0,0,0.007,190.8,0,0,-7999
101,2022,213,2100,0,12.83,1.06,0,19.01,0,0,0,0.008,186.8,0,0,-7999
101,2022,213,2200,0,12.78,1.061,0,18.96,0,0,0,0.009,186.8,0,0,-7999
101,2022,213,2300,0,12.77,1.06,0,18.21,0,0,0,0.009,186.8,0,0,-7999
101,2022,214,000,0,12.76,1.06,0,18.66,0,0,0,0.01,186.8,0,0,-7999
101,2022,214,100,0,12.75,1.06,0,17.18,0,0,0,0.01,178.8,0,0,-7999
101,2022,214,200,0,12.74,1.058,0,17.4,0,0,0,0.01,191.8,0,0,-7999
101,2022,214,300,0,12.73,1.06,0,16.69,0,0,0,0.009,191.8,0,0,-7999
101,2022,214,400,0,12.71,1.059,0,17.07,0,0,0,0.012,174.8,0,0,-7999
101,2022,214,500,0,12.69,1.06,0,17.03,0,0,0,0.01,191.8,1.795,0.381,0.212
101,2022,214,600,0,12.77,1.06,0,17.24,0,0,0,0.011,190.8,26.21,4.948,0.189
101,2022,214,700,0,13.04,1.061,0,18.28,0,0,0,0.01,185.8,137.2,28.16,0.205
101,2022,214,800,0,13.44,1.062,0,20.97,0,0,0,0.013,178.8,272.8,46.42,0.17
101,2022,214,900,0,14.3,1.061,0,22.35,0,0,0,0.01,190.8,377.6,59.35,0.157
101,2022,214,1000,0,14.24,1.064,0,21.57,0,0,0,0.007,181.8,123.5,19.4,0.157
101,2022,214,1100,0,14.25,1.064,0,23.53,0,0,0,0.007,176.8,332.4,51.74,0.156
101,2022,214,1200,0,14.19,1.065,0,23.48,0,0,0,0.005,181.8,182.3,29.67,0.163
101,2022,214,1300,0,14.19,1.065,0,24.1,0,0,0,0.005,185.8,194.5,31.95,0.164
101,2022,214,1400,0,14.1,1.068,0,25.33,0,0,0,0.002,172.8,492.6,76.82,0.156
101,2022,214,1500,0,14.12,1.068,0,25.56,0,0,0,-0.002,186.8,407.6,67.7,0.166
101,2022,214,1600,0,14.11,1.068,0,25.06,0,0,0,0.004,181.8,325.8,57.81,0.177
101,2022,214,1700,0,14.12,1.066,0,24.66,0,0,0,0.007,183.8,240.4,47.16,0.196
101,2022,214,1800,0,13.95,1.065,0,22.31,0,0,0,0.007,191.8,31.57,5.705,0.181
101,2022,214,1900,0,13.53,1.063,0,21.65,0,0,0,0.009,191.8,25.12,4.565,0.182
101,2022,214,2000,0,13.03,1.062,0,20.06,0,0,0,0.009,186.8,0.359,0,0
101,2022,214,2100,0,12.89,1.061,0,19.15,0,0,0,0.009,182.8,0,0,-7999
101,2022,214,2200,0,12.8,1.061,0,18.23,0,0,0,0.01,177.8,0,0,-7999
101,2022,214,2300,0,12.77,1.059,0,18.09,0,0,0,0.011,182.8,0,0,-7999
101,2022,215,000,0,12.76,1.061,0,18.2,0,0,0,0.011,179.8,0,0,-7999
101,2022,215,100,0,12.75,1.059,0,18.28,0,0,0,0.01,178.8,0,0,-7999
101,2022,215,200,0,12.74,1.061,0,17.46,0,0,0,0.011,179.8,0,0,-7999
101,2022,215,300,0,12.73,1.06,0,18.13,0,0,0,0.012,173.8,0,0,-7999
101,2022,215,400,0,12.71,1.059,0,15.39,0,0,0,0.02,186.8,0,0,-7999
101,2022,215,500,0,12.68,1.058,0,13.99,0,0,0,0.013,178.8,2.514,0.381,0.151
101,2022,215,600,0,12.82,1.058,0,16.77,0,0,0,0.008,169.8,71.12,15.61,0.219
101,2022,215,700,0,13.2,1.059,0,19.9,0,0,0,0.009,183.8,163.4,34.63,0.212
101,2022,215,800,0,13.45,1.061,0,22.24,0,0,0,0.011,186.8,254.8,43.37,0.17
101,2022,215,900,0,14.21,1.062,0,24.02,0,0,0,0.004,191.8,341.6,53.25,0.156
101,2022,215,1000,0,14.17,1.064,0,24.98,0,0,0,0.003,182.8,412.3,60.85,0.148
101,2022,215,1100,0,14.13,1.066,0,25.93,0,0,0,0,181.8,462.1,67.7,0.146
101,2022,215,1200,0,14.1,1.068,0,27.27,0,0,0,-0.007,172.8,479.7,71.5,0.149
101,2022,215,1300,0,14.07,1.07,0,26.83,0,0,0,0.007,172.8,472.2,72.26,0.153
101,2022,215,1400,0,14.06,1.071,0,27.27,0,0,0,0.003,181.8,435.6,69.22,0.159
101,2022,215,1500,0,14.05,1.07,0,27,0,0,0,0.005,177.8,380.3,63.13,0.166
101,2022,215,1600,0,14.09,1.07,0,25.85,0,0,0,0.005,186.8,300.7,54.39,0.181
101,2022,215,1700,0,14.13,1.066,0,24.43,0,0,0,0.007,181.8,208.8,42.6,0.204
101,2022,215,1800,0,14.21,1.063,0,21.77,0,0,0,0.008,182.8,111.2,27.38,0.246
101,2022,215,1900,0,13.46,1.062,0,19.05,0,0,0,0.008,191.8,14,2.663,0.19
101,2022,215,2000,0,13.03,1.061,0,17.21,0,0,0,0.009,182.8,0,0,-7999
101,2022,215,2100,0,12.88,1.06,0,15.73,0,0,0,0.01,190.8,0,0,-7999
101,2022,215,2200,0,12.8,1.06,0,14.72,0,0,0,0.011,178.8,0,0,-7999
101,2022,215,2300,0,12.77,1.059,0,14.01,0,0,0,0.012,178.8,0,0,-7999
101,2022,216,000,0,12.75,1.058,0,13.56,0,0,0,0.012,190.8,0,0,-7999
101,2022,216,100,0,12.74,1.059,0,13.02,0,0,0,0.012,177.8,0,0,-7999
101,2022,216,200,0,12.73,1.058,0,13.05,0,0,0,0.012,186.8,0,0,-7999
101,2022,216,300,0,12.72,1.059,0,12.5,0,0,0,0.013,179.8,0,0,-7999
101,2022,216,400,0,12.69,1.058,0,12.1,0,0,0,0.013,190.8,0,0,-7999
101,2022,216,500,0,12.67,1.058,0.05,11.35,0,0,0,0.013,178.8,3.592,0.762,0.212
101,2022,216,600,0,12.77,1.059,0,11.53,0,0,0,0.012,182.8,72.2,15.23,0.211
101,2022,216,700,0,13.18,1.06,0,11.89,0,0,0,0.013,182.8,66.81,11.04,0.165
101,2022,216,800,0,13.98,1.06,0,12.87,0,0,0,0.009,190.8,124.3,20.18,0.162
101,2022,216,900,0,14.49,1.059,0,14.89,0,0,0,0.01,181.8,196.1,31.59,0.161
101,2022,216,1000,0,14.36,1.06,0,17.6,0,0,0,0.004,176.8,455.6,69.26,0.152
101,2022,216,1100,0,14.27,1.062,0,20.81,0,0,0,0,180.8,473.8,70.76,0.149
101,2022,216,1200,0,14.22,1.066,0,21.8,0,0,0,0.002,171.8,487.3,73.79,0.151
101,2022,216,1300,0,14.19,1.068,0,22.53,0,0,0,0,168.8,484,73.78,0.152
101,2022,216,1400,0,14.15,1.068,0,22.55,0,0,0,0.004,167.8,444.5,69.98,0.157
101,2022,216,1500,0,14.12,1.07,0,23.16,0,0,0,0.008,177.8,382.5,63.13,0.165
101,2022,216,1600,0,14.16,1.068,0,22.23,0,0,0,0.009,176.8,300,54.01,0.18
101,2022,216,1700,0,14.17,1.066,0,22.13,0,0,0,0.005,181.8,285.6,55.53,0.194
101,2022,216,1800,0,14.24,1.065,0,20.76,0,0,0,0.008,185.8,109.1,26.62,0.244
101,2022,216,1900,0,13.47,1.063,0,18.24,0,0,0,0.01,190.8,10.77,2.283,0.212
101,2022,216,2000,0,13.06,1.06,0,16.23,0,0,0,0.009,190.8,0,0,-7999
101,2022,216,2100,0,12.91,1.059,0,13.77,0,0,0,0.01,187.8,0,0,-7999
101,2022,216,2200,0,12.82,1.058,0,10.45,0,0,0,0.014,183.8,0,0,-7999
101,2022,216,2300,0,12.77,1.057,0,13.61,0,0,0,0.011,178.8,0,0,-7999
101,2022,217,000,0,12.75,1.058,0,10.8,0,0,0,0.013,191.8,0,0,-7999
101,2022,217,100,0,12.74,1.057,0,6.642,0,0,0,0.014,190.8,0,0,-7999
101,2022,217,200,0,12.72,1.056,0,6.322,0,0,0,0.015,186.8,0,0,-7999
101,2022,217,300,0,12.69,1.056,0,5.532,0,0,0,0.016,179.8,0,0,-7999
101,2022,217,400,0,12.67,1.054,0,4.912,0,0,0,0.014,187.8,0,0,-7999
101,2022,217,500,0,12.64,1.054,0,4.182,0,0,0,0.015,191.8,2.517,0.381,0.151
101,2022,217,600,0,12.77,1.055,0,8,0,0,0,0.011,186.8,76.22,17.15,0.225
101,2022,217,700,0,13.03,1.057,0,15.16,0,0,0,0.017,186.8,169.6,37.7,0.222
101,2022,217,800,0,13.32,1.059,0,16.04,0,0,0,0.017,186.8,261,46.05,0.176
101,2022,217,900,0,14.38,1.059,0,16.95,0,0,0,0.012,181.8,352.5,55.94,0.159
101,2022,217,1000,0,14.33,1.061,0,19.8,0,0,0,0.016,186.8,423.2,63.92,0.151
101,2022,217,1100,0,14.22,1.065,0,20.24,0,0,0,0.007,172.8,469,69.23,0.148
101,2022,217,1200,0,14.16,1.067,0,22.07,0,0,0,0.008,172.8,485.8,72.26,0.149
101,2022,217,1300,0,14.13,1.068,0,22.42,0,0,0,0.013,168.8,510.9,76.82,0.15
101,2022,217,1400,0,14.13,1.068,0,21.86,0,0,0,0.002,176.8,441,67.7,0.154
101,2022,217,1500,0,14.12,1.067,0,23.11,0,0,0,0.013,175.8,378.9,60.85,0.161
101,2022,217,1600,0,14.12,1.066,0,23.37,0,0,0,0.006,177.8,298.9,53.24,0.178
101,2022,217,1700,0,14.13,1.066,0,22.66,0,0,0,0.006,171.8,205.9,41.84,0.203
101,2022,217,1800,0,14.22,1.065,0,22.26,0,0,0,0.011,178.8,108.4,26.62,0.246
101,2022,217,1900,0,13.37,1.062,0,19.35,0,0,0,0.012,168.8,8.25,1.522,0.184
101,2022,217,2000,0,13.05,1.06,0,15.52,0,0,0,0.012,174.8,0,0,-7999
101,2022,217,2100,0,12.9,1.059,0,13.47,0,0,0,0.005,191.8,0,0,-7999
101,2022,217,2200,0,12.81,1.058,0,10.99,0,0,0,0.013,186.8,0,0,-7999
101,2022,217,2300,0,12.77,1.057,0,9.77,0,0,0,0.012,190.8,0,0,-7999
101,2022,218,000,0,12.75,1.056,0,8.9,0,0,0,0.013,191.8,0,0,-7999
101,2022,218,100,0,12.73,1.056,0,7.742,0,0,0,0.013,186.8,0,0,-7999
101,2022,218,200,0,12.71,1.056,0,7.142,0,0,0,0.012,190.8,0,0,-7999
101,2022,218,300,0,12.68,1.056,0,7.202,0,0,0,0.016,185.8,0,0,-7999
101,2022,218,400,0,12.66,1.057,0,6.772,0,0,0,0.014,191.8,0,0,-7999
101,2022,218,500,0,12.63,1.058,0,6.522,0,0,0,0.017,190.8,2.876,0.381,0.133
101,2022,218,600,0,12.75,1.057,0,9.12,0,0,0,0.008,187.8,72.25,16.76,0.232
101,2022,218,700,0,13.05,1.06,0,15.21,0,0,0,0.014,190.8,165.6,37.7,0.228
101,2022,218,800,0,13.37,1.06,0,16.4,0,0,0,0.011,177.8,262.5,46.43,0.177
101,2022,218,900,0,14.35,1.06,0,18.05,0,0,0,0.01,168.8,352.2,57.08,0.162
101,2022,218,1000,0,14.28,1.062,0,19.63,0,0,0,0.019,167.8,422.4,64.3,0.152
101,2022,218,1100,0,14.19,1.066,0,21.3,0,0,0,0.011,172.8,467.2,68.46,0.147
101,2022,218,1200,0,14.18,1.069,0,21.79,0,0,0,0.008,179.8,488.7,72.26,0.148
101,2022,218,1300,0,14.11,1.071,0,23.12,0,0,0,0.013,171.8,482.6,72.26,0.15
101,2022,218,1400,0,14.09,1.072,0,24.39,0,0,0,0.005,175.8,448.1,69.22,0.154
101,2022,218,1500,0,14.06,1.071,0,24.59,0,0,0,0.013,180.8,384.6,62.37,0.162
101,2022,218,1600,0,14.14,1.07,0,25.08,0,0,0,0.008,178.8,303.5,54.01,0.178
101,2022,218,1700,0,14.11,1.068,0,24.41,0,0,0,0.011,167.8,204.5,41.84,0.205
101,2022,218,1800,0,14.16,1.066,0,24.08,0,0,0,0.013,167.8,106.2,26.62,0.251
101,2022,218,1900,0,13.34,1.064,0,20.86,0,0,0,0.017,167.8,10.77,1.902,0.177
101,2022,218,2000,0,13.03,1.06,0,15.02,0,0,0,0.015,169.8,0,0,-7999
101,2022,218,2100,0,12.89,1.059,0,12.8,0,0,0,0.013,181.8,0,0,-7999
101,2022,218,2200,0,12.8,1.058,0,12.78,0,0,0,0.019,186.8,0,0,-7999
101,2022,218,2300,0,12.77,1.058,0,12.63,0,0,0,0.013,182.8,0,0,-7999
101,2022,219,000,0,12.75,1.058,0,10.52,0,0,0,0.017,181.8,0,0,-7999
101,2022,219,100,0,12.73,1.057,0,9.5,0,0,0,0.015,186.8,0,0,-7999
101,2022,219,200,0,12.7,1.058,0,8.09,0,0,0,0.015,173.8,0,0,-7999
101,2022,219,300,0,12.68,1.057,0,8.1,0,0,0,0.012,190.8,0,0,-7999
101,2022,219,400,0,12.65,1.057,0,8.62,0,0,0,0.018,191.8,0,0,-7999
101,2022,219,500,0,12.62,1.057,0,8.65,0,0,0,0.012,190.8,2.875,0.381,0.133
101,2022,219,600,0,12.75,1.058,0,10.66,0,0,0,0.013,190.8,66.48,14.86,0.223
101,2022,219,700,0,13.08,1.06,0,18.01,0,0,0,0.014,189.8,149.1,33.89,0.227
101,2022,219,800,0,13.48,1.06,0,19.8,0,0,0,0.016,167.8,247,44.14,0.179
101,2022,219,900,0,14.29,1.062,0,21.68,0,0,0,0.01,167.8,343.1,55.55,0.162
101,2022,219,1000,0,14.19,1.064,0,22.85,0,0,0,0.013,176.8,417.7,63.9,0.153
101,2022,219,1100,0,14.12,1.069,0,25.24,0,0,0,0.008,167.8,450.6,66.94,0.149
101,2022,219,1200,0,14.06,1.073,0,26.62,0,0,0,0.011,167.8,467.5,69.98,0.15
101,2022,219,1300,0,14.01,1.074,0,27.62,0,0,0,0.009,175.8,429.1,66.93,0.156
101,2022,219,1400,0,14.04,1.074,0,28.7,0,0,0,0.006,171.8,401.1,64.64,0.161
101,2022,219,1500,0,14,1.073,0,28.59,0,0,0,0.013,167.8,272.3,47.15,0.173
101,2022,219,1600,0,14.04,1.072,0,28.01,0,0,0,0.011,167.8,219.6,40.31,0.184
101,2022,219,1700,0,14.08,1.069,0,28.39,0,0,0,0.012,167.8,181.5,37.27,0.205
101,2022,219,1800,0,14.11,1.068,0,27.78,0,0,0,0.012,167.8,115.5,25.86,0.224
101,2022,219,1900,0,13.33,1.067,0,24.9,0,0,0,0.013,176.8,11.84,2.662,0.225
101,2022,219,2000,0,13,1.064,0,19.87,0,0,0,0.015,176.8,0,0,-7999
101,2022,219,2100,0,12.86,1.062,0,17.57,0,0,0,0.014,171.8,0,0,-7999
101,2022,219,2200,0,12.8,1.06,0,18.23,0,0,0,0.017,191.8,0,0,-7999
101,2022,219,2300,0,12.77,1.06,0,16.37,0,0,0,0.019,182.8,0,0,-7999
101,2022,220,000,0,12.75,1.059,0,15.37,0,0,0,0.016,178.8,0,0,-7999
101,2022,220,100,0,12.74,1.058,0,14.69,0,0,0,0.015,185.8,0,0,-7999
101,2022,220,200,0,12.72,1.059,0,13.76,0,0,0,0.016,186.8,0,0,-7999
101,2022,220,300,0,12.69,1.06,0,13.24,0,0,0,0.013,190.8,0,0,-7999
101,2022,220,400,0,12.67,1.059,0,13.81,0,0,0,0.012,190.8,0,0,-7999
101,2022,220,500,0,12.64,1.059,0,12.38,0,0,0,0.014,189.8,2.155,0.381,0.177
101,2022,220,600,0,12.75,1.06,0,14.24,0,0,0,0.014,190.8,62.14,14.47,0.233
101,2022,220,700,0,13.14,1.062,0,21.93,0,0,0,0.013,185.8,202.9,43.01,0.212
101,2022,220,800,0,13.7,1.063,0,24.83,0,0,0,0.016,182.8,259.1,46.41,0.179
101,2022,220,900,0,14.16,1.064,0,26.98,0,0,0,0.009,173.8,481.2,79.11,0.164
101,2022,220,1000,0,14.14,1.068,0,26.52,0,0,0,0.012,167.8,261.9,40.31,0.154
101,2022,220,1100,0,14.03,1.07,0,28.97,0,0,0,0.009,172.8,489,73.78,0.151
101,2022,220,1200,0,13.98,1.076,0,29.76,0,0,0,0.007,175.8,488.6,73.01,0.149
101,2022,220,1300,0,13.94,1.077,0,30.43,0,0,0,0,175.8,460.2,69.2,0.15
101,2022,220,1400,0,13.93,1.078,0,31.29,0,0,0,0.009,184.8,426.9,66.54,0.156
101,2022,220,1500,0,13.99,1.077,0,31.65,0,0,0,0.007,175.8,371.2,60.83,0.164
101,2022,220,1600,0,13.93,1.076,0,31.87,0,0,0,0.011,168.8,151.7,25.86,0.17
101,2022,220,1700,0,14.04,1.072,0,28.11,0,0,0,0.001,185.8,243.3,48.68,0.2
101,2022,220,1800,0,14.11,1.071,0,24.86,0,0,0,0.005,191.8,92.6,22.82,0.247
101,2022,220,1900,0,13.25,1.068,0,22.23,0,0,0,0.007,186.8,10.05,1.902,0.189
101,2022,220,2000,0,12.95,1.064,0,20.96,0,0,0,0.011,190.8,0,0,-7999
101,2022,220,2100,0,12.83,1.062,0,18.16,0,0,0,0.009,190.8,0,0,-7999
101,2022,220,2200,0,12.78,1.061,0,17.99,0,0,0,0.011,190.8,0,0,-7999
101,2022,220,2300,0,12.77,1.062,0,17.13,0,0,0,0.014,190.8,0,0,-7999
101,2022,221,000,0,12.75,1.06,0,16.88,0,0,0,0.009,191.8,0,0,-7999
101,2022,221,100,0,12.74,1.062,0,18.68,0,0,0,0.011,191.8,0,0,-7999
101,2022,221,200,0,12.72,1.062,0,16.8,0,0,0,0.01,191.8,0,0,-7999
101,2022,221,300,0,12.7,1.062,0,17.87,0,0,0,0.006,191.8,0,0,-7999
101,2022,221,400,0,12.68,1.062,0,16.65,0,0,0,0.01,190.8,0,0,-7999
101,2022,221,500,0,12.68,1.062,0,15.97,0,0,0,0.011,191.8,0.359,0,0
101,2022,221,600,0,12.71,1.061,0,16.18,0,0,0,0.008,191.8,22.98,3.806,0.166
101,2022,221,700,0,12.89,1.062,0,17.23,0,0,0,0.01,190.8,12.57,1.903,0.151
101,2022,221,800,0,13.37,1.061,0.07,17.75,0,0,0,0.002,190.8,97.7,13.7,0.14
101,2022,221,900,0,14.34,1.062,0,22.06,0,0,0,0.013,191.8,179.5,28.92,0.161
101,2022,221,1000,0,13.31,1.065,0,18.05,0,0,0,0.014,174.8,13.64,1.902,0.139
101,2022,221,1100,0,14.35,1.062,0,20.72,0,0,0,0.012,190.8,229,32.34,0.141
101,2022,221,1200,0,14.21,1.066,0,22.38,0,0,0,0.01,185.8,98.3,15.22,0.155
101,2022,221,1300,0,14.28,1.066,0,18.86,0,0,0,0.008,183.8,154,19.78,0.128
101,2022,221,1400,0,14.3,1.066,0,21.4,0,0,0,0.009,171.8,455.8,59.35,0.13
101,2022,221,1500,0,14.16,1.066,0,22.92,0,0,0,0.012,177.8,411.2,61.61,0.15
101,2022,221,1600,0,14.1,1.067,0,21.38,0,0,0,0.01,190.8,25.12,4.184,0.167
101,2022,221,1700,0,14.45,1.065,0,16.21,0,0,0,0.007,182.8,251.6,37.29,0.148
101,2022,221,1800,0,14.33,1.062,0,19.05,0,0,0,0.014,191.8,118.8,23.59,0.199
101,2022,221,1900,0,13.29,1.062,0,16.6,0,0,0,0.01,191.8,5.384,0.761,0.141
101,2022,221,2000,0,13.04,1.06,0,14.39,0,0,0,0.009,190.8,0,0,-7999
101,2022,221,2100,0,12.9,1.06,0,12.61,0,0,0,0.01,191.8,0,0,-7999
101,2022,221,2200,0,12.82,1.06,0,12.01,0,0,0,0.014,169.8,0,0,-7999
101,2022,221,2300,0,12.78,1.061,0,11.65,0,0,0,0.01,191.8,0,0,-7999
101,2022,222,000,0,12.76,1.06,0,11.39,0,0,0,0.016,178.8,0,0,-7999
101,2022,222,100,0,12.75,1.06,0,11.23,0,0,0,0.016,171.8,0,0,-7999
101,2022,222,200,0,12.73,1.059,0,9.97,0,0,0,0.017,170.8,0,0,-7999
101,2022,222,300,0,12.71,1.059,0,10.44,0,0,0,0.016,170.8,0,0,-7999
101,2022,222,400,0,12.69,1.059,0,10.12,0,0,0,0.018,171.8,0,0,-7999
101,2022,222,500,0,12.65,1.059,0,9.26,0,0,0,0.015,175.8,1.078,0,0
101,2022,222,600,0,12.75,1.06,0,10.91,0,0,0,0.013,194.8,71.51,14.47,0.202
101,2022,222,700,0,13.01,1.06,0,14.94,0,0,0,0.009,174.8,167.4,31.98,0.191
101,2022,222,800,0,13.3,1.061,0,18.25,0,0,0,0.013,192.8,260.6,39.19,0.15
101,2022,222,900,0,14.33,1.061,0,19.34,0,0,0,0.006,183.8,348.2,48.7,0.14
101,2022,222,1000,0,14.27,1.062,0,21.17,0,0,0,0.011,171.8,416,57.07,0.137
101,2022,222,1100,0,14.2,1.064,0,22,0,0,0,0.013,167.8,465.7,62.37,0.134
101,2022,222,1200,0,14.14,1.07,0,23.11,0,0,0,0.003,180.8,481.5,63.89,0.133
101,2022,222,1300,0,14.11,1.071,0,25.25,0,0,0,0.006,171.8,471.8,64.65,0.137
101,2022,222,1400,0,14.11,1.072,0,24.5,0,0,0,-0.001,172.8,434.9,62.37,0.143
101,2022,222,1500,0,14.11,1.071,0,23.53,0,0,0,0.003,182.8,371,56.29,0.152
101,2022,222,1600,0,14.16,1.068,0,22.43,0,0,0,0,169.8,289.2,47.92,0.166
101,2022,222,1700,0,14.23,1.066,0,19.73,0,0,0,0.007,178.8,191.6,36.89,0.193
101,2022,222,1800,0,14.35,1.064,0,17.14,0,0,0,0.01,182.8,91.5,21.69,0.237
101,2022,222,1900,0,13.36,1.06,0,15.09,0,0,0,0.009,187.8,6.462,1.142,0.177
101,2022,222,2000,0,13.07,1.06,0,14.35,0,0,0,0.009,190.8,0,0,-7999
101,2022,222,2100,0,12.93,1.06,0,13.96,0,0,0,0.009,191.8,0,0,-7999
101,2022,222,2200,0,12.83,1.06,0,12.86,0,0,0,0.009,191.8,0,0,-7999
101,2022,222,2300,0,12.78,1.06,0,11.37,0,0,0,0.012,191.8,0,0,-7999
101,2022,223,000,0,12.76,1.058,0,11.25,0,0,0,0.01,174.8,0,0,-7999
101,2022,223,100,0,12.74,1.06,0,10.52,0,0,0,0.015,191.8,0,0,-7999
101,2022,223,200,0,12.72,1.059,0,7.652,0,0,0,0.014,191.8,0,0,-7999
101,2022,223,300,0,12.7,1.058,0,6.112,0,0,0,0.013,192.8,0,0,-7999
101,2022,223,400,0,12.67,1.057,0,7.772,0,0,0,0.021,174.8,0,0,-7999
101,2022,223,500,0,12.64,1.057,0,6.982,0,0,0,0.018,170.8,1.438,0.381,0.265
101,2022,223,600,0,12.74,1.058,0,8.68,0,0,0,0.013,182.8,60.75,12.57,0.207
101,2022,223,700,0,13.05,1.06,0,13.89,0,0,0,0.011,190.8,151.2,31.99,0.211
101,2022,223,800,0,13.44,1.061,0,16.71,0,0,0,0.012,186.8,247,40.34,0.163
101,2022,223,900,0,14.31,1.062,0,18.34,0,0,0,0.012,176.8,334.5,49.46,0.148
101,2022,223,1000,0,14.26,1.063,0,20.5,0,0,0,0.008,177.8,408.4,57.07,0.14
101,2022,223,1100,0,14.2,1.065,0,21.89,0,0,0,0.012,173.8,455,62.37,0.137
101,2022,223,1200,0,14.12,1.069,0,23.17,0,0,0,0.011,168.8,471.1,64.65,0.137
101,2022,223,1300,0,14.08,1.072,0,23.8,0,0,0,0.014,167.8,218.5,31.95,0.146
101,2022,223,1400,0,14.19,1.07,0,24.16,0,0,0,0.008,171.8,478.3,69.22,0.145
101,2022,223,1500,0,14.05,1.07,0,25.61,0,0,0,0.008,168.8,386,59.33,0.154
101,2022,223,1600,0,14.05,1.072,0,25.41,0,0,0,0.013,177.8,279.8,47.16,0.169
101,2022,223,1700,0,14.09,1.068,0,24.43,0,0,0,0.007,177.8,179.4,34.99,0.195
101,2022,223,1800,0,14.2,1.065,0,21.45,0,0,0,0.009,185.8,85.4,19.78,0.232
101,2022,223,1900,0,13.3,1.063,0,18.39,0,0,0,0.008,186.8,6.46,1.141,0.177
101,2022,223,2000,0,13.02,1.061,0,16.4,0,0,0,0.008,191.8,0,0,-7999
101,2022,223,2100,0,12.89,1.06,0,15.4,0,0,0,0.01,190.8,0,0,-7999
101,2022,223,2200,0,12.81,1.06,0,13.68,0,0,0,0.013,191.8,0,0,-7999
101,2022,223,2300,0,12.78,1.059,0,15.15,0,0,0,0.01,191.8,0,0,-7999
101,2022,224,000,0,12.76,1.06,0,10.84,0,0,0,0.013,191.8,0,0,-7999
101,2022,224,100,0,12.74,1.059,0,10.03,0,0,0,0.016,186.8,0,0,-7999
101,2022,224,200,0,12.72,1.058,0,8.89,0,0,0,0.01,186.8,0,0,-7999
101,2022,224,300,0,12.69,1.059,0,9.08,0,0,0,0.018,190.8,0,0,-7999
101,2022,224,400,0,12.67,1.058,0,7.982,0,0,0,0.012,191.8,0,0,-7999
101,2022,224,500,0,12.63,1.058,0,8.17,0,0,0,0.013,190.8,1.438,0.381,0.265
101,2022,224,600,0,12.73,1.059,0,10.82,0,0,0,0.013,191.8,58.23,12.57,0.216
101,2022,224,700,0,13.03,1.06,0,16.37,0,0,0,0.011,185.8,148.4,31.98,0.216
101,2022,224,800,0,13.43,1.061,0,18.48,0,0,0,0.014,191.8,243.4,40.34,0.166
101,2022,224,900,0,14.3,1.062,0,20.48,0,0,0,0.008,173.8,333.1,50.22,0.151
101,2022,224,1000,0,14.22,1.065,0,21.99,0,0,0,0.011,186.8,401.6,57.06,0.142
101,2022,224,1100,0,14.13,1.067,0,23.91,0,0,0,0.009,177.8,481.5,67.7,0.141
101,2022,224,1200,0,14.08,1.072,0,24.28,0,0,0,0.005,177.8,481.1,67.7,0.141
101,2022,224,1300,0,14.09,1.074,0,24.19,0,0,0,-0.004,177.8,462.5,66.17,0.143
101,2022,224,1400,0,14.1,1.075,0,24.46,0,0,0,0.004,168.8,416.2,62.75,0.151
101,2022,224,1500,0,14.12,1.072,0,23.27,0,0,0,0.006,168.8,354.1,56.29,0.159
101,2022,224,1600,0,14.17,1.069,0,21.93,0,0,0,0.006,185.8,273,47.92,0.176
101,2022,224,1700,0,14.24,1.066,0,19.97,0,0,0,0.008,181.8,181.6,35.75,0.197
101,2022,224,1800,0,14.3,1.062,0,18.42,0,0,0,0.011,174.8,91.9,22.07,0.24
101,2022,224,1900,0,13.36,1.062,0,16.07,0,0,0,0.009,190.8,9.33,1.903,0.204
101,2022,224,2000,0,13.07,1.06,0,14.04,0,0,0,0.009,190.8,0,0,-7999
101,2022,224,2100,0,12.92,1.06,0,12.84,0,0,0,0.011,192.8,0,0,-7999
101,2022,224,2200,0,12.82,1.06,0,12.86,0,0,0,0.009,191.8,0,0,-7999
101,2022,224,2300,0,12.78,1.06,0,12.27,0,0,0,0.011,191.8,0,0,-7999
101,2022,225,000,0,12.76,1.059,0,12.23,0,0,0,0.009,190.8,0,0,-7999
101,2022,225,100,0,12.74,1.06,0,11.73,0,0,0,0.011,190.8,0,0,-7999
101,2022,225,200,0,12.73,1.059,0,10.25,0,0,0,0.011,186.8,0,0,-7999
101,2022,225,300,0,12.7,1.06,0,10.64,0,0,0,0.013,190.8,0,0,-7999
101,2022,225,400,0,12.68,1.06,0,9.92,0,0,0,0.012,190.8,0,0,-7999
101,2022,225,500,0,12.65,1.059,0,9.07,0,0,0,0.012,191.8,1.437,0.381,0.265
101,2022,225,600,0,12.74,1.06,0,10.94,0,0,0,0.011,186.8,62.87,13.33,0.212
101,2022,225,700,0,12.98,1.062,0,12.62,0,0,0,0.013,186.8,154.8,33.89,0.219
101,2022,225,800,0,13.27,1.061,0,14.67,0,0,0,0.005,185.8,253.9,42.25,0.166
101,2022,225,900,0,14.38,1.061,0,16.3,0,0,0,0.007,177.8,343.2,50.99,0.149
101,2022,225,1000,0,14.31,1.063,0,19.47,0,0,0,0.009,187.8,412.4,58.59,0.142
101,2022,225,1100,0,14.21,1.066,0,21.15,0,0,0,0.013,171.8,461.1,63.9,0.139
101,2022,225,1200,0,14.15,1.07,0,21.68,0,0,0,0.012,176.8,480.1,66.94,0.139
101,2022,225,1300,0,14.12,1.074,0,22.55,0,0,0,0.009,175.8,471.1,67.7,0.144
101,2022,225,1400,0,14.1,1.072,0,23.16,0,0,0,0.011,176.8,436.3,65.42,0.15
101,2022,225,1500,0,14.1,1.072,0,23.88,0,0,0,0,167.8,370.3,58.57,0.158
101,2022,225,1600,0,14.11,1.072,0,23.03,0,0,0,0.004,177.8,287.4,49.44,0.172
101,2022,225,1700,0,14.13,1.067,0,22.3,0,0,0,0.008,172.8,189.4,37.27,0.197
101,2022,225,1800,0,14.24,1.066,0,20.86,0,0,0,0.008,176.8,91.9,22.82,0.248
101,2022,225,1900,0,13.3,1.063,0,18.06,0,0,0,0.011,191.8,5.384,1.141,0.212
101,2022,225,2000,0,13.02,1.061,0,15.51,0,0,0,0.01,190.8,0,0,-7999
101,2022,225,2100,0,12.89,1.06,0,13.61,0,0,0,0.011,190.8,0,0,-7999
101,2022,225,2200,0,12.81,1.059,0,13.68,0,0,0,0.008,191.8,0,0,-7999
101,2022,225,2300,0,12.77,1.059,0,10.86,0,0,0,0.016,191.8,0,0,-7999
101,2022,226,000,0,12.75,1.059,0,9.89,0,0,0,0.022,191.8,0,0,-7999
101,2022,226,100,0,12.74,1.058,0,7.842,0,0,0,0.021,190.8,0,0,-7999
101,2022,226,200,0,12.71,1.058,0,6.672,0,0,0,0.017,190.8,0,0,-7999
101,2022,226,300,0,12.68,1.058,0,7.332,0,0,0,0.028,182.8,0,0,-7999
101,2022,226,400,0,12.65,1.056,0,5.392,0,0,0,0.017,173.8,0,0,-7999
101,2022,226,500,0,12.63,1.055,0,6.972,0,0,0,0.024,191.8,1.438,0.381,0.265
101,2022,226,600,0,12.71,1.056,0,8.8,0,0,0,0.012,190.8,63.27,14.1,0.223
101,2022,226,700,0,12.98,1.059,0,15.47,0,0,0,0.009,190.8,157,35.41,0.226
101,2022,226,800,0,13.29,1.062,0,17.56,0,0,0,0.011,171.8,254.9,43.39,0.17
101,2022,226,900,0,14.3,1.061,0,19.52,0,0,0,0.01,186.8,345.3,52.5,0.152
101,2022,226,1000,0,14.23,1.064,0,21.83,0,0,0,0.014,175.8,417.7,60.1,0.144
101,2022,226,1100,0,14.17,1.067,0,23.08,0,0,0,0.013,186.8,463.6,65.04,0.14
101,2022,226,1200,0,14.12,1.072,0,23.93,0,0,0,0.01,180.8,482.2,67.7,0.14
101,2022,226,1300,0,14.07,1.076,0,25.25,0,0,0,0.005,183.8,472.5,67.69,0.143
101,2022,226,1400,0,14.06,1.075,0,25.53,0,0,0,0.003,171.8,432.3,64.65,0.15
101,2022,226,1500,0,14.05,1.073,0,26.04,0,0,0,0.008,175.8,366.6,58.18,0.159
101,2022,226,1600,0,14.08,1.073,0,25.2,0,0,0,0.001,171.8,282.7,48.68,0.172
101,2022,226,1700,0,14.11,1.07,0,24.46,0,0,0,0.009,167.8,184.4,36.51,0.198
101,2022,226,1800,0,14.17,1.067,0,22.73,0,0,0,0.01,190.8,87.5,21.3,0.243
101,2022,226,1900,0,13.27,1.065,0,19.79,0,0,0,0.01,190.8,5.383,1.141,0.212
101,2022,226,2000,0,13.01,1.062,0,17.35,0,0,0,0.011,190.8,0,0,-7999
101,2022,226,2100,0,12.88,1.062,0,15.66,0,0,0,0.008,189.8,0,0,-7999
101,2022,226,2200,0,12.8,1.061,0,12.08,0,0,0,0.004,191.8,0,0,-7999
101,2022,226,2300,0,12.77,1.06,0,10.63,0,0,0,0.012,186.8,0,0,-7999
101,2022,227,000,0,12.75,1.059,0,9.73,0,0,0,0.012,177.8,0,0,-7999
101,2022,227,100,0,12.73,1.059,0,9.56,0,0,0,0.011,191.8,0,0,-7999
101,2022,227,200,0,12.71,1.059,0,9.12,0,0,0,0.014,182.8,0,0,-7999
101,2022,227,300,0,12.68,1.058,0,8.38,0,0,0,0.013,186.8,0,0,-7999
101,2022,227,400,0,12.66,1.058,0,10.08,0,0,0,0.015,191.8,0,0,-7999
101,2022,227,500,0,12.63,1.058,0,6.382,0,0,0,0.018,191.8,1.078,0,0
101,2022,227,600,0,12.71,1.058,0,9.38,0,0,0,0.01,191.8,57.51,12.57,0.219
101,2022,227,700,0,12.97,1.06,0,17.22,0,0,0,0.012,190.8,151.2,34.27,0.227
101,2022,227,800,0,13.3,1.062,0,17.97,0,0,0,0.012,191.8,247,42.24,0.171
101,2022,227,900,0,14.28,1.063,0,20.84,0,0,0,0.01,182.8,333.1,50.98,0.153
101,2022,227,1000,0,14.21,1.065,0,23.48,0,0,0,0.004,176.8,402.6,58.57,0.145
101,2022,227,1100,0,14.12,1.07,0,24.59,0,0,0,0.007,171.8,453.5,63.89,0.141
101,2022,227,1200,0,14.09,1.071,0,25.7,0,0,0,0.003,171.8,482.2,68.46,0.142
101,2022,227,1300,0,14.07,1.072,0,26.36,0,0,0,0.007,176.8,470.7,67.69,0.144
101,2022,227,1400,0,14.03,1.077,0,26.79,0,0,0,0.011,171.8,422.9,63.12,0.149
101,2022,227,1500,0,14.05,1.077,0,27.58,0,0,0,0.006,176.8,361.2,56.65,0.157
101,2022,227,1600,0,14.04,1.076,0,27.55,0,0,0,0.007,171.8,277.3,47.53,0.171
101,2022,227,1700,0,14.05,1.071,0,26.44,0,0,0,0.01,172.8,179.4,35.75,0.199
101,2022,227,1800,0,14.12,1.068,0,25.2,0,0,0,0.01,189.8,83.2,20.54,0.247
101,2022,227,1900,0,13.23,1.066,0,21.22,0,0,0,0.008,191.8,4.664,1.141,0.245
101,2022,227,2000,0,12.97,1.064,0,18.71,0,0,0,0.011,191.8,0,0,-7999
101,2022,227,2100,0,12.85,1.063,0,14.05,0,0,0,0.011,186.8,0,0,-7999
101,2022,227,2200,0,12.79,1.06,0,12.58,0,0,0,0.013,181.8,0,0,-7999
101,2022,227,2300,0,12.77,1.059,0,10.94,0,0,0,0.011,181.8,0,0,-7999
101,2022,228,000,0,12.75,1.059,0,11.27,0,0,0,0.013,190.8,0,0,-7999
101,2022,228,100,0,12.74,1.059,0,10.38,0,0,0,0.013,182.8,0,0,-7999
101,2022,228,200,0,12.71,1.058,0,10.26,0,0,0,0.012,187.8,0,0,-7999
101,2022,228,300,0,12.68,1.06,0,9.8,0,0,0,0.012,191.8,0,0,-7999
101,2022,228,400,0,12.66,1.058,0,9.65,0,0,0,0.014,191.8,0,0,-7999
101,2022,228,500,0,12.63,1.058,0,9.14,0,0,0,0.013,190.8,0.719,0,0
101,2022,228,600,0,12.71,1.06,0,11.24,0,0,0,0.012,191.8,50.67,11.43,0.226
101,2022,228,700,0,12.99,1.06,0,16.87,0,0,0,0.012,190.8,143.7,32.74,0.228
101,2022,228,800,0,13.33,1.062,0,19.11,0,0,0,0.009,190.8,240.9,41.48,0.172
101,2022,228,900,0,14.28,1.063,0,21.4,0,0,0,0.004,178.8,328.8,50.22,0.153
101,2022,228,1000,0,14.17,1.067,0,23.43,0,0,0,0.009,182.8,399,58.19,0.146
101,2022,228,1100,0,14.13,1.07,0,24.26,0,0,0,0.006,168.8,447.1,63.89,0.143
101,2022,228,1200,0,14.06,1.075,0,27.25,0,0,0,0.014,167.8,469.3,66.17,0.141
101,2022,228,1300,0,14.03,1.078,0,27.25,0,0,0,0.011,175.8,461,66.93,0.145
101,2022,228,1400,0,14.05,1.076,0,28.6,0,0,0,0.008,168.8,422.2,63.12,0.149
101,2022,228,1500,0,13.98,1.076,0,28.61,0,0,0,0.003,171.8,361.9,57.03,0.158
101,2022,228,1600,0,14.05,1.074,0,28.74,0,0,0,0.002,171.8,274.8,47.15,0.172
101,2022,228,1700,0,14.03,1.072,0,28.77,0,0,0,0.009,168.8,180.1,35.74,0.198
101,2022,228,1800,0,14.09,1.07,0,27.95,0,0,0,0.013,168.8,83.2,20.54,0.247
101,2022,228,1900,0,13.21,1.068,0,23.85,0,0,0,0.013,172.8,4.664,1.141,0.245
101,2022,228,2000,0,12.96,1.065,0,19.17,0,0,0,0.012,177.8,0,0,-7999
101,2022,228,2100,0,12.84,1.063,0,18.16,0,0,0,0.011,176.8,0,0,-7999
101,2022,228,2200,0,12.79,1.062,0,17.14,0,0,0,0.012,180.8,0,0,-7999
101,2022,228,2300,0,12.77,1.062,0,15.25,0,0,0,0.012,185.8,0,0,-7999
101,2022,229,000,0,12.75,1.062,0,15.5,0,0,0,0.012,186.8,0,0,-7999
101,2022,229,100,0,12.73,1.06,0,14.83,0,0,0,0.013,186.8,0,0,-7999
101,2022,229,200,0,12.72,1.061,0,13.4,0,0,0,0.012,186.8,0,0,-7999
101,2022,229,300,0,12.69,1.06,0,14.44,0,0,0,0.015,189.8,0,0,-7999
101,2022,229,400,0,12.67,1.061,0,14.01,0,0,0,0.013,190.8,0,0,-7999
101,2022,229,500,0,12.65,1.06,0,13.11,0,0,0,0.012,185.8,0.718,0,0
101,2022,229,600,0,12.73,1.061,0,16.52,0,0,0,0.013,186.8,44.18,9.14,0.207
101,2022,229,700,0,13.13,1.063,0,21.1,0,0,0,0.011,190.8,144.3,33.11,0.229
101,2022,229,800,0,13.68,1.065,0,23.57,0,0,0,0.014,186.8,262,45.65,0.174
101,2022,229,900,0,14.19,1.066,0,24.47,0,0,0,0.006,182.8,352.7,55.91,0.159
101,2022,229,1000,0,14.21,1.068,0,25.9,0,0,0,0.008,177.8,524.9,79.11,0.151
101,2022,229,1100,0,14.06,1.072,0,26.96,0,0,0,0.007,168.8,266.9,41.07,0.154
101,2022,229,1200,0,14.08,1.073,0,26.55,0,0,0,0.01,167.8,123.4,19.77,0.16
101,2022,229,1300,0,14.12,1.07,0,26.26,0,0,0,0.01,177.8,74.99,11.41,0.152
101,2022,229,1400,0,14.11,1.07,0,27.87,0,0,0,0.01,173.8,198.8,31.19,0.157
101,2022,229,1500,0,14.03,1.072,0,28.83,0,0,0,0.012,172.8,424.4,66.93,0.158
101,2022,229,1600,0,14.03,1.073,0,28.5,0,0,0,0.011,168.8,71.03,11.79,0.166
101,2022,229,1700,0,13.29,1.07,0,27.18,0,0,0,0.009,172.8,20.09,3.423,0.17
101,2022,229,1800,0,13.03,1.068,0,23.9,0,0,0,0.01,191.8,9.33,1.902,0.204
101,2022,229,1900,0,12.87,1.066,0,22,0,0,0,0.011,191.8,1.795,0.38,0.212
101,2022,229,2000,0,12.8,1.066,0,23.62,0,0,0,0.007,190.8,0,0,-7999
101,2022,229,2100,0,12.78,1.064,0,21.03,0,0,0,0.012,190.8,0,0,-7999
101,2022,229,2200,0,12.77,1.064,0,21.94,0,0,0,0.005,186.8,0,0,-7999
101,2022,229,2300,0,12.75,1.064,0,22.1,0,0,0,0.006,191.8,0,0,-7999
101,2022,230,000,0,12.73,1.062,0,20.14,0,0,0,0.011,191.8,0,0,-7999
101,2022,230,100,0,12.71,1.064,0,20.78,0,0,0,0.008,190.8,0,0,-7999
101,2022,230,200,0,12.69,1.064,0,22.98,0,0,0,0.013,191.8,0,0,-7999
101,2022,230,300,0,12.68,1.064,0,22.25,0,0,0,0.008,190.8,0,0,-7999
101,2022,230,400,0,12.68,1.064,0,19.51,0,0,0,0.013,191.8,0,0,-7999
101,2022,230,500,0,12.67,1.062,0,20.37,0,0,0,0.011,191.8,0,0,-7999
101,2022,230,600,0,12.67,1.062,0,18.34,0,0,0,0.01,190.8,5.026,0.761,0.151
101,2022,230,700,0,12.73,1.063,0,23.17,0,0,0,0.011,190.8,20.11,3.425,0.17
101,2022,230,800,0,12.95,1.064,0,23.21,0,0,0,0.01,190.8,44.51,6.848,0.154
101,2022,230,900,0,13.46,1.065,0,23.23,0,0,0,0.008,191.8,90.4,14.46,0.16
101,2022,230,1000,0,13.63,1.066,0,23.95,0,0,0,0.009,191.8,70.34,11.03,0.157
101,2022,230,1100,0,13.72,1.065,0,23.58,0,0,0,0.008,191.8,64.6,9.89,0.153
101,2022,230,1200,0,14.24,1.067,0,24.16,0,0,0,0.01,190.8,92.6,14.45,0.156
101,2022,230,1300,0,14.2,1.069,0,25.68,0,0,0,0.007,182.8,190.2,29.67,0.156
101,2022,230,1400,0,14.15,1.067,0,25.58,0,0,0,0.009,185.8,135.6,22.06,0.163
101,2022,230,1500,0,14.19,1.071,0,25.39,0,0,0,0.005,190.8,198.8,31.19,0.157
101,2022,230,1600,0,14.17,1.07,0,25.35,0,0,0,0.007,190.8,72.48,11.79,0.163
101,2022,230,1700,0,14.23,1.068,0,24.83,0,0,0,0.008,191.8,73.2,12.93,0.177
101,2022,230,1800,0,14.23,1.068,0,24.12,0,0,0,0.009,191.8,37.32,6.847,0.183
101,2022,230,1900,0,13.16,1.067,0,22.89,0,0,0,0.009,191.8,1.077,0.38,0.353
101,2022,230,2000,0,12.96,1.065,0,22.24,0,0,0,0.011,191.8,0,0,-7999
101,2022,230,2100,0,12.86,1.064,0,21.75,0,0,0,0.011,190.8,0,0,-7999
101,2022,230,2200,0,12.8,1.064,0,21.27,0,0,0,0.01,191.8,0,0,-7999
101,2022,230,2300,0,12.78,1.064,0,21.45,0,0,0,0.011,190.8,0,0,-7999
101,2022,231,000,0,12.77,1.063,0,21.03,0,0,0,0.011,191.8,0,0,-7999
101,2022,231,100,0,12.76,1.063,0,17.85,0,0,0,0.013,190.8,0,0,-7999
101,2022,231,200,0,12.74,1.062,0,17.13,0,0,0,0.013,190.8,0,0,-7999
101,2022,231,300,0,12.73,1.063,0,20.47,0,0,0,0.011,191.8,0,0,-7999
101,2022,231,400,0,12.71,1.062,0,19.72,0,0,0,0.011,190.8,0,0,-7999
101,2022,231,500,0,12.7,1.062,0,16.91,0,0,0,0.011,191.8,0.359,0,0
101,2022,231,600,0,12.79,1.063,0,16.99,0,0,0,0.009,191.8,51.7,11.42,0.221
101,2022,231,700,0,13.42,1.063,0,23.61,0,0,0,0.012,191.8,168,34.63,0.206
101,2022,231,800,0,14.2,1.066,0,23.39,0,0,0,0.007,190.8,222.1,37.27,0.168
101,2022,231,900,0,14.19,1.066,0,23.92,0,0,0,0.007,186.8,179.4,28.91,0.161
101,2022,231,1000,0,14.2,1.067,0,23.99,0,0,0,0.003,186.8,380.3,57.05,0.15
101,2022,231,1100,0,14.1,1.072,0,25.46,0,0,0,0.003,177.8,428.7,61.61,0.144
101,2022,231,1200,0,14.07,1.076,0,27.03,0,0,0,0.009,181.8,452,66.16,0.146
101,2022,231,1300,0,14.03,1.079,0,28.86,0,0,0,0,167.8,489.3,73,0.149
101,2022,231,1400,0,13.97,1.079,0,27.68,0,0,0,0.009,168.8,130.2,19.77,0.152
101,2022,231,1500,0,14.06,1.076,0,25.18,0,0,0,0.006,176.8,133.5,21.29,0.16
101,2022,231,1600,0,14.11,1.072,0,25.54,0,0,0,0.004,184.8,345.2,60.09,0.174
101,2022,231,1700,0,14.08,1.07,0,25.07,0,0,0,0.006,185.8,165,34.23,0.207
101,2022,231,1800,0,14.19,1.068,0,22.82,0,0,0,0.007,189.8,78.22,18.64,0.238
101,2022,231,1900,0,13.16,1.066,0,19.39,0,0,0,0.007,191.8,3.948,0.761,0.193
101,2022,231,2000,0,12.93,1.063,0,18.07,0,0,0,0.008,190.8,0,0,-7999
101,2022,231,2100,0,12.82,1.062,0,17.08,0,0,0,0.008,191.8,0,0,-7999
101,2022,231,2200,0,12.79,1.063,0,15.96,0,0,0,0.009,190.8,0,0,-7999
101,2022,231,2300,0,12.77,1.062,0,15.4,0,0,0,0.007,190.8,0,0,-7999
101,2022,232,000,0,12.76,1.063,0,15.01,0,0,0,0.007,191.8,0,0,-7999
101,2022,232,100,0,12.74,1.062,0,14.46,0,0,0,0.008,191.8,0,0,-7999
101,2022,232,200,0,12.73,1.062,0,13.9,0,0,0,0.006,191.8,0,0,-7999
101,2022,232,300,0,12.72,1.062,0,14.52,0,0,0,0.014,191.8,0,0,-7999
101,2022,232,400,0,12.7,1.06,0,13.02,0,0,0,0.007,191.8,0,0,-7999
101,2022,232,500,0,12.68,1.062,0,12.77,0,0,0,0.015,190.8,0.359,0,0
101,2022,232,600,0,12.73,1.061,0,13.86,0,0,0,0.01,191.8,39.87,8.76,0.22
101,2022,232,700,0,12.99,1.062,0,17.35,0,0,0,0.006,190.8,129.3,30.07,0.233
101,2022,232,800,0,13.33,1.063,0,19.18,0,0,0,0.005,191.8,224,40.33,0.18
101,2022,232,900,0,14.26,1.063,0,20.97,0,0,0,0.011,177.8,315.8,50.22,0.159
101,2022,232,1000,0,14.21,1.066,0,22.93,0,0,0,0,171.8,389.3,58.19,0.149
101,2022,232,1100,0,14.13,1.071,0,24.47,0,0,0,0.014,167.8,442,64.65,0.146
101,2022,232,1200,0,14.07,1.076,0,25.46,0,0,0,0.001,181.8,468.5,68.45,0.146
101,2022,232,1300,0,14.05,1.078,0,26.56,0,0,0,0.008,175.8,459.5,69.21,0.151
101,2022,232,1400,0,14.05,1.075,0,26.36,0,0,0,-0.002,172.8,416.9,65.41,0.157
101,2022,232,1500,0,14.12,1.074,0,26.18,0,0,0,0,173.8,356.6,59.32,0.166
101,2022,232,1600,0,14.1,1.072,0,25.12,0,0,0,0.005,174.8,270.5,49.44,0.183
101,2022,232,1700,0,14.15,1.07,0,23.87,0,0,0,0.005,185.8,175.8,37.27,0.212
101,2022,232,1800,0,14.22,1.066,0,21.88,0,0,0,0.01,186.8,78.58,20.16,0.257
101,2022,232,1900,0,13.22,1.065,0,19.73,0,0,0,0.01,186.8,2.512,0.38,0.151
101,2022,232,2000,0,12.98,1.065,0,18.89,0,0,0,0.01,185.8,0,0,-7999
101,2022,232,2100,0,12.86,1.062,0,17.94,0,0,0,0.009,191.8,0,0,-7999
101,2022,232,2200,0,12.8,1.062,0,16.58,0,0,0,0.01,191.8,0,0,-7999
101,2022,232,2300,0,12.77,1.062,0,16,0,0,0,0.009,182.8,0,0,-7999
101,2022,233,000,0,12.76,1.062,0,15.26,0,0,0,0.011,191.8,0,0,-7999
101,2022,233,100,0,12.74,1.062,0,15.54,0,0,0,0.012,190.8,0,0,-7999
101,2022,233,200,0,12.73,1.062,0,15.81,0,0,0,0.009,189.8,0,0,-7999
101,2022,233,300,0,12.72,1.062,0,15.69,0,0,0,0.011,185.8,0,0,-7999
101,2022,233,400,0,12.69,1.062,0,12.23,0,0,0,0.014,191.8,0,0,-7999
101,2022,233,500,0,12.68,1.06,0,13.71,0,0,0,0.015,190.8,0.359,0,0
101,2022,233,600,0,12.73,1.06,0,15.4,0,0,0,0.015,177.8,48.49,11.42,0.236
101,2022,233,700,0,12.95,1.063,0,19.47,0,0,0,0.011,184.8,144.7,34.64,0.239
101,2022,233,800,0,13.21,1.064,0,20.84,0,0,0,0.01,172.8,243.4,43.75,0.18
101,2022,233,900,0,14.27,1.065,0,22.84,0,0,0,0.013,173.8,331.6,52.49,0.158
101,2022,233,1000,0,14.18,1.067,0,23.8,0,0,0,0.012,168.8,401.1,59.71,0.149
101,2022,233,1100,0,14.12,1.072,0,24.94,0,0,0,0.01,167.8,448.5,65.41,0.146
101,2022,233,1200,0,14.06,1.076,0,26.31,0,0,0,0.008,175.8,465.3,68.45,0.147
101,2022,233,1300,0,14.02,1.081,0,27.35,0,0,0,0.003,176.8,468.8,71.48,0.152
101,2022,233,1400,0,14.06,1.078,0,26.28,0,0,0,0.008,167.8,189.8,29.66,0.156
101,2022,233,1500,0,14.03,1.077,0,28.47,0,0,0,0.004,167.8,359.8,60.08,0.167
101,2022,233,1600,0,14.03,1.075,0,27.58,0,0,0,0.007,179.8,265.1,48.67,0.184
101,2022,233,1700,0,14.08,1.072,0,26.6,0,0,0,0.011,167.8,155.7,31.94,0.205
101,2022,233,1800,0,14.18,1.07,0,25.38,0,0,0,0.012,167.8,69.61,17.49,0.251
101,2022,233,1900,0,13.11,1.068,0,21.26,0,0,0,0.008,191.8,1.077,0.38,0.353
101,2022,233,2000,0,12.92,1.065,0,19.66,0,0,0,0.009,190.8,0,0,-7999
101,2022,233,2100,0,12.82,1.063,0,17.69,0,0,0,0.01,182.8,0,0,-7999
101,2022,233,2200,0,12.78,1.062,0,16.11,0,0,0,0.008,181.8,0,0,-7999
101,2022,233,2300,0,12.77,1.063,0,15.72,0,0,0,0.009,190.8,0,0,-7999
101,2022,234,000,0,12.76,1.062,0,15.98,0,0,0,0.01,191.8,0,0,-7999
101,2022,234,100,0,12.74,1.062,0,16.74,0,0,0,0.01,190.8,0,0,-7999
101,2022,234,200,0,12.72,1.064,0,16.38,0,0,0,0.009,191.8,0,0,-7999
101,2022,234,300,0,12.7,1.062,0,15.09,0,0,0,0.013,191.8,0,0,-7999
101,2022,234,400,0,12.68,1.062,0,13.49,0,0,0,0.009,185.8,0,0,-7999
101,2022,234,500,0,12.67,1.062,0,14.27,0,0,0,0.015,190.8,0,0,-7999
101,2022,234,600,0,12.72,1.06,0,13.58,0,0,0,0.012,191.8,43.47,10.28,0.237
101,2022,234,700,0,12.94,1.062,0,16.89,0,0,0,0.008,190.8,139,33.12,0.238
101,2022,234,800,0,13.21,1.064,0,20.77,0,0,0,0.014,186.8,236.2,42.62,0.18
101,2022,234,900,0,14.28,1.064,0,21.19,0,0,0,0.009,176.8,322.6,50.98,0.158
101,2022,234,1000,0,14.2,1.067,0,22.84,0,0,0,0.008,167.8,393.2,58.95,0.15
101,2022,234,1100,0,14.12,1.072,0,24.05,0,0,0,0.014,172.8,436.3,63.89,0.146
101,2022,234,1200,0,14.1,1.074,0,24.6,0,0,0,0.006,168.8,456,66.93,0.147
101,2022,234,1300,0,14.07,1.076,0,25.36,0,0,0,0.002,192.8,444.8,67.69,0.152
101,2022,234,1400,0,14.08,1.075,0,24.57,0,0,0,-0.002,173.8,407.9,63.88,0.157
101,2022,234,1500,0,14.08,1.077,0,24.84,0,0,0,0.002,181.8,343,57.42,0.167
101,2022,234,1600,0,14.13,1.074,0,23.53,0,0,0,0,173.8,259.4,47.54,0.183
101,2022,234,1700,0,14.18,1.07,0,22.14,0,0,0,0.004,182.8,163.6,34.61,0.212
101,2022,234,1800,0,14.24,1.066,0,20.57,0,0,0,0.008,191.8,72.12,18.26,0.253
101,2022,234,1900,0,13.21,1.064,0,17.86,0,0,0,0.008,185.8,2.871,0.38,0.133
101,2022,234,2000,0,12.98,1.064,0,16.27,0,0,0,0.008,182.8,0,0,-7999
101,2022,234,2100,0,12.86,1.064,0,15.47,0,0,0,0.009,186.8,0,0,-7999
101,2022,234,2200,0,12.8,1.063,0,14.75,0,0,0,0.008,191.8,0,0,-7999
101,2022,234,2300,0,12.77,1.061,0,11.65,0,0,0,0.012,183.8,0,0,-7999
101,2022,235,000,0,12.75,1.059,0,11.55,0,0,0,0.013,191.8,0,0,-7999
101,2022,235,100,0,12.74,1.06,0,9.95,0,0,0,0.013,182.8,0,0,-7999
101,2022,235,200,0,12.72,1.06,0,8.97,0,0,0,0.017,190.8,0,0,-7999
101,2022,235,300,0,12.7,1.06,0,8.58,0,0,0,0.007,191.8,0,0,-7999
101,2022,235,400,0,12.68,1.06,0,9.06,0,0,0,0.015,191.8,0,0,-7999
101,2022,235,500,0,12.65,1.058,0,7.642,0,0,0,0.012,190.8,0.359,0,0
101,2022,235,600,0,12.7,1.059,0,9.3,0,0,0,0.009,191.8,37.73,8.76,0.232
101,2022,235,700,0,12.94,1.06,0,15.91,0,0,0,0.014,189.8,131.1,31.6,0.241
101,2022,235,800,0,13.27,1.063,0,17.22,0,0,0,0.01,190.8,227.6,42.24,0.186
101,2022,235,900,0,14.31,1.064,0,19.17,0,0,0,0.015,181.8,315.9,50.98,0.161
101,2022,235,1000,0,14.24,1.066,0,21.12,0,0,0,0.011,177.8,383.6,58.2,0.152
101,2022,235,1100,0,14.16,1.068,0,22.01,0,0,0,0.01,171.8,432.3,63.89,0.148
101,2022,235,1200,0,14.09,1.072,0,24.38,0,0,0,0.006,173.8,449.2,66.93,0.149
101,2022,235,1300,0,14.1,1.074,0,23.29,0,0,0,0.007,181.8,420.4,63.88,0.152
101,2022,235,1400,0,13.97,1.071,0,25.89,0,0,0,0.009,182.8,472.2,73.78,0.156
101,2022,235,1500,0,14.03,1.074,0,25.1,0,0,0,0.008,176.8,379.5,62.35,0.164
101,2022,235,1600,0,14.05,1.073,0,25.9,0,0,0,0.009,176.8,262.9,47.91,0.182
101,2022,235,1700,0,14.08,1.07,0,25.73,0,0,0,0.011,172.8,177.2,36.51,0.206
101,2022,235,1800,0,14.13,1.069,0,25.14,0,0,0,0.014,176.8,66.02,16.73,0.253
101,2022,235,1900,0,13.18,1.066,0,20.19,0,0,0,0.008,190.8,2.153,0.38,0.177
101,2022,235,2000,0,12.97,1.064,0,16.91,0,0,0,0.014,186.8,0,0,-7999
101,2022,235,2100,0,12.85,1.062,0,15.63,0,0,0,0.014,191.8,0,0,-7999
101,2022,235,2200,0,12.79,1.061,0,13.48,0,0,0,0.011,191.8,0,0,-7999
101,2022,235,2300,0,12.77,1.061,0,13.62,0,0,0,0.012,190.8,0,0,-7999
101,2022,236,000,0,12.76,1.06,0,13.47,0,0,0,0.01,186.8,0,0,-7999
101,2022,236,100,0,12.74,1.06,0,12.89,0,0,0,0.01,190.8,0,0,-7999
101,2022,236,200,0,12.72,1.061,0,11.63,0,0,0,0.015,190.8,0,0,-7999
101,2022,236,300,0,12.69,1.059,0,10.6,0,0,0,0.009,191.8,0,0,-7999
101,2022,236,400,0,12.68,1.06,0,10.83,0,0,0,0.015,190.8,0,0,-7999
101,2022,236,500,0,12.65,1.06,0,11.38,0,0,0,0.02,187.8,0,0,-7999
101,2022,236,600,0,12.7,1.06,0,11.56,0,0,0,0.014,191.8,34.85,8.38,0.24
101,2022,236,700,0,12.94,1.062,0,18.35,0,0,0,0.011,190.8,128.6,30.84,0.24
101,2022,236,800,0,13.3,1.064,0,19.63,0,0,0,0.008,181.8,224.7,42.24,0.188
101,2022,236,900,0,14.3,1.064,0,20.47,0,0,0,0.005,181.8,311.5,50.6,0.162
101,2022,236,1000,0,14.23,1.067,0,21.88,0,0,0,0.009,175.8,381.4,58.19,0.153
101,2022,236,1100,0,14.18,1.07,0,23.53,0,0,0,0.008,168.8,428.4,63.13,0.147
101,2022,236,1200,0,14.1,1.072,0,24.82,0,0,0,0.006,173.8,447.4,66.17,0.148
101,2022,236,1300,0,14.08,1.074,0,25.63,0,0,0,0,168.8,437.3,66.16,0.151
101,2022,236,1400,0,14.04,1.075,0,25.93,0,0,0,0.004,176.8,398.9,62.36,0.156
101,2022,236,1500,0,14.04,1.074,0,26.79,0,0,0,0.003,176.8,332.5,55.51,0.167
101,2022,236,1600,0,14.06,1.074,0,26.12,0,0,0,0.005,173.8,268.3,48.67,0.181
101,2022,236,1700,0,14.07,1.069,0,24.69,0,0,0,0.009,177.8,23.68,4.183,0.177
101,2022,236,1800,0,13.4,1.067,0,22.92,0,0,0,0.007,190.8,13.64,2.282,0.167
101,2022,236,1900,0,13.12,1.064,0,20.33,0,0,0,0.012,185.8,1.795,0.38,0.212
101,2022,236,2000,0,12.93,1.064,0,17.4,0,0,0,0.009,190.8,0,0,-7999
101,2022,236,2100,0,12.84,1.063,0,15.27,0,0,0,0.012,186.8,0,0,-7999
101,2022,236,2200,0,12.79,1.061,0,14.9,0,0,0,0.013,187.8,0,0,-7999
101,2022,236,2300,0,12.77,1.061,0,14.09,0,0,0,0.013,185.8,0,0,-7999
101,2022,237,000,0,12.75,1.06,0,13.45,0,0,0,0.015,191.8,0,0,-7999
101,2022,237,100,0,12.73,1.06,0,12.96,0,0,0,0.013,190.8,0,0,-7999
101,2022,237,200,0,12.71,1.06,0,11.71,0,0,0,0.01,182.8,0,0,-7999
101,2022,237,300,0,12.69,1.059,0,11.47,0,0,0,0.014,191.8,0,0,-7999
101,2022,237,400,0,12.66,1.06,0,11.75,0,0,0,0.012,187.8,0,0,-7999
101,2022,237,500,0,12.65,1.059,0,11.58,0,0,0,0.01,191.8,0,0,-7999
101,2022,237,600,0,12.69,1.061,0,12.97,0,0,0,0.016,190.8,33.77,7.997,0.237
101,2022,237,700,0,12.95,1.062,0,19.76,0,0,0,0.013,190.8,126.8,30.45,0.24
101,2022,237,800,0,13.31,1.064,0,21.39,0,0,0,0.012,176.8,223.3,42.23,0.189
101,2022,237,900,0,14.24,1.066,0,23.21,0,0,0,0.011,181.8,310.4,50.97,0.164
101,2022,237,1000,0,14.16,1.068,0,24.88,0,0,0,0.011,176.8,380.3,57.81,0.152
101,2022,237,1100,0,14.1,1.072,0,25.45,0,0,0,0.006,171.8,430.9,64.65,0.15
101,2022,237,1200,0,14.06,1.076,0,25.42,0,0,0,0.009,173.8,115.1,17.49,0.152
101,2022,237,1300,0,14.03,1.077,0,27.28,0,0,0,0.001,167.8,465.2,71.48,0.154
101,2022,237,1400,0,13.98,1.078,0,27.47,0,0,0,0.009,171.8,417.1,66.91,0.16
101,2022,237,1500,0,13.99,1.078,0,27.48,0,0,0,0.01,168.8,123.4,19.77,0.16
101,2022,237,1600,0,14.01,1.076,0,27.81,0,0,0,0.008,177.8,253.9,47.91,0.189
101,2022,237,1700,0,14.05,1.072,0,26.58,0,0,0,0.005,173.8,150.7,32.7,0.217
101,2022,237,1800,0,14.12,1.07,0,25.45,0,0,0,0.01,190.8,63.15,15.97,0.253
101,2022,237,1900,0,13.14,1.068,0,21.62,0,0,0,0.007,191.8,1.794,0.38,0.212
101,2022,237,2000,0,12.93,1.065,0,19.64,0,0,0,0.007,190.8,0,0,-7999
101,2022,237,2100,0,12.83,1.064,0,17.72,0,0,0,0.006,190.8,0,0,-7999
101,2022,237,2200,0,12.79,1.064,0,14.72,0,0,0,0.012,191.8,0,0,-7999
101,2022,237,2300,0,12.78,1.062,0,15.65,0,0,0,0.007,189.8,0,0,-7999
101,2022,238,000,0,12.77,1.062,0,15.75,0,0,0,0.008,190.8,0,0,-7999
101,2022,238,100,0,12.74,1.061,0,15.57,0,0,0,0.01,190.8,0,0,-7999
101,2022,238,200,0,12.72,1.062,0,14.18,0,0,0,0.014,191.8,0,0,-7999
101,2022,238,300,0,12.7,1.061,0,13.8,0,0,0,0.014,191.8,0,0,-7999
101,2022,238,400,0,12.68,1.061,0,13.57,0,0,0,0.008,183.8,0,0,-7999
101,2022,238,500,0,12.67,1.062,0,13.42,0,0,0,0.009,191.8,0,0,-7999
101,2022,238,600,0,12.71,1.062,0,14.79,0,0,0,0.007,191.8,33.76,8.38,0.248
101,2022,238,700,0,12.93,1.063,0.09,16.51,0,0,0,0.008,191.8,128.6,31.21,0.243
101,2022,238,800,0,13.24,1.063,0,17.99,0,0,0,0.004,192.8,223.3,42.24,0.189
101,2022,238,900,0,14.28,1.066,0,19.44,0,0,0,0.002,181.8,311.2,50.22,0.161
101,2022,238,1000,0,14.23,1.068,0,21.74,0,0,0,0.009,173.8,382.5,58.57,0.153
101,2022,238,1100,0,14.17,1.071,0,22.58,0,0,0,0.003,172.8,429.8,64.65,0.15
101,2022,238,1200,0,14.12,1.074,0,23.23,0,0,0,0.006,177.8,446.3,67.7,0.152
101,2022,238,1300,0,14.11,1.077,0,24.03,0,0,0,0.001,177.8,438,68.45,0.156
101,2022,238,1400,0,14.09,1.078,0,23.89,0,0,0,0.002,172.8,402.2,65.41,0.163
101,2022,238,1500,0,14.1,1.076,0,23.59,0,0,0,0.006,168.8,335.8,57.8,0.172
101,2022,238,1600,0,14.17,1.074,0,22.35,0,0,0,0.005,181.8,261.9,50.2,0.192
101,2022,238,1700,0,14.25,1.067,0,20.07,0,0,0,0.008,185.8,68.89,12.17,0.177
101,2022,238,1800,0,14.31,1.066,0,19.5,0,0,0,0.009,182.8,104.4,24.35,0.233
101,2022,238,1900,0,13.21,1.064,0,16.77,0,0,0,0.009,190.8,1.436,0.38,0.265
101,2022,238,2000,0,13,1.063,0,14.53,0,0,0,0.009,190.8,0,0,-7999
101,2022,238,2100,0,12.88,1.062,0,13.03,0,0,0,0.009,191.8,0,0,-7999
101,2022,238,2200,0,12.81,1.062,0,11.77,0,0,0,0.009,190.8,0,0,-7999
101,2022,238,2300,0,12.78,1.06,0,11.21,0,0,0,0.008,191.8,0,0,-7999
101,2022,239,000,0,12.76,1.061,0,11.19,0,0,0,0.009,191.8,0,0,-7999
101,2022,239,100,0,12.75,1.061,0,11.32,0,0,0,0.008,191.8,0,0,-7999
101,2022,239,200,0,12.73,1.062,0,10.85,0,0,0,0.01,190.8,0,0,-7999
101,2022,239,300,0,12.71,1.06,0,10.53,0,0,0,0.011,191.8,0,0,-7999
101,2022,239,400,0,12.69,1.06,0,10.11,0,0,0,0.01,187.8,0,0,-7999
101,2022,239,500,0,12.67,1.06,0,9.62,0,0,0,0.015,191.8,0,0,-7999
101,2022,239,600,0,12.7,1.061,0,9.39,0,0,0,0.01,191.8,35.93,8.76,0.244
101,2022,239,700,0,12.92,1.062,0,10.95,0,0,0,0.008,190.8,132.9,31.98,0.241
101,2022,239,800,0,13.27,1.062,0,12.75,0,0,0,0.011,186.8,242,46.06,0.19
101,2022,239,900,0,14.42,1.062,0,14.73,0,0,0,0.009,182.8,360.5,58.99,0.164
101,2022,239,1000,0,14.36,1.064,0,14.78,0,0,0,0,173.8,398.4,62.02,0.156
101,2022,239,1100,0,14.31,1.068,0,15.75,0,0,0,0,167.8,479.9,74.57,0.155
101,2022,239,1200,0,14.3,1.068,0,16.44,0,0,0,0.005,186.8,389.8,60.87,0.156
101,2022,239,1300,0,14.22,1.07,0,18.51,0,0,0,0.002,176.8,446.7,69.98,0.157
101,2022,239,1400,0,14.2,1.072,0,18.2,0,0,0,0.001,168.8,432,69.98,0.162
101,2022,239,1500,0,14.2,1.072,0,19.01,0,0,0,0.006,176.8,342.3,58.57,0.171
101,2022,239,1600,0,14.21,1.07,0,18.84,0,0,0,0.005,172.8,272.3,50.96,0.187
101,2022,239,1700,0,14.27,1.066,0,16.92,0,0,0,0.01,168.8,122.4,25.1,0.205
101,2022,239,1800,0,14.37,1.066,0,15.05,0,0,0,0.011,177.8,63.89,16.74,0.262
101,2022,239,1900,0,13.24,1.062,0,12.47,0,0,0,0.009,181.8,1.077,0.381,0.353
101,2022,239,2000,0,13.04,1.062,0,11.52,0,0,0,0.01,190.8,0,0,-7999
101,2022,239,2100,0,12.91,1.061,0,10.95,0,0,0,0.011,181.8,0,0,-7999
101,2022,239,2200,0,12.81,1.059,0,8.53,0,0,0,0.012,185.8,0,0,-7999
101,2022,239,2300,0,12.77,1.06,0,6.252,0,0,0,0.011,182.8,0,0,-7999
101,2022,240,000,0,12.75,1.06,0,6.582,0,0,0,0.012,190.8,0,0,-7999
101,2022,240,100,0,12.74,1.058,0,4.202,0,0,0,0.011,190.8,0,0,-7999
101,2022,240,200,0,12.72,1.059,0,4.702,0,0,0,0.014,190.8,0,0,-7999
101,2022,240,300,0,12.7,1.058,0,3.272,0,0,0,0.012,191.8,0,0,-7999
101,2022,240,400,0,12.67,1.057,0,3.372,0,0,0,0.012,191.8,0,0,-7999
101,2022,240,500,0,12.64,1.057,0,3.242,0,0,0,0.012,190.8,0,0,-7999
101,2022,240,600,0,12.67,1.058,0,4.072,0,0,0,0.014,189.8,30.2,7.241,0.24
101,2022,240,700,0,12.89,1.061,0,8.45,0,0,0,0.013,190.8,127.9,30.47,0.238
101,2022,240,800,0,13.22,1.062,0,11.2,0,0,0,0.009,184.8,223,43.02,0.193
101,2022,240,900,0,14.47,1.061,0,12.8,0,0,0,0.01,177.8,310.6,50.62,0.163
101,2022,240,1000,0,14.35,1.063,0,15.37,0,0,0,0.009,172.8,381.2,58.97,0.155
101,2022,240,1100,0,14.25,1.068,0,17.81,0,0,0,0.009,186.8,426.3,64.66,0.152
101,2022,240,1200,0,14.17,1.072,0,20.59,0,0,0,0.017,175.8,446.3,67.7,0.152
101,2022,240,1300,0,14.14,1.074,0,21.23,0,0,0,0.004,181.8,435.6,66.93,0.154
101,2022,240,1400,0,14.12,1.073,0,22.17,0,0,0,0.004,176.8,396.1,63.12,0.159
101,2022,240,1500,0,14.11,1.072,0,21.9,0,0,0,0.009,174.8,331.8,56.28,0.17
101,2022,240,1600,0,14.13,1.071,0,22.32,0,0,0,0.008,168.8,248.3,46.4,0.187
101,2022,240,1700,0,14.17,1.066,0,21.54,0,0,0,0.01,173.8,151.4,32.71,0.216
101,2022,240,1800,0,14.24,1.066,0,20.84,0,0,0,0.013,172.8,58.49,15.21,0.26
101,2022,240,1900,0,13.2,1.065,0,16.18,0,0,0,0.013,173.8,1.077,0.38,0.353
101,2022,240,2000,0,13.01,1.062,0,12.7,0,0,0,0.01,190.8,0,0,-7999
101,2022,240,2100,0,12.89,1.062,0,12.42,0,0,0,0.016,189.8,0,0,-7999
101,2022,240,2200,0,12.81,1.06,0,11.13,0,0,0,0.016,181.8,0,0,-7999
101,2022,240,2300,0,12.78,1.06,0,10.38,0,0,0,0.015,185.8,0,0,-7999
101,2022,241,000,0,12.76,1.06,0,9.68,0,0,0,0.013,191.8,0,0,-7999
101,2022,241,100,0,12.74,1.06,0,8.43,0,0,0,0.014,190.8,0,0,-7999
101,2022,241,200,0,12.71,1.06,0,8.63,0,0,0,0.011,185.8,0,0,-7999
101,2022,241,300,0,12.68,1.06,0,7.882,0,0,0,0.016,190.8,0,0,-7999
101,2022,241,400,0,12.66,1.058,0,7.042,0,0,0,0.016,186.8,0,0,-7999
101,2022,241,500,0,12.64,1.058,0,6.562,0,0,0,0.012,191.8,0,0,-7999
101,2022,241,600,0,12.66,1.058,0,7.822,0,0,0,0.014,191.8,25.88,6.096,0.236
101,2022,241,700,0,12.9,1.06,0,13.92,0,0,0,0.013,190.8,112.5,27.04,0.24
101,2022,241,800,0,13.29,1.063,0,17.8,0,0,0,0.017,185.8,228.7,44.91,0.196
101,2022,241,900,0,14.34,1.064,0,19.06,0,0,0,0.007,173.8,300.1,49.84,0.166
101,2022,241,1000,0,14.25,1.068,0,20.23,0,0,0,0.01,171.8,368.9,58.2,0.158
101,2022,241,1100,0,14.16,1.07,0,22.57,0,0,0,0.008,177.8,402.2,62.37,0.155
101,2022,241,1200,0,14.13,1.074,0,23.37,0,0,0,0.014,168.8,454.9,69.98,0.154
101,2022,241,1300,0,14.1,1.075,0,24.5,0,0,0,0.012,168.8,310.7,49.43,0.159
101,2022,241,1400,0,14.08,1.074,0,25.44,0,0,0,0.007,171.8,328.2,53.24,0.162
101,2022,241,1500,0,14.13,1.072,0,24.68,0,0,0,0.009,173.8,258.3,44.11,0.171
101,2022,241,1600,0,14.13,1.072,0,24.9,0,0,0,0.006,167.8,207.4,38.79,0.187
101,2022,241,1700,0,14.14,1.07,0,24.64,0,0,0,0.009,168.8,126.3,27,0.214
101,2022,241,1800,0,14.2,1.068,0,23.49,0,0,0,0.013,168.8,40.9,5.705,0.139
101,2022,241,1900,0,13.17,1.067,0,18.31,0,0,0,0.009,181.8,0.718,0.38,0.53
101,2022,241,2000,0,12.98,1.064,0,17.15,0,0,0,0.011,191.8,0,0,-7999
101,2022,241,2100,0,12.87,1.063,0,16.06,0,0,0,0.015,185.8,0,0,-7999
101,2022,241,2200,0,12.8,1.063,0,15.04,0,0,0,0.014,186.8,0,0,-7999
101,2022,241,2300,0,12.77,1.062,0,13.91,0,0,0,0.015,185.8,0,0,-7999
101,2022,242,000,0,12.76,1.062,0,12.73,0,0,0,0.013,186.8,0,0,-7999
101,2022,242,100,0,12.74,1.062,0,12.63,0,0,0,0.011,190.8,0,0,-7999
101,2022,242,200,0,12.72,1.061,0,11.15,0,0,0,0.017,189.8,0,0,-7999
101,2022,242,300,0,12.69,1.061,0,10.83,0,0,0,0.01,186.8,0,0,-7999
101,2022,242,400,0,12.66,1.061,0,10.9,0,0,0,0.017,190.8,0,0,-7999
101,2022,242,500,0,12.64,1.062,0,10.93,0,0,0,0.013,190.8,0,0,-7999
101,2022,242,600,0,12.67,1.061,0,10.81,0,0,0,0.014,189.8,26.95,4.189,0.155
101,2022,242,700,0,12.95,1.062,0,17.81,0,0,0,0.014,190.8,128.2,30.08,0.235
101,2022,242,800,0,13.38,1.065,0,19.85,0,0,0,0.01,190.8,214.3,42.24,0.197
101,2022,242,900,0,14.26,1.066,0,22.5,0,0,0,0.015,168.8,305.8,50.98,0.167
101,2022,242,1000,0,14.18,1.069,0,24.53,0,0,0,0.01,168.8,394.7,62.37,0.158
101,2022,242,1100,0,14.13,1.075,0,25.26,0,0,0,0.007,167.8,471.4,73.01,0.155
101,2022,242,1200,0,14.12,1.074,0,25.02,0,0,0,0.009,167.8,458.2,70.74,0.154
101,2022,242,1300,0,14.03,1.077,0,28.74,0,0,0,0.007,172.8,426.1,66.15,0.155
101,2022,242,1400,0,13.95,1.08,0,30.1,0,0,0,0.009,176.8,387.7,62.35,0.161
101,2022,242,1500,0,13.94,1.08,0,30.87,0,0,0,0.008,171.8,282.6,49.81,0.176
101,2022,242,1600,0,13.95,1.079,0,31.03,0,0,0,0.008,167.8,237.4,44.86,0.189
101,2022,242,1700,0,14,1.075,0,30.04,0,0,0,0.012,168.8,139.2,30.42,0.219
101,2022,242,1800,0,14.09,1.072,0,29.12,0,0,0,0.017,176.8,45.92,12.17,0.265
101,2022,242,1900,0,13.09,1.068,0,22.97,0,0,0,0.015,177.8,0.359,0.38,1.06
101,2022,242,2000,0,12.92,1.065,0,20.35,0,0,0,0.006,190.8,0,0,-7999
101,2022,242,2100,0,12.82,1.064,0,19.87,0,0,0,0.012,180.8,0,0,-7999
101,2022,242,2200,0,12.78,1.064,0,20.08,0,0,0,0.008,190.8,0,0,-7999
101,2022,242,2300,0,12.77,1.065,0,20.81,0,0,0,0.011,190.8,0,0,-7999
101,2022,243,000,0,12.75,1.064,0,16.27,0,0,0,0.012,190.8,0,0,-7999
101,2022,243,100,0,12.74,1.063,0,15.33,0,0,0,0.016,185.8,0,0,-7999
101,2022,243,200,0,12.72,1.062,0,13.49,0,0,0,0.013,190.8,0,0,-7999
101,2022,243,300,0,12.69,1.062,0,12.6,0,0,0,0.011,189.8,0,0,-7999
101,2022,243,400,0,12.67,1.061,0,11.57,0,0,0,0.012,187.8,0,0,-7999
101,2022,243,500,0,12.65,1.061,0,11.92,0,0,0,0.018,190.8,0,0,-7999
101,2022,243,600,0,12.67,1.06,0,12.43,0,0,0,0.016,190.8,24.43,6.474,0.265
101,2022,243,700,0,12.91,1.062,0,19.4,0,0,0,0.016,190.8,117.5,27.79,0.237
101,2022,243,800,0,13.28,1.064,0,22.35,0,0,0,0.008,185.8,219.3,44.14,0.201
101,2022,243,900,0,14.24,1.066,0,25.14,0,0,0,0.006,186.8,307.1,51.73,0.168
101,2022,243,1000,0,14.18,1.07,0,24.92,0,0,0,0.004,177.8,373.1,59.33,0.159
101,2022,243,1100,0,14.13,1.074,0,25.27,0,0,0,0.004,178.8,421.2,65.8,0.156
101,2022,243,1200,0,14.1,1.078,0,26.15,0,0,0,0.005,172.8,436.3,69.21,0.159
101,2022,243,1300,0,14.08,1.081,0,26.61,0,0,0,0,176.8,432.6,69.97,0.162
101,2022,243,1400,0,14.06,1.08,0,27.59,0,0,0,0.006,171.8,391.4,66.17,0.169
101,2022,243,1500,0,14.04,1.079,0,27.41,0,0,0,0.002,172.8,331.5,58.56,0.177
101,2022,243,1600,0,14.07,1.075,0,26.42,0,0,0,0.01,168.8,234.3,45.63,0.195
101,2022,243,1700,0,14.12,1.071,0,25.09,0,0,0,0.008,171.8,139.9,31.18,0.223
101,2022,243,1800,0,14.21,1.07,0,23.27,0,0,0,0.01,189.8,51.67,13.69,0.265
101,2022,243,1900,0,13.12,1.067,0,20.94,0,0,0,0.01,168.8,0.359,0.38,1.06
101,2022,243,2000,0,12.95,1.066,0,19.51,0,0,0,0.008,190.8,0,0,-7999
101,2022,243,2100,0,12.84,1.065,0,19.2,0,0,0,0.01,186.8,0,0,-7999
101,2022,243,2200,0,12.79,1.064,0,17.09,0,0,0,0.004,187.8,0,0,-7999
101,2022,243,2300,0,12.78,1.063,0,17.11,0,0,0,0.009,190.8,0,0,-7999
101,2022,244,000,0,12.77,1.063,0,11.4,0,0,0,0.018,190.8,0,0,-7999
101,2022,244,100,0,12.74,1.06,0,9.38,0,0,0,0.018,189.8,0,0,-7999
101,2022,244,200,0,12.72,1.06,0,9.88,0,0,0,0.02,177.8,0,0,-7999
101,2022,244,300,0,12.7,1.06,0,9.26,0,0,0,0.022,181.8,0,0,-7999
101,2022,244,400,0,12.67,1.058,0,12.49,0,0,0,0.016,185.8,0,0,-7999
101,2022,244,500,0,12.65,1.06,0,9.8,0,0,0,0.023,191.8,0,0,-7999
101,2022,244,600,0,12.67,1.06,0,12.42,0,0,0,0.018,176.8,21.92,5.713,0.261
101,2022,244,700,0,12.93,1.062,0,17.09,0,0,0,0.011,190.8,117.5,27.8,0.237
101,2022,244,800,0,13.37,1.064,0,21,0,0,0,0.014,185.8,221.5,44.9,0.203
101,2022,244,900,0,14.26,1.066,0,22.85,0,0,0,0.015,168.8,311.5,53.26,0.171
101,2022,244,1000,0,14.16,1.07,0,25.21,0,0,0,0.013,183.8,390.4,62.37,0.16
101,2022,244,1100,0,14.06,1.074,0,27.09,0,0,0,0.013,178.8,430.5,67.31,0.156
101,2022,244,1200,0,14.03,1.079,0,27.98,0,0,0,0.016,184.8,436.5,69.2,0.159
101,2022,244,1300,0,13.98,1.082,0,29.31,0,0,0,0.009,184.8,425.7,68.43,0.161
101,2022,244,1400,0,13.93,1.085,0,30.17,0,0,0,0.008,179.8,386.3,64.63,0.167
101,2022,244,1500,0,13.92,1.083,0,30.79,0,0,0,0.008,188.8,317.8,56.27,0.177
101,2022,244,1600,0,13.96,1.079,0,30.07,0,0,0,0.003,179.8,226.3,44.1,0.195
101,2022,244,1700,0,14.03,1.074,0,28.97,0,0,0,0.011,171.8,127.7,28.9,0.226
101,2022,244,1800,0,14.12,1.072,0,26.73,0,0,0,0.012,167.8,28.7,6.846,0.238
101,2022,244,1900,0,13.05,1.068,0,20.03,0,0,0,0.013,167.8,0.359,0.38,1.06
101,2022,244,2000,0,12.89,1.065,0,18.85,0,0,0,0.018,171.8,0,0,-7999
101,2022,244,2100,0,12.82,1.064,0,16.95,0,0,0,0.014,167.8,0,0,-7999
101,2022,244,2200,0,12.78,1.064,0,16.67,0,0,0,0.021,167.8,0,0,-7999
101,2022,244,2300,0,12.77,1.062,0,15.23,0,0,0,0.015,168.8,0,0,-7999
101,2022,245,000,0,12.75,1.062,0,14.19,0,0,0,0.015,172.8,0,0,-7999
101,2022,245,100,0,12.73,1.061,0,12.87,0,0,0,0.014,168.8,0,0,-7999
101,2022,245,200,0,12.71,1.061,0,12.34,0,0,0,0.016,172.8,0,0,-7999
101,2022,245,300,0,12.69,1.061,0,12.37,0,0,0,0.013,176.8,0,0,-7999
101,2022,245,400,0,12.67,1.06,0,11.63,0,0,0,0.011,172.8,0,0,-7999
101,2022,245,500,0,12.65,1.061,0,11.84,0,0,0,0.017,177.8,0,0,-7999
101,2022,245,600,0,12.68,1.063,0,12.54,0,0,0,0.015,181.8,28.74,6.855,0.238
101,2022,245,700,0,13.13,1.063,0,19.52,0,0,0,0.014,189.8,140.8,31.6,0.224
101,2022,245,800,0,13.79,1.064,0,23.1,0,0,0,0.016,167.8,230.1,45.66,0.198
101,2022,245,900,0,14.2,1.068,0,24.91,0,0,0,0.014,181.8,298.9,50.21,0.168
101,2022,245,1000,0,14.13,1.07,0,26.62,0,0,0,0.01,167.8,369.6,58.57,0.158
101,2022,245,1100,0,14.03,1.075,0,29.23,0,0,0,0.008,184.8,416.8,64.64,0.155
101,2022,245,1200,0,13.97,1.081,0,29.72,0,0,0,0.005,171.8,435.1,67.67,0.156
101,2022,245,1300,0,13.91,1.086,0,32.72,0,0,0,0.004,171.8,424.7,67.29,0.158
101,2022,245,1400,0,13.94,1.087,0,33.5,0,0,0,-0.004,175.8,381.3,63.11,0.166
101,2022,245,1500,0,13.94,1.082,0,31.72,0,0,0,0.007,181.8,346.8,61.59,0.178
101,2022,245,1600,0,14.03,1.08,0,28.47,0,0,0,0.005,171.8,224.5,44.11,0.196
101,2022,245,1700,0,14.16,1.074,0,26.83,0,0,0,0.008,181.8,123.4,27.38,0.222
101,2022,245,1800,0,14.09,1.07,0,24.11,0,0,0,0.008,181.8,24.76,5.705,0.23
101,2022,245,1900,0,13.05,1.068,0,21.98,0,0,0,0.009,185.8,0.359,0,0
101,2022,245,2000,0,12.9,1.066,0,21.12,0,0,0,0.01,184.8,0,0,-7999
101,2022,245,2100,0,12.82,1.065,0,19.34,0,0,0,0.009,185.8,0,0,-7999
101,2022,245,2200,0,12.78,1.066,0,19.76,0,0,0,0.009,190.8,0,0,-7999
101,2022,245,2300,0,12.77,1.064,0,17.47,0,0,0,0.009,190.8,0,0,-7999
101,2022,246,000,0,12.75,1.066,0,17.46,0,0,0,0.011,187.8,0,0,-7999
101,2022,246,100,0,12.74,1.064,0,16.74,0,0,0,0.008,190.8,0,0,-7999
101,2022,246,200,0,12.72,1.066,0,16.91,0,0,0,0.01,186.8,0,0,-7999
101,2022,246,300,0,12.71,1.064,0,16.66,0,0,0,0.01,186.8,0,0,-7999
101,2022,246,400,0,12.69,1.065,0,16.85,0,0,0,0.009,191.8,0,0,-7999
101,2022,246,500,0,12.67,1.065,0,14.34,0,0,0,0.011,186.8,0,0,-7999
101,2022,246,600,0,12.66,1.064,0,11.81,0,0,0,0.01,181.8,10.77,2.284,0.212
101,2022,246,700,0,13.01,1.064,0,12.4,0,0,0,0.01,182.8,55.67,10.28,0.185
101,2022,246,800,0,13.48,1.065,0,12.02,0,0,0,0.011,183.8,84.7,15.23,0.18
101,2022,246,900,0,14.46,1.064,0,13.94,0,0,0,0.002,185.8,260,45.29,0.174
101,2022,246,1000,0,14.36,1.064,0,16.33,0,0,0,0.008,177.8,342.5,56.32,0.164
101,2022,246,1100,0,14.29,1.067,0,17.53,0,0,0,0.002,177.8,395.2,63.53,0.161
101,2022,246,1200,0,14.24,1.072,0,19.28,0,0,0,0.005,173.8,405.8,66.18,0.163
101,2022,246,1300,0,14.21,1.074,0,19.77,0,0,0,0.005,176.8,411.2,67.7,0.165
101,2022,246,1400,0,14.19,1.076,0,21.73,0,0,0,0.005,168.8,386.8,65.8,0.17
101,2022,246,1500,0,14.19,1.074,0,21.42,0,0,0,0.004,175.8,324,57.81,0.178
101,2022,246,1600,0,14.19,1.073,0,21.4,0,0,0,0.005,176.8,241.1,47.92,0.199
101,2022,246,1700,0,14.24,1.068,0,20.51,0,0,0,0.011,177.8,140.6,31.95,0.227
101,2022,246,1800,0,14.31,1.068,0,17.94,0,0,0,0.01,182.8,43.07,12.17,0.283
101,2022,246,1900,0,13.16,1.066,0,16.19,0,0,0,0.01,181.8,0,0,-7999
101,2022,246,2000,0,12.99,1.065,0,15.24,0,0,0,0.011,190.8,0,0,-7999
101,2022,246,2100,0,12.88,1.064,0,14.67,0,0,0,0.011,186.8,0,0,-7999
101,2022,246,2200,0,12.8,1.063,0,13.38,0,0,0,0.01,186.8,0,0,-7999
101,2022,246,2300,0,12.78,1.063,0,13.02,0,0,0,0.011,190.8,0,0,-7999
101,2022,247,000,0,12.76,1.063,0,13.24,0,0,0,0.008,191.8,0,0,-7999
101,2022,247,100,0,12.75,1.062,0,11.66,0,0,0,0.012,190.8,0,0,-7999
101,2022,247,200,0,12.73,1.061,0,8.72,0,0,0,0.012,191.8,0,0,-7999
101,2022,247,300,0,12.71,1.061,0,7.662,0,0,0,0.019,190.8,0,0,-7999
101,2022,247,400,0,12.69,1.06,0,7.802,0,0,0,0.013,186.8,0,0,-7999
101,2022,247,500,0,12.66,1.06,0,9.66,0,0,0,0.016,184.8,0,0,-7999
101,2022,247,600,0,12.67,1.061,0,11.11,0,0,0,0.019,191.8,22.28,6.094,0.274
101,2022,247,700,0,12.87,1.062,0,15.36,0,0,0,0.011,190.8,120.7,27.8,0.23
101,2022,247,800,0,13.21,1.065,0,17.35,0,0,0,0.013,185.8,218.3,44.53,0.204
101,2022,247,900,0,14.36,1.066,0,18.95,0,0,0,0.008,171.8,306.2,50.98,0.167
101,2022,247,1000,0,14.24,1.068,0,22,0,0,0,0.012,180.8,377.5,60.1,0.159
101,2022,247,1100,0,14.16,1.073,0,22.67,0,0,0,0.009,176.8,423.4,65.8,0.155
101,2022,247,1200,0,14.12,1.076,0,23.67,0,0,0,0.01,179.8,439.9,69.22,0.157
101,2022,247,1300,0,14.11,1.079,0,24.52,0,0,0,-0.004,179.8,431.2,69.21,0.16
101,2022,247,1400,0,14.09,1.079,0,24.28,0,0,0,0.007,167.8,384.6,64.26,0.167
101,2022,247,1500,0,14.09,1.078,0,23.98,0,0,0,0.007,172.8,321.1,57.8,0.18
101,2022,247,1600,0,14.11,1.075,0,24.2,0,0,0,0.005,172.8,233.2,45.63,0.196
101,2022,247,1700,0,14.16,1.07,0,22.69,0,0,0,0.007,168.8,134.2,30.43,0.227
101,2022,247,1800,0,14.24,1.069,0,20.6,0,0,0,0.01,185.8,39.11,11.41,0.292
101,2022,247,1900,0,13.12,1.066,0,17.65,0,0,0,0.007,191.8,0.359,0,0
101,2022,247,2000,0,12.96,1.065,0,16.1,0,0,0,0.009,186.8,0,0,-7999
101,2022,247,2100,0,12.85,1.064,0,15.59,0,0,0,0.01,187.8,0,0,-7999
101,2022,247,2200,0,12.8,1.065,0,14.92,0,0,0,0.011,182.8,0,0,-7999
101,2022,247,2300,0,12.78,1.064,0,13.96,0,0,0,0.01,191.8,0,0,-7999
101,2022,248,000,0,12.77,1.063,0,13.03,0,0,0,0.012,191.8,0,0,-7999
101,2022,248,100,0,12.74,1.063,0,12.87,0,0,0,0.01,191.8,0,0,-7999
101,2022,248,200,0,12.73,1.062,0,12.46,0,0,0,0.011,190.8,0,0,-7999
101,2022,248,300,0,12.7,1.063,0,12.26,0,0,0,0.011,191.8,0,0,-7999
101,2022,248,400,0,12.68,1.062,0,12.28,0,0,0,0.01,190.8,0,0,-7999
101,2022,248,500,0,12.65,1.062,0,9.63,0,0,0,0.017,191.8,0,0,-7999
101,2022,248,600,0,12.66,1.06,0,7.362,0,0,0,0.014,190.8,17.61,5.332,0.303
101,2022,248,700,0,12.87,1.062,0,13.35,0,0,0,0.017,190.8,118.2,27.42,0.232
101,2022,248,800,0,13.22,1.064,0,16.18,0,0,0,0.019,186.8,215.1,44.91,0.209
101,2022,248,900,0,14.33,1.064,0,16.93,0,0,0,0.009,186.8,301.9,51.74,0.171
101,2022,248,1000,0,14.27,1.066,0,18.48,0,0,0,0.012,177.8,371.1,60.1,0.162
101,2022,248,1100,0,14.19,1.07,0,20.61,0,0,0,0.016,168.8,416.2,65.42,0.157
101,2022,248,1200,0,14.13,1.074,0,22.1,0,0,0,0.004,168.8,431.2,67.69,0.157
101,2022,248,1300,0,14.1,1.077,0,23.42,0,0,0,0.008,179.8,420.4,66.93,0.159
101,2022,248,1400,0,14.08,1.076,0,23.75,0,0,0,0.013,176.8,379.5,62.36,0.164
101,2022,248,1500,0,14.08,1.078,0,23.84,0,0,0,0.003,168.8,310.6,54.75,0.176
101,2022,248,1600,0,14.11,1.074,0,23.58,0,0,0,0.011,168.8,213.8,41.83,0.196
101,2022,248,1700,0,14.17,1.07,0,22.73,0,0,0,0.011,168.8,117,26.62,0.228
101,2022,248,1800,0,14.25,1.068,0,21.46,0,0,0,0.013,168.8,33.73,9.13,0.271
101,2022,248,1900,0,13.12,1.066,0,16.65,0,0,0,0.011,172.8,0,0,-7999
101,2022,248,2000,0,12.96,1.064,0,13.99,0,0,0,0.012,185.8,0,0,-7999
101,2022,248,2100,0,12.85,1.062,0,13.76,0,0,0,0.012,167.8,0,0,-7999
101,2022,248,2200,0,12.79,1.062,0,11.92,0,0,0,0.015,176.8,0,0,-7999
101,2022,248,2300,0,12.77,1.061,0,10.24,0,0,0,0.015,176.8,0,0,-7999
101,2022,249,000,0,12.76,1.061,0,9.34,0,0,0,0.012,176.8,0,0,-7999
101,2022,249,100,0,12.74,1.059,0,8.62,0,0,0,0.01,172.8,0,0,-7999
101,2022,249,200,0,12.71,1.06,0,8.16,0,0,0,0.011,167.8,0,0,-7999
101,2022,249,300,0,12.69,1.059,0,7.642,0,0,0,0.012,176.8,0,0,-7999
101,2022,249,400,0,12.66,1.06,0,6.432,0,0,0,0.014,185.8,0,0,-7999
101,2022,249,500,0,12.64,1.058,0,7.022,0,0,0,0.014,185.8,0,0,-7999
101,2022,249,600,0,12.64,1.06,0,7.532,0,0,0,0.021,191.8,16.54,4.572,0.277
101,2022,249,700,0,12.85,1.061,0,14.21,0,0,0,0.01,190.8,113.9,26.28,0.231
101,2022,249,800,0,13.25,1.065,0,17.85,0,0,0,0.015,176.8,209,43.77,0.209
101,2022,249,900,0,14.3,1.065,0,20.26,0,0,0,0.016,176.8,295.4,50.22,0.17
101,2022,249,1000,0,14.21,1.067,0,22.11,0,0,0,0.018,167.8,363.8,58.57,0.161
101,2022,249,1100,0,14.11,1.072,0,24.5,0,0,0,0.009,171.8,409.7,64.65,0.158
101,2022,249,1200,0,14.04,1.078,0,26.09,0,0,0,0.011,180.8,425.4,66.92,0.157
101,2022,249,1300,0,14.01,1.08,0,27.14,0,0,0,-0.004,181.8,415,66.91,0.161
101,2022,249,1400,0,13.98,1.08,0,28.46,0,0,0,0.009,179.8,376.2,62.35,0.166
101,2022,249,1500,0,13.98,1.08,0,28.08,0,0,0,0.013,167.8,308.5,53.99,0.175
101,2022,249,1600,0,14.02,1.078,0,27.74,0,0,0,0.008,172.8,238.2,45.62,0.192
101,2022,249,1700,0,14.03,1.074,0,27.66,0,0,0,0.009,167.8,148.9,31.94,0.215
101,2022,249,1800,0,14.14,1.07,0,25.41,0,0,0,0.012,168.8,35.88,9.13,0.254
101,2022,249,1900,0,13.09,1.068,0,19.39,0,0,0,0.009,168.8,0,0,-7999
101,2022,249,2000,0,12.92,1.065,0,17.17,0,0,0,0.013,172.8,0,0,-7999
101,2022,249,2100,0,12.83,1.064,0,15.8,0,0,0,0.016,171.8,0,0,-7999
101,2022,249,2200,0,12.79,1.064,0,14.08,0,0,0,0.013,173.8,0,0,-7999
101,2022,249,2300,0,12.77,1.062,0,13.54,0,0,0,0.013,190.8,0,0,-7999
101,2022,250,000,0,12.75,1.062,0,12.65,0,0,0,0.014,172.8,0,0,-7999
101,2022,250,100,0,12.73,1.061,0,14.58,0,0,0,0.016,190.8,0,0,-7999
101,2022,250,200,0,12.71,1.061,0,15.78,0,0,0,0.013,176.8,0,0,-7999
101,2022,250,300,0,12.69,1.06,0,12.99,0,0,0,0.015,189.8,0,0,-7999
101,2022,250,400,0,12.67,1.062,0,13.36,0,0,0,0.012,176.8,0,0,-7999
101,2022,250,500,0,12.64,1.062,0,13.58,0,0,0,0.016,173.8,0,0,-7999
101,2022,250,600,0,12.66,1.062,0,19.19,0,0,0,0.008,191.8,19.04,4.569,0.24
101,2022,250,700,0,12.88,1.064,0,18.11,0,0,0,0.009,189.8,130,28.16,0.217
101,2022,250,800,0,13.28,1.064,0,18.86,0,0,0,0.011,189.8,67.86,11.8,0.174
101,2022,250,900,0,14.33,1.066,0,20.44,0,0,0,0.012,185.8,206.4,35.76,0.173
101,2022,250,1000,0,14.21,1.07,0,24.49,0,0,0,0.006,168.8,403.7,69.22,0.171
101,2022,250,1100,0,14.11,1.072,0,26.3,0,0,0,0.008,172.8,419.1,67.7,0.162
101,2022,250,1200,0,14.02,1.078,0,26.67,0,0,0,0.013,175.8,282.3,45.62,0.162
101,2022,250,1300,0,14.02,1.08,0,27.69,0,0,0,0.007,179.8,428.3,70.72,0.165
101,2022,250,1400,0,14.05,1.08,0,25.69,0,0,0,0.008,167.8,168.6,27.38,0.162
101,2022,250,1500,0,14.07,1.078,0,26.5,0,0,0,0.011,171.8,336.9,60.08,0.178
101,2022,250,1600,0,14.12,1.076,0,23.83,0,0,0,0.01,176.8,82.2,13.69,0.167
101,2022,250,1700,0,14.21,1.071,0,23.26,0,0,0,0.011,172.8,175.1,37.65,0.215
101,2022,250,1800,0,14.22,1.071,0,21.16,0,0,0,0.01,172.8,35.88,7.607,0.212
101,2022,250,1900,0,13.1,1.066,0,18.6,0,0,0,0.009,181.8,0,0,-7999
101,2022,250,2000,0,12.94,1.066,0,17.05,0,0,0,0.01,191.8,0,0,-7999
101,2022,250,2100,0,12.84,1.064,0,15.24,0,0,0,0.01,180.8,0,0,-7999
101,2022,250,2200,0,12.79,1.063,0,13.35,0,0,0,0.008,185.8,0,0,-7999
101,2022,250,2300,0,12.77,1.062,0,13.31,0,0,0,0.016,177.8,0,0,-7999
101,2022,251,000,0,12.76,1.062,0,14.13,0,0,0,0.01,172.8,0,0,-7999
101,2022,251,100,0,12.74,1.062,0,11.87,0,0,0,0.02,167.8,0,0,-7999
101,2022,251,200,0,12.72,1.062,0,6.372,0,0,0,0.012,173.8,0,0,-7999
101,2022,251,300,0,12.7,1.058,0,5.372,0,0,0,0.018,173.8,0,0,-7999
101,2022,251,400,0,12.67,1.058,0,5.092,0,0,0,0.019,167.8,0,0,-7999
101,2022,251,500,0,12.64,1.058,0,4.062,0,0,0,0.015,177.8,0,0,-7999
101,2022,251,600,0,12.65,1.058,0,4.832,0,0,0,0.019,176.8,17.26,4.574,0.265
101,2022,251,700,0,12.84,1.059,0,11.48,0,0,0,0.013,185.8,117.5,27.05,0.23
101,2022,251,800,0,13.24,1.063,0,16.3,0,0,0,0.012,167.8,216.2,46.06,0.213
101,2022,251,900,0,14.34,1.066,0,17.86,0,0,0,0.018,179.8,304.8,52.89,0.174
101,2022,251,1000,0,14.28,1.066,0,18.41,0,0,0,0.008,183.8,375.8,60.87,0.162
101,2022,251,1100,0,14.21,1.07,0,19.23,0,0,0,0.009,179.8,421.6,66.94,0.159
101,2022,251,1200,0,14.18,1.074,0,19.47,0,0,0,0.008,183.8,437.4,69.22,0.158
101,2022,251,1300,0,14.17,1.075,0,20.1,0,0,0,0.009,187.8,424.8,68.46,0.161
101,2022,251,1400,0,14.14,1.076,0,21.09,0,0,0,0.008,187.8,382.5,64.27,0.168
101,2022,251,1500,0,14.17,1.075,0,21.07,0,0,0,0.005,180.8,313.9,55.52,0.177
101,2022,251,1600,0,14.18,1.074,0,20.53,0,0,0,0.011,184.8,228.9,44.88,0.196
101,2022,251,1700,0,14.23,1.069,0,19.76,0,0,0,0.012,171.8,125.6,28.9,0.23
101,2022,251,1800,0,14.29,1.066,0,18.63,0,0,0,0.015,167.8,19.38,5.325,0.275
101,2022,251,1900,0,13.15,1.064,0,13.12,0,0,0,0.014,168.8,0,0,-7999
101,2022,251,2000,0,12.99,1.062,0,10.06,0,0,0,0.013,171.8,0,0,-7999
101,2022,251,2100,0,12.88,1.061,0,9.16,0,0,0,0.011,167.8,0,0,-7999
101,2022,251,2200,0,12.8,1.061,0,8.74,0,0,0,0.017,171.8,0,0,-7999
101,2022,251,2300,0,12.77,1.06,0,6.582,0,0,0,0.018,167.8,0,0,-7999
101,2022,252,000,0,12.75,1.059,0,5.842,0,0,0,0.02,167.8,0,0,-7999
101,2022,252,100,0,12.73,1.059,0,5.302,0,0,0,0.016,168.8,0,0,-7999
101,2022,252,200,0,12.7,1.059,0,4.742,0,0,0,0.02,173.8,0,0,-7999
101,2022,252,300,0,12.68,1.058,0,4.382,0,0,0,0.015,181.8,0,0,-7999
101,2022,252,400,0,12.64,1.059,0,4.332,0,0,0,0.019,168.8,0,0,-7999
101,2022,252,500,0,12.62,1.059,0,5.572,0,0,0,0.017,167.8,0,0,-7999
101,2022,252,600,0,12.62,1.058,0,6.702,0,0,0,0.006,177.8,11.86,3.048,0.257
101,2022,252,700,0,12.87,1.062,0,11.29,0,0,0,0.014,176.8,100.6,22.86,0.227
101,2022,252,800,0,13.52,1.065,0,11.76,0,0,0,0.012,168.8,195.8,42.27,0.216
101,2022,252,900,0,14.5,1.064,0,13.14,0,0,0,0.014,171.8,288,50.24,0.174
101,2022,252,1000,0,14.37,1.066,0,14.49,0,0,0,0.014,167.8,360.8,59.74,0.166
101,2022,252,1100,0,14.31,1.069,0,16.31,0,0,0,0.003,175.8,407.4,65.44,0.161
101,2022,252,1200,0,14.25,1.072,0,17.3,0,0,0,0.01,175.8,431.7,69.23,0.16
