101,2022,2,1500,0,14.63,1.246,1.08,2.832,0,0,0,-0.281,181.8,121.4,114.6,0.944
101,2022,2,1600,0,14.41,1.246,0.5,1.752,0,0,0,-0.28,190.8,36.28,35.8,0.987
101,2022,2,1700,0,13.26,1.246,1.29,-1.808,0,0,0,-0.282,188.8,0.359,0.381,1.06
101,2022,2,1800,0,12.97,1.247,0.03,-1.698,0,0,0,-0.283,187.8,0,0,-7999
101,2022,2,1900,0,12.82,1.247,0.61,-2.218,0,0,0,-0.284,188.8,0,0,-7999
101,2022,2,2000,0,12.73,1.247,0,-3.168,0,0,0,-0.283,187.8,0,0,-7999
101,2022,2,2100,0,12.71,1.247,0.37,-3.528,0,0,0,-0.284,186.8,0,0,-7999
101,2022,2,2200,0,12.38,1.246,0,-3.098,0,0,0,-0.282,187.8,0,0,-7999
101,2022,2,2300,0,12.64,1.247,0,-3.138,0,0,0,-0.28,185.8,0,0,-7999
101,2022,3,000,0,12.62,1.246,0.55,-2.368,0,0,0,-0.279,188.8,0,0,-7999
101,2022,3,100,0,12.63,1.246,0,1.482,0,0,0,-0.275,187.8,0,0,-7999
101,2022,3,200,0,12.64,1.249,0.2,1.982,0,0,0,-0.273,185.8,0,0,-7999
101,2022,3,300,0,12.62,1.247,0,1.092,0,0,0,-0.272,186.8,0,0,-7999
101,2022,3,400,0,12.62,1.246,0.18,-0.888,0,0,0,-0.273,187.8,0,0,-7999
101,2022,3,500,0,12.61,1.246,0,-1.748,0,0,0,-0.272,186.8,0,0,-7999
101,2022,3,600,0,12.57,1.248,0,-1.178,0,0,0,-0.269,175.8,0,0,-7999
101,2022,3,700,0,12.6,1.253,0,-1.938,0,0,0,-0.277,186.8,0,0,-7999
101,2022,3,800,0,12.59,1.259,0,-2.138,0,0,0,-0.307,178.8,0.719,0.762,1.06
101,2022,3,900,0,12.58,1.271,0,-2.358,0,0,0,-0.362,201.8,2.877,3.05,1.06
101,2022,3,1000,0,12.57,1.28,0,-2.728,0,0,0,-0.44,187.8,27.69,27.83,1.005
101,2022,3,1100,0,12.59,1.281,0.01,-3.308,0,0,0,-0.458,197.8,18.34,18.3,0.998
101,2022,3,1200,0,12.57,1.283,0,-3.278,0,0,0,-0.472,186.8,25.53,25.54,1
101,2022,3,1300,0,12.57,1.287,0,-3.438,0,0,0,-0.481,166.8,33.45,33.17,0.992
101,2022,3,1400,0,12.58,1.29,0.06,-3.588,0,0,0,-0.513,222.8,17.62,17.15,0.973
101,2022,3,1500,0,12.55,1.294,0,-3.898,0,0,0,-0.534,187.8,10.79,10.67,0.989
101,2022,3,1600,0,12.53,1.297,0,-4.338,0,0,0,-0.542,224.8,5.395,5.337,0.989
101,2022,3,1700,0,12.55,1.298,0,-4.298,0,0,0,-0.538,199.8,0,0,-7999
101,2022,3,1800,0,12.58,1.304,0,-4.598,0,0,0,-0.571,178.8,0,0,-7999
101,2022,3,1900,0,12.59,1.304,0,-4.898,0,0,0,-0.563,187.8,0,0,-7999
101,2022,3,2000,0,12.58,1.308,0,-5.518,0,0,0,-0.577,186.8,0,0,-7999
101,2022,3,2100,0,12.59,1.31,0,-5.528,0,0,0,-0.58,165.8,0,0,-7999
101,2022,3,2200,0,12.57,1.317,0,-5.438,0,0,0,-0.625,166.8,0,0,-7999
101,2022,3,2300,0,12.59,1.321,0,-5.428,0,0,0,-0.634,167.8,0,0,-7999
101,2022,4,000,0,12.53,1.323,0,-5.398,0,0,0,-0.649,167.8,0,0,-7999
101,2022,4,100,0,12.57,1.326,0,-5.578,0,0,0,-0.651,187.8,0,0,-7999
101,2022,4,200,0,12.57,1.333,0.02,-5.888,0,0,0,-0.688,186.8,0,0,-7999
101,2022,4,300,0,12.58,1.335,0,-5.638,0,0,0,-0.682,175.8,0,0,-7999
101,2022,4,400,0,12.58,1.334,0,-5.618,0,0,0,-0.668,189.8,0,0,-7999
101,2022,4,500,0,12.58,1.332,0.01,-5.668,0,0,0,-0.656,186.8,0,0,-7999
101,2022,4,600,0,12.58,1.333,0,-5.368,0,0,0,-0.644,189.8,0,0,-7999
101,2022,4,700,0,12.55,1.336,0.08,-5.218,0,0,0,-0.648,187.8,0,0,-7999
101,2022,4,800,0,12.46,1.34,0,-5.028,0,0,0,-0.666,228.8,11.15,10.3,0.923
101,2022,4,900,0,12.6,1.34,0.04,-4.148,0,0,0,-0.668,187.8,57.91,54.9,0.948
101,2022,4,1000,0,12.59,1.339,0.03,-3.648,0,0,0,-0.655,188.8,64.38,60.61,0.942
101,2022,4,1100,0,12.59,1.34,0.12,-3.068,0,0,0,-0.647,167.8,51.07,48.41,0.948
101,2022,4,1200,0,12.61,1.338,0,-2.638,0,0,0,-0.634,188.8,97.8,92.6,0.947
101,2022,4,1300,0,12.64,1.338,0.17,-2.228,0,0,0,-0.627,189.8,78.74,75.84,0.963
101,2022,4,1400,0,12.63,1.338,0.02,-2.118,0,0,0,-0.622,189.8,46.38,44.59,0.961
101,2022,4,1500,0,12.54,1.339,0.03,-2.558,0,0,0,-0.621,186.8,33.44,31.63,0.946
101,2022,4,1600,0,12.55,1.339,0,-2.668,0,0,0,-0.617,166.8,8.63,8,0.927
101,2022,4,1700,0,12.54,1.341,0,-2.558,0,0,0,-0.618,191.8,0,0,-7999
101,2022,4,1800,0,12.56,1.345,0,-2.578,0,0,0,-0.639,195.8,0,0,-7999
101,2022,4,1900,0,12.48,1.349,0.07,-2.158,0,0,0,-0.644,203.8,0,0,-7999
101,2022,4,2000,0,12.25,1.348,0,-1.438,0,0,0,-0.651,197.8,0,0,-7999
101,2022,4,2100,0,12.56,1.349,0.09,-0.508,0,0,0,-0.646,186.8,0,0,-7999
101,2022,4,2200,0,12.48,1.347,0,-0.408,0,0,0,-0.634,168.8,0,0,-7999
101,2022,4,2300,0,12.54,1.349,0,-0.028,0,0,0,-0.612,185.8,0,0,-7999
101,2022,5,000,0,12.55,1.35,0,-0.138,0,0,0,-0.59,175.8,0,0,-7999
101,2022,5,100,0,12.28,1.349,0.05,0.402,0,0,0,-0.578,182.8,0,0,-7999
101,2022,5,200,0,12.57,1.347,0,-0.088,0,0,0,-0.571,189.8,0,0,-7999
101,2022,5,300,0,12.58,1.348,0.08,-0.278,0,0,0,-0.565,165.8,0,0,-7999
101,2022,5,400,0,12.56,1.348,0.01,-0.268,0,0,0,-0.561,167.8,0,0,-7999
101,2022,5,500,0,12.57,1.35,0.06,-0.668,0,0,0,-0.557,187.8,0,0,-7999
101,2022,5,600,0,12.48,1.351,0,-1.478,0,0,0,-0.554,182.8,0,0,-7999
101,2022,5,700,0,12.56,1.353,0,-1.388,0,0,0,-0.544,182.8,0,0,-7999
101,2022,5,800,0,12.54,1.356,0,-1.568,0,0,0,-0.554,211.8,5.034,4.574,0.909
101,2022,5,900,0,12.65,1.358,0.02,-1.938,0,0,0,-0.549,165.8,19.78,18.68,0.944
101,2022,5,1000,0,13.23,1.36,0.04,-2.028,0,0,0,-0.547,166.8,59.33,56.03,0.944
101,2022,5,1100,0,13.73,1.361,0,-1.798,0,0,0,-0.544,173.8,58.96,57.55,0.976
101,2022,5,1200,0,14.68,1.365,0.34,-1.018,0,0,0,-0.552,187.8,166.5,168.8,1.014
101,2022,5,1300,0,14.81,1.364,0.28,-0.128,0,0,0,-0.544,187.8,197,185.5,0.942
101,2022,5,1400,0,13.83,1.362,2.42,-0.138,0,0,0,-0.539,186.8,24.08,20.95,0.87
101,2022,5,1500,0,13.6,1.363,0.09,0.152,0,0,0,-0.537,187.8,29.12,24.77,0.851
101,2022,5,1600,0,13.25,1.363,0.03,-0.238,0,0,0,-0.53,187.8,6.112,5.335,0.873
101,2022,5,1700,0,13.03,1.363,0.14,0.502,0,0,0,-0.524,186.8,0,0,-7999
101,2022,5,1800,0,12.94,1.364,0.01,1.152,0,0,0,-0.52,188.8,0,0,-7999
101,2022,5,1900,0,12.89,1.364,0.02,1.672,0,0,0,-0.513,168.8,0,0,-7999
101,2022,5,2000,0,12.87,1.366,0,2.072,0,0,0,-0.506,168.8,0,0,-7999
101,2022,5,2100,0,12.84,1.365,0.01,2.702,0,0,0,-0.5,186.8,0,0,-7999
101,2022,5,2200,0,12.83,1.36,0,3.712,0,0,0,-0.487,189.8,0,0,-7999
101,2022,5,2300,0,12.81,1.36,0,3.572,0,0,0,-0.456,183.8,0,0,-7999
101,2022,6,000,0,12.79,1.352,0,2.802,0,0,0,-0.451,189.8,0,0,-7999
101,2022,6,100,0,12.79,1.347,0,3.652,0,0,0,-0.432,188.8,0,0,-7999
101,2022,6,200,0,12.78,1.341,0,3.482,0,0,0,-0.413,177.8,0,0,-7999
101,2022,6,300,0,12.78,1.337,0,3.482,0,0,0,-0.387,165.8,0,0,-7999
101,2022,6,400,0,12.78,1.329,0,3.702,0,0,0,-0.378,181.8,0,0,-7999
101,2022,6,500,0,12.77,1.321,0.03,3.672,0,0,0,-0.357,184.8,0,0,-7999
101,2022,6,600,0,12.75,1.318,0.02,3.502,0,0,0,-0.343,186.8,0,0,-7999
101,2022,6,700,0,12.75,1.31,0.15,3.072,0,0,0,-0.328,179.8,0,0,-7999
101,2022,6,800,0,12.75,1.307,0,2.762,0,0,0,-0.31,179.8,7.908,6.858,0.867
101,2022,6,900,0,12.98,1.301,0,2.652,0,0,0,-0.302,181.8,26.24,21.72,0.828
101,2022,6,1000,0,13.37,1.293,0,2.462,0,0,0,-0.293,179.8,46.01,37.72,0.82
101,2022,6,1100,0,14.07,1.287,0.31,2.662,0,0,0,-0.274,191.8,110.7,86.1,0.778
101,2022,6,1200,0,14.68,1.281,0,2.152,0,0,0,-0.267,185.8,99.2,75.82,0.764
101,2022,6,1300,0,14.67,1.278,1.39,2.672,0,0,0,-0.252,187.8,228.9,182.1,0.795
101,2022,6,1400,0,14.72,1.272,0,1.762,0,0,0,-0.244,172.8,71.16,56,0.787
101,2022,6,1500,0,14.57,1.269,1.34,2.122,0,0,0,-0.237,167.8,42.05,32.76,0.779
101,2022,6,1600,0,14.07,1.264,0,2.092,0,0,0,-0.231,166.8,18.33,14.1,0.769
101,2022,6,1700,0,13.09,1.262,0,2.012,0,0,0,-0.227,183.8,0,0,-7999
101,2022,6,1800,0,12.78,1.261,0.05,1.822,0,0,0,-0.227,167.8,0,0,-7999
101,2022,6,1900,0,12.89,1.259,0.1,1.472,0,0,0,-0.224,169.8,0,0,-7999
101,2022,6,2000,0,12.84,1.257,0.1,2.772,0,0,0,-0.215,186.8,0,0,-7999
101,2022,6,2100,0,12.84,1.255,0.02,2.422,0,0,0,-0.215,194.8,0,0,-7999
101,2022,6,2200,0,12.83,1.253,0.28,2.072,0,0,0,-0.215,174.8,0,0,-7999
101,2022,6,2300,0,12.81,1.253,0,1.872,0,0,0,-0.205,174.8,0,0,-7999
101,2022,7,000,0,12.81,1.251,0.01,1.812,0,0,0,-0.206,177.8,0,0,-7999
101,2022,7,100,0,12.79,1.25,0,1.762,0,0,0,-0.2,181.8,0,0,-7999
101,2022,7,200,0,12.78,1.247,0.25,2.482,0,0,0,-0.196,177.8,0,0,-7999
101,2022,7,300,0,12.78,1.247,0,1.372,0,0,0,-0.192,181.8,0,0,-7999
101,2022,7,400,0,12.76,1.243,0,1.412,0,0,0,-0.193,185.8,0,0,-7999
101,2022,7,500,0,12.75,1.241,0,2.772,0,0,0,-0.185,181.8,0,0,-7999
101,2022,7,600,0,12.73,1.242,0.11,1.762,0,0,0,-0.18,178.8,0,0,-7999
101,2022,7,700,0,12.72,1.237,0,0.842,0,0,0,-0.177,184.8,0,0,-7999
101,2022,7,800,0,12.76,1.236,0.26,-0.508,0,0,0,-0.172,170.8,20.49,12.58,0.614
101,2022,7,900,0,13.38,1.235,0,-1.098,0,0,0,-0.164,171.8,58.24,36.97,0.635
101,2022,7,1000,0,14.52,1.233,0.06,-1.398,0,0,0,-0.17,181.8,112.9,74.31,0.658
101,2022,7,1100,0,13.99,1.231,0,-2.228,0,0,0,-0.167,173.8,21.21,15.62,0.737
101,2022,7,1200,0,14.76,1.233,0.38,-2.668,0,0,0,-0.173,190.8,52.85,40.78,0.772
101,2022,7,1300,0,14.73,1.233,0,-2.048,0,0,0,-0.174,183.8,265,216.8,0.818
101,2022,7,1400,0,14.58,1.232,0.11,-2.558,0,0,0,-0.171,176.8,73.34,56.78,0.774
101,2022,7,1500,0,14.72,1.231,0.1,-2.708,0,0,0,-0.173,188.8,52.85,40.78,0.772
101,2022,7,1600,0,14.03,1.228,0.01,-3.128,0,0,0,-0.173,184.8,16.18,12.58,0.777
101,2022,7,1700,0,13.2,1.228,0.04,-3.058,0,0,0,-0.173,184.8,0.36,0.381,1.06
101,2022,7,1800,0,13.01,1.228,0,-3.218,0,0,0,-0.172,184.8,0,0,-7999
101,2022,7,1900,0,12.93,1.228,0.04,-3.448,0,0,0,-0.172,188.8,0,0,-7999
101,2022,7,2000,0,12.31,1.228,0,-3.718,0,0,0,-0.172,189.8,0,0,-7999
101,2022,7,2100,0,12.83,1.226,0,-4.028,0,0,0,-0.171,188.8,0,0,-7999
101,2022,7,2200,0,12.78,1.226,0.19,-4.258,0,0,0,-0.171,188.8,0,0,-7999
101,2022,7,2300,0,12.77,1.228,0,-4.688,0,0,0,-0.17,189.8,0,0,-7999
101,2022,8,000,0,12.76,1.227,0,-4.548,0,0,0,-0.17,188.8,0,0,-7999
101,2022,8,100,0,12.72,1.225,0.25,-4.608,0,0,0,-0.17,189.8,0,0,-7999
101,2022,8,200,0,12.74,1.228,0,-4.428,0,0,0,-0.17,188.8,0,0,-7999
101,2022,8,300,0,12.74,1.225,0.02,-4.538,0,0,0,-0.171,187.8,0,0,-7999
101,2022,8,400,0,12.7,1.226,0.12,-4.478,0,0,0,-0.17,189.8,0,0,-7999
101,2022,8,500,0,12.71,1.234,0,-4.888,0,0,0,-0.168,184.8,0,0,-7999
101,2022,8,600,0,12.67,1.237,0.23,-5.078,0,0,0,-0.168,179.8,0,0,-7999
101,2022,8,700,0,12.68,1.236,0.05,-5.028,0,0,0,-0.168,183.8,0,0,-7999
101,2022,8,800,0,12.62,1.235,0,-5.278,0,0,0,-0.167,171.8,8.99,7.246,0.806
101,2022,8,900,0,14.19,1.232,0.05,-3.908,0,0,0,-0.164,188.8,129.2,95,0.735
101,2022,8,1000,0,14.56,1.22,0,-2.558,0,0,0,-0.163,189.8,160,129.2,0.808
101,2022,8,1100,0,14.72,1.21,0.08,-0.328,0,0,0,-0.159,187.8,206.3,166.8,0.809
101,2022,8,1200,0,14.6,1.205,0,0.702,0,0,0,-0.161,181.8,223.4,179.3,0.803
101,2022,8,1300,0,14.5,1.207,0.74,1.892,0,0,0,-0.159,189.8,208.6,166.7,0.799
101,2022,8,1400,0,14.54,1.214,0.23,4.042,0,0,0,-0.155,188.8,164.4,132.1,0.803
101,2022,8,1500,0,14.44,1.217,0.94,1.672,0,0,0,-0.163,183.8,113.1,91.3,0.808
101,2022,8,1600,0,14.55,1.224,0.73,1.382,0,0,0,-0.164,175.8,40.58,32.74,0.807
101,2022,8,1700,0,13.24,1.241,0.93,-4.288,0,0,0,-0.166,189.8,1.078,0.762,0.707
101,2022,8,1800,0,13,1.253,0,-5.768,0,0,0,-0.164,187.8,0,0,-7999
101,2022,8,1900,0,12.88,1.255,0.14,-6.218,0,0,0,-0.169,176.8,0,0,-7999
101,2022,8,2000,0,12.81,1.259,0.17,-7.098,0,0,0,-0.167,180.8,0,0,-7999
101,2022,8,2100,0,12.77,1.259,0.51,-6.848,0,0,0,-0.168,188.8,0,0,-7999
101,2022,8,2200,0,12.74,1.261,0,-7.038,0,0,0,-0.168,178.8,0,0,-7999
101,2022,8,2300,0,12.72,1.26,0,-5.028,0,0,0,-0.164,180.8,0,0,-7999
101,2022,9,000,0,12.7,1.262,0,-7.398,0,0,0,-0.163,167.8,0,0,-7999
101,2022,9,100,0,12.68,1.265,0,-7.848,0,0,0,-0.166,184.8,0,0,-7999
101,2022,9,200,0,12.68,1.256,0,-3.518,0,0,0,-0.169,189.8,0,0,-7999
101,2022,9,300,0,12.68,1.252,0.36,-4.608,0,0,0,-0.164,184.8,0,0,-7999
101,2022,9,400,0,12.67,1.247,0.8,-6.138,0,0,0,-0.169,188.8,0,0,-7999
101,2022,9,500,0,12.66,1.238,0,-4.258,0,0,0,-0.167,179.8,0,0,-7999
101,2022,9,600,0,12.66,1.237,0,-5.698,0,0,0,-0.156,170.8,0,0,-7999
101,2022,9,700,0,12.65,1.232,0,-5.468,0,0,0,-0.165,180.8,0,0,-7999
101,2022,9,800,0,12.66,1.226,0.19,-6.558,0,0,0,-0.157,171.8,5.398,4.578,0.848
101,2022,9,900,0,14.92,1.21,0.31,-2.958,0,0,0,-0.158,179.8,90.3,65.23,0.722
101,2022,9,1000,0,14.73,1.186,0,-0.508,0,0,0,-0.156,179.8,159.6,129.2,0.809
101,2022,9,1100,0,14.61,1.172,0,0.752,0,0,0,-0.156,171.8,205.9,165.7,0.805
101,2022,9,1200,0,14.53,1.172,1.08,2.142,0,0,0,-0.157,188.8,225.2,179.7,0.798
101,2022,9,1300,0,14.52,1.179,0.06,3.242,0,0,0,-0.157,180.8,218.3,172.8,0.792
101,2022,9,1400,0,14.51,1.19,1.41,3.742,0,0,0,-0.158,184.8,181.7,143.9,0.792
101,2022,9,1500,0,14.5,1.198,0.76,4.092,0,0,0,-0.159,175.8,122.1,96.7,0.792
101,2022,9,1600,0,14.28,1.206,1.04,3.572,0,0,0,-0.16,179.8,47.04,36.54,0.777
101,2022,9,1700,0,13.21,1.221,0.02,-0.208,0,0,0,-0.167,179.8,0.359,0.381,1.06
101,2022,9,1800,0,12.99,1.232,0.06,0.122,0,0,0,-0.168,183.8,0,0,-7999
101,2022,9,1900,0,12.87,1.239,0,-0.618,0,0,0,-0.168,175.8,0,0,-7999
101,2022,9,2000,0,12.8,1.243,0.59,-2.358,0,0,0,-0.162,171.8,0,0,-7999
101,2022,9,2100,0,12.76,1.247,0.06,-3.868,0,0,0,-0.161,180.8,0,0,-7999
101,2022,9,2200,0,12.73,1.243,0,-2.958,0,0,0,-0.161,184.8,0,0,-7999
101,2022,9,2300,0,12.71,1.24,0.05,-4.608,0,0,0,-0.172,176.8,0,0,-7999
101,2022,10,000,0,12.69,1.232,1.02,-4.828,0,0,0,-0.161,184.8,0,0,-7999
101,2022,10,100,0,12.67,1.225,0.07,-6.598,0,0,0,-0.168,176.8,0,0,-7999
101,2022,10,200,0,12.65,1.22,0,-6.788,0,0,0,-0.166,176.8,0,0,-7999
101,2022,10,300,0,12.64,1.211,0,-6.278,0,0,0,-0.163,179.8,0,0,-7999
101,2022,10,400,0,12.64,1.204,0,-4.778,0,0,0,-0.162,179.8,0,0,-7999
101,2022,10,500,0,12.62,1.192,0.49,-3.488,0,0,0,-0.165,176.8,0,0,-7999
101,2022,10,600,0,12.62,1.184,0.28,-5.048,0,0,0,-0.164,184.8,0,0,-7999
101,2022,10,700,0,12.62,1.178,0,-5.958,0,0,0,-0.164,167.8,0,0,-7999
101,2022,10,800,0,12.62,1.166,0.09,-0.368,0,0,0,-0.165,180.8,1.439,0.763,0.53
101,2022,10,900,0,12.7,1.169,0.13,-0.848,0,0,0,-0.166,175.8,12.59,9.53,0.757
101,2022,10,1000,0,13.15,1.168,0,-0.868,0,0,0,-0.164,179.8,38.11,29.34,0.77
101,2022,10,1100,0,13.44,1.173,0.07,0.332,0,0,0,-0.161,167.8,52.85,40.4,0.764
101,2022,10,1200,0,13.7,1.182,0.09,-0.508,0,0,0,-0.164,184.8,57.16,42.68,0.747
101,2022,10,1300,0,14.63,1.194,1.7,1.812,0,0,0,-0.161,172.8,100.3,72.39,0.722
101,2022,10,1400,0,14.61,1.206,0.24,3.522,0,0,0,-0.16,167.8,199.8,150.4,0.753
101,2022,10,1500,0,14.51,1.213,1.81,3.492,0,0,0,-0.162,171.8,120.7,86.1,0.713
101,2022,10,1600,0,14.6,1.216,0,3.322,0,0,0,-0.16,188.8,61.44,44.94,0.731
101,2022,10,1700,0,13.3,1.218,2.45,1.252,0,0,0,-0.162,179.8,0.359,0.381,1.06
101,2022,10,1800,0,13.01,1.219,0,-1.748,0,0,0,-0.166,187.8,0,0,-7999
101,2022,10,1900,0,12.87,1.221,0.26,-0.208,0,0,0,-0.165,188.8,0,0,-7999
101,2022,10,2000,0,12.81,1.223,0.06,-1.808,0,0,0,-0.166,189.8,0,0,-7999
101,2022,10,2100,0,12.76,1.223,0.27,-1.118,0,0,0,-0.163,188.8,0,0,-7999
101,2022,10,2200,0,12.74,1.221,0.14,-0.278,0,0,0,-0.164,189.8,0,0,-7999
101,2022,10,2300,0,12.71,1.221,0,-1.488,0,0,0,-0.165,188.8,0,0,-7999
101,2022,11,000,0,12.68,1.221,0.06,-0.328,0,0,0,-0.167,189.8,0,0,-7999
101,2022,11,100,0,12.66,1.219,0.08,2.772,0,0,0,-0.167,189.8,0,0,-7999
101,2022,11,200,0,12.65,1.217,0.02,1.202,0,0,0,-0.17,187.8,0,0,-7999
101,2022,11,300,0,12.65,1.218,0.41,3.942,0,0,0,-0.163,183.8,0,0,-7999
101,2022,11,400,0,12.63,1.217,0.06,3.752,0,0,0,-0.162,186.8,0,0,-7999
101,2022,11,500,0,12.63,1.22,0.29,3.542,0,0,0,-0.164,186.8,0,0,-7999
101,2022,11,600,0,12.63,1.22,0.2,3.642,0,0,0,-0.165,186.8,0,0,-7999
101,2022,11,700,0,12.62,1.22,0.07,3.442,0,0,0,-0.164,186.8,0,0,-7999
101,2022,11,800,0,12.62,1.22,0.18,2.262,0,0,0,-0.164,170.8,5.032,3.429,0.681
101,2022,11,900,0,12.72,1.22,0,4.032,0,0,0,-0.154,178.8,21.93,14.1,0.643
101,2022,11,1000,0,13.53,1.22,1.08,5.652,0,0,0,-0.152,181.8,53.91,35.43,0.657
101,2022,11,1100,0,14.68,1.219,0,5.502,0,0,0,-0.148,177.8,77.26,49.9,0.646
101,2022,11,1200,0,14.67,1.217,0.09,6.402,0,0,0,-0.149,187.8,96.6,62.46,0.646
101,2022,11,1300,0,14.61,1.213,2,6.152,0,0,0,-0.143,169.8,183.6,121.5,0.662
101,2022,11,1400,0,14.62,1.209,1.69,6.322,0,0,0,-0.137,175.8,73.63,46.07,0.626
101,2022,11,1500,0,14.61,1.209,1.44,7.572,0,0,0,-0.135,174.8,69.7,43.03,0.617
101,2022,11,1600,0,14.63,1.205,0.84,6.012,0,0,0,-0.136,188.8,26.95,16.76,0.622
101,2022,11,1700,0,13.2,1.205,0.37,6.042,0,0,0,-0.136,174.8,0.719,0.381,0.53
101,2022,11,1800,0,13.01,1.205,0.05,5.062,0,0,0,-0.134,177.8,0,0,-7999
101,2022,11,1900,0,12.91,1.203,0.72,3.602,0,0,0,-0.127,174.8,0,0,-7999
101,2022,11,2000,0,12.85,1.201,0,5.342,0,0,0,-0.13,166.8,0,0,-7999
101,2022,11,2100,0,12.83,1.201,0.38,5.222,0,0,0,-0.13,178.8,0,0,-7999
101,2022,11,2200,0,12.8,1.201,0.03,5.392,0,0,0,-0.131,177.8,0,0,-7999
101,2022,11,2300,0,12.79,1.199,0.19,5.312,0,0,0,-0.128,169.8,0,0,-7999
101,2022,12,000,0,12.77,1.201,0,5.202,0,0,0,-0.127,177.8,0,0,-7999
101,2022,12,100,0,12.76,1.2,0.5,4.812,0,0,0,-0.123,174.8,0,0,-7999
101,2022,12,200,0,12.74,1.201,0,5.772,0,0,0,-0.132,185.8,0,0,-7999
101,2022,12,300,0,12.73,1.2,0.61,3.542,0,0,0,-0.129,179.8,0,0,-7999
101,2022,12,400,0,12.71,1.198,0,5.022,0,0,0,-0.123,177.8,0,0,-7999
101,2022,12,500,0,12.68,1.197,0.28,3.012,0,0,0,-0.129,169.8,0,0,-7999
101,2022,12,600,0,12.68,1.201,0.02,3.502,0,0,0,-0.131,177.8,0,0,-7999
101,2022,12,700,0,12.67,1.201,0.49,0.482,0,0,0,-0.125,177.8,0,0,-7999
101,2022,12,800,0,12.67,1.204,0,-0.198,0,0,0,-0.129,181.8,7.912,5.337,0.675
101,2022,12,900,0,12.9,1.197,1.41,3.652,0,0,0,-0.126,169.8,27.68,17.15,0.619
101,2022,12,1000,0,13.31,1.194,0,7.892,0,0,0,-0.127,175.8,53.2,32.39,0.609
101,2022,12,1100,0,13.73,1.198,0.52,6.182,0,0,0,-0.125,184.8,71.15,42.66,0.6
101,2022,12,1200,0,14.67,1.2,0,4.682,0,0,0,-0.119,176.8,79.4,47.61,0.6
101,2022,12,1300,0,14.65,1.2,0.14,7.302,0,0,0,-0.122,173.8,119.6,72.36,0.605
101,2022,12,1400,0,14.6,1.2,0.02,8.23,0,0,0,-0.119,168.8,192.9,120,0.622
101,2022,12,1500,0,14.52,1.202,2.26,11.46,0,0,0,-0.117,181.8,108.8,67.37,0.619
101,2022,12,1600,0,14.5,1.2,0,7.812,0,0,0,-0.12,179.8,44.88,27.4,0.611
101,2022,12,1700,0,13.3,1.198,2.08,2.822,0,0,0,-0.119,171.8,2.514,1.523,0.606
101,2022,12,1800,0,13.05,1.196,0,0.772,0,0,0,-0.125,176.8,0,0,-7999
101,2022,12,1900,0,12.92,1.197,0.45,4.752,0,0,0,-0.114,179.8,0,0,-7999
101,2022,12,2000,0,12.85,1.198,0.27,3.482,0,0,0,-0.115,179.8,0,0,-7999
101,2022,12,2100,0,12.81,1.2,0.73,1.412,0,0,0,-0.118,170.8,0,0,-7999
101,2022,12,2200,0,12.77,1.203,0.16,-1.378,0,0,0,-0.123,179.8,0,0,-7999
101,2022,12,2300,0,12.75,1.201,0,-1.118,0,0,0,-0.128,184.8,0,0,-7999
101,2022,13,000,0,12.73,1.2,0.49,1.352,0,0,0,-0.12,171.8,0,0,-7999
101,2022,13,100,0,12.72,1.197,0.42,4.982,0,0,0,-0.125,179.8,0,0,-7999
101,2022,13,200,0,12.7,1.194,0.3,7.472,0,0,0,-0.126,179.8,0,0,-7999
101,2022,13,300,0,12.69,1.194,0.64,5.552,0,0,0,-0.123,170.8,0,0,-7999
101,2022,13,400,0,12.68,1.196,0.29,6.042,0,0,0,-0.122,180.8,0,0,-7999
101,2022,13,500,0,12.66,1.196,0.02,5.382,0,0,0,-0.121,173.8,0,0,-7999
101,2022,13,600,0,12.66,1.195,0.42,4.572,0,0,0,-0.116,189.8,0,0,-7999
101,2022,13,700,0,12.65,1.195,0,2.562,0,0,0,-0.114,176.8,0,0,-7999
101,2022,13,800,0,12.65,1.195,0.02,1.292,0,0,0,-0.118,178.8,6.111,3.81,0.624
101,2022,13,900,0,12.74,1.193,0,0.792,0,0,0,-0.112,171.8,19.05,11.43,0.6
101,2022,13,1000,0,13.33,1.194,0.01,0.332,0,0,0,-0.114,184.8,55.01,33.15,0.603
101,2022,13,1100,0,14.71,1.195,0,0.942,0,0,0,-0.107,182.8,116.8,71.64,0.613
101,2022,13,1200,0,14.72,1.192,1.71,1.492,0,0,0,-0.109,186.8,88.8,52.57,0.592
101,2022,13,1300,0,14.7,1.19,0.22,1.392,0,0,0,-0.106,176.8,91.3,54.86,0.601
101,2022,13,1400,0,14.73,1.188,0.66,0.552,0,0,0,-0.103,171.8,67.21,41.53,0.618
101,2022,13,1500,0,14.78,1.186,0,1.042,0,0,0,-0.1,171.8,154.6,97.9,0.634
101,2022,13,1600,0,14.73,1.185,0.28,1.112,0,0,0,-0.104,192.8,57.15,34.67,0.607
101,2022,13,1700,0,13.34,1.185,0,0.612,0,0,0,-0.103,185.8,1.078,0.762,0.707
101,2022,13,1800,0,13.1,1.183,0.13,0.422,0,0,0,-0.101,167.8,0,0,-7999
101,2022,13,1900,0,12.96,1.181,0,0.422,0,0,0,-0.101,165.8,0,0,-7999
101,2022,13,2000,0,12.88,1.179,0.43,0.462,0,0,0,-0.103,167.8,0,0,-7999
101,2022,13,2100,0,12.83,1.179,0,0.082,0,0,0,-0.104,166.8,0,0,-7999
101,2022,13,2200,0,12.81,1.179,0.49,-2.328,0,0,0,-0.101,165.8,0,0,-7999
101,2022,13,2300,0,12.78,1.179,0,-1.648,0,0,0,-0.099,165.8,0,0,-7999
101,2022,14,000,0,12.76,1.18,0,-1.668,0,0,0,-0.099,166.8,0,0,-7999
101,2022,14,100,0,12.74,1.18,0.33,-1.738,0,0,0,-0.099,167.8,0,0,-7999
101,2022,14,200,0,12.73,1.18,0.12,-2.218,0,0,0,-0.099,166.8,0,0,-7999
101,2022,14,300,0,12.71,1.178,0,-2.388,0,0,0,-0.095,179.8,0,0,-7999
101,2022,14,400,0,12.69,1.177,0.19,-3.998,0,0,0,-0.099,171.8,0,0,-7999
101,2022,14,500,0,12.67,1.178,0.12,-4.288,0,0,0,-0.098,189.8,0,0,-7999
101,2022,14,600,0,12.66,1.177,0,-3.928,0,0,0,-0.097,167.8,0,0,-7999
101,2022,14,700,0,12.65,1.179,0.55,-4.258,0,0,0,-0.093,168.8,0,0,-7999
101,2022,14,800,0,12.68,1.179,0.44,-3.958,0,0,0,-0.094,169.8,8.99,6.102,0.678
101,2022,14,900,0,13.8,1.181,0,-1.108,0,0,0,-0.09,173.8,88.9,52.62,0.592
101,2022,14,1000,0,14.71,1.188,0.4,2.292,0,0,0,-0.089,166.8,126.9,78.88,0.622
101,2022,14,1100,0,14.58,1.198,0,2.382,0,0,0,-0.092,183.8,197.6,123.4,0.624
101,2022,14,1200,0,14.44,1.193,2.07,2.942,0,0,0,-0.094,165.8,252.8,158,0.625
101,2022,14,1300,0,14.25,1.187,2.1,2.942,0,0,0,-0.093,178.8,140,86.8,0.62
101,2022,14,1400,0,14.34,1.187,0.56,3.342,0,0,0,-0.088,184.8,209.7,127.9,0.61
101,2022,14,1500,0,14.61,1.183,1.97,2.902,0,0,0,-0.093,171.8,65.72,38.83,0.591
101,2022,14,1600,0,14.69,1.182,0,2.312,0,0,0,-0.091,171.8,32.7,19.42,0.594
101,2022,14,1700,0,13.33,1.179,0.25,-0.098,0,0,0,-0.093,185.8,3.594,2.286,0.636
101,2022,14,1800,0,13.03,1.177,0.02,-2.208,0,0,0,-0.093,172.8,0,0,-7999
101,2022,14,1900,0,12.9,1.176,0.17,-0.678,0,0,0,-0.092,176.8,0,0,-7999
101,2022,14,2000,0,12.83,1.174,0.06,-1.848,0,0,0,-0.094,170.8,0,0,-7999
101,2022,14,2100,0,12.78,1.169,0,-3.898,0,0,0,-0.095,176.8,0,0,-7999
101,2022,14,2200,0,12.74,1.165,0.37,-3.538,0,0,0,-0.092,179.8,0,0,-7999
101,2022,14,2300,0,12.72,1.166,0.2,-3.708,0,0,0,-0.095,179.8,0,0,-7999
101,2022,15,000,0,12.7,1.168,0,-2.378,0,0,0,-0.092,178.8,0,0,-7999
101,2022,15,100,0,12.67,1.17,0,-4.938,0,0,0,-0.089,171.8,0,0,-7999
101,2022,15,200,0,12.66,1.173,0.34,-4.908,0,0,0,-0.09,187.8,0,0,-7999
101,2022,15,300,0,12.63,1.169,0.28,-4.828,0,0,0,-0.09,187.8,0,0,-7999
101,2022,15,400,0,12.61,1.156,0,-4.918,0,0,0,-0.088,175.8,0,0,-7999
101,2022,15,500,0,12.6,1.145,0,-3.058,0,0,0,-0.093,183.8,0,0,-7999
101,2022,15,600,0,12.6,1.134,0.2,-5.108,0,0,0,-0.085,178.8,0,0,-7999
101,2022,15,700,0,12.59,1.122,0.28,-6.158,0,0,0,-0.086,172.8,0,0,-7999
101,2022,15,800,0,12.65,1.118,0.03,-5.528,0,0,0,-0.086,181.8,14.75,9.54,0.646
101,2022,15,900,0,14.88,1.134,0,-1.098,0,0,0,-0.084,187.8,97.5,65.97,0.677
101,2022,15,1000,0,14.69,1.158,0.18,1.642,0,0,0,-0.086,174.8,173.6,110.5,0.636
101,2022,15,1100,0,14.59,1.174,0.21,2.452,0,0,0,-0.089,192.8,223.1,140.9,0.632
101,2022,15,1200,0,14.54,1.177,1.24,3.912,0,0,0,-0.085,168.8,253.6,156.5,0.617
101,2022,15,1300,0,14.53,1.178,1.32,4.002,0,0,0,-0.084,179.8,209.4,130.2,0.622
101,2022,15,1400,0,14.52,1.18,0.68,6.342,0,0,0,-0.074,176.8,187.8,115.7,0.616
101,2022,15,1500,0,14.52,1.178,1.84,6.052,0,0,0,-0.073,179.8,88.3,53.28,0.603
101,2022,15,1600,0,14.54,1.177,1.86,5.702,0,0,0,-0.073,174.8,45.96,27.03,0.588
101,2022,15,1700,0,13.33,1.176,0.11,2.922,0,0,0,-0.075,185.8,2.155,1.523,0.707
101,2022,15,1800,0,13.05,1.173,0.11,-0.598,0,0,0,-0.078,186.8,0,0,-7999
101,2022,15,1900,0,12.95,1.171,0.02,1.202,0,0,0,-0.078,185.8,0,0,-7999
101,2022,15,2000,0,12.88,1.169,0,0.812,0,0,0,-0.075,186.8,0,0,-7999
101,2022,15,2100,0,12.83,1.168,0.78,-1.098,0,0,0,-0.074,186.8,0,0,-7999
101,2022,15,2200,0,12.8,1.167,0,-0.918,0,0,0,-0.071,184.8,0,0,-7999
101,2022,15,2300,0,12.78,1.167,0,-3.478,0,0,0,-0.08,185.8,0,0,-7999
101,2022,16,000,0,12.76,1.167,0.2,-3.758,0,0,0,-0.078,186.8,0,0,-7999
101,2022,16,100,0,12.74,1.173,0.04,-1.828,0,0,0,-0.075,179.8,0,0,-7999
101,2022,16,200,0,12.73,1.172,0,-2.418,0,0,0,-0.077,183.8,0,0,-7999
101,2022,16,300,0,12.71,1.168,0.37,-4.108,0,0,0,-0.077,185.8,0,0,-7999
101,2022,16,400,0,12.7,1.166,0.16,-4.938,0,0,0,-0.08,169.8,0,0,-7999
101,2022,16,500,0,12.68,1.165,0,-1.928,0,0,0,-0.075,177.8,0,0,-7999
101,2022,16,600,0,12.67,1.147,0,-4.848,0,0,0,-0.079,173.8,0,0,-7999
101,2022,16,700,0,12.66,1.133,0,-4.878,0,0,0,-0.081,178.8,0,0,-7999
101,2022,16,800,0,12.68,1.124,0.39,-4.768,0,0,0,-0.076,186.8,6.476,4.195,0.648
101,2022,16,900,0,14.89,1.131,0.07,0.092,0,0,0,-0.068,182.8,96.1,59.87,0.623
101,2022,16,1000,0,14.69,1.156,0.06,2.822,0,0,0,-0.072,177.8,163.5,105.1,0.643
101,2022,16,1100,0,14.52,1.169,0.42,5.792,0,0,0,-0.063,177.8,210.1,131.7,0.627
101,2022,16,1200,0,14.47,1.168,0.15,6.052,0,0,0,-0.069,185.8,232.6,145,0.623
101,2022,16,1300,0,14.43,1.173,0.11,8.72,0,0,0,-0.063,170.8,227.2,141.5,0.623
101,2022,16,1400,0,14.4,1.175,0.5,8.49,0,0,0,-0.066,184.8,192,120.2,0.626
101,2022,16,1500,0,14.42,1.174,0.7,8.21,0,0,0,-0.058,185.8,132.1,83.7,0.634
101,2022,16,1600,0,14.47,1.172,1.55,6.742,0,0,0,-0.059,188.8,60.31,36.53,0.606
101,2022,16,1700,0,13.33,1.171,0.7,2.082,0,0,0,-0.068,175.8,3.232,1.903,0.589
101,2022,16,1800,0,13.02,1.169,0,-0.188,0,0,0,-0.068,170.8,0,0,-7999
101,2022,16,1900,0,12.9,1.17,0.1,1.522,0,0,0,-0.068,174.8,0,0,-7999
101,2022,16,2000,0,12.84,1.17,0.05,1.592,0,0,0,-0.067,175.8,0,0,-7999
101,2022,16,2100,0,12.79,1.166,0.02,-0.558,0,0,0,-0.067,166.8,0,0,-7999
101,2022,16,2200,0,12.78,1.166,0.33,0.862,0,0,0,-0.072,169.8,0,0,-7999
101,2022,16,2300,0,12.76,1.167,0,-0.218,0,0,0,-0.068,167.8,0,0,-7999
101,2022,17,000,0,12.74,1.167,0.13,-0.788,0,0,0,-0.071,167.8,0,0,-7999
101,2022,17,100,0,12.73,1.163,0.26,-3.878,0,0,0,-0.068,170.8,0,0,-7999
101,2022,17,200,0,12.72,1.166,0.01,-1.798,0,0,0,-0.068,174.8,0,0,-7999
101,2022,17,300,0,12.7,1.174,0.21,-0.048,0,0,0,-0.067,171.8,0,0,-7999
101,2022,17,400,0,12.69,1.174,0,-1.818,0,0,0,-0.066,177.8,0,0,-7999
101,2022,17,500,0,12.67,1.173,0.26,-3.138,0,0,0,-0.068,165.8,0,0,-7999
101,2022,17,600,0,12.66,1.167,0.1,-4.548,0,0,0,-0.069,167.8,0,0,-7999
101,2022,17,700,0,12.66,1.161,0,-4.068,0,0,0,-0.069,166.8,0,0,-7999
101,2022,17,800,0,12.71,1.151,0,-4.838,0,0,0,-0.068,167.8,15.83,9.53,0.602
101,2022,17,900,0,13.64,1.154,0.26,-2.498,0,0,0,-0.066,167.8,77.34,47.67,0.616
101,2022,17,1000,0,14.82,1.154,0.74,-1.858,0,0,0,-0.067,166.8,85.6,53.75,0.628
101,2022,17,1100,0,14.75,1.163,0.13,0.062,0,0,0,-0.067,178.8,108.2,65.16,0.602
101,2022,17,1200,0,14.68,1.164,1.99,2.992,0,0,0,-0.065,171.8,281.4,171.8,0.611
101,2022,17,1300,0,14.57,1.166,0,6.122,0,0,0,-0.065,189.8,171.7,104.7,0.61
101,2022,17,1400,0,14.54,1.167,0.41,7.182,0,0,0,-0.055,177.8,205.4,124.1,0.604
101,2022,17,1500,0,14.54,1.164,1.34,6.822,0,0,0,-0.055,179.8,100.5,59,0.587
101,2022,17,1600,0,14.63,1.162,0.39,5.982,0,0,0,-0.053,193.8,44.9,25.51,0.568
101,2022,17,1700,0,13.43,1.161,0.14,2.912,0,0,0,-0.052,191.8,1.796,1.143,0.636
101,2022,17,1800,0,13.15,1.161,0.43,2.872,0,0,0,-0.053,186.8,0,0,-7999
101,2022,17,1900,0,13.02,1.164,0,3.122,0,0,0,-0.054,188.8,0,0,-7999
101,2022,17,2000,0,12.93,1.166,0.2,2.842,0,0,0,-0.055,191.8,0,0,-7999
101,2022,17,2100,0,12.88,1.164,0,2.542,0,0,0,-0.05,191.8,0,0,-7999
101,2022,17,2200,0,12.85,1.163,0.3,1.212,0,0,0,-0.055,189.8,0,0,-7999
101,2022,17,2300,0,12.83,1.167,0.11,2.172,0,0,0,-0.056,187.8,0,0,-7999
101,2022,18,000,0,12.81,1.169,0.02,1.982,0,0,0,-0.054,189.8,0,0,-7999
101,2022,18,100,0,12.8,1.17,0.02,2.062,0,0,0,-0.054,189.8,0,0,-7999
101,2022,18,200,0,12.78,1.17,0,1.862,0,0,0,-0.051,189.8,0,0,-7999
101,2022,18,300,0,12.77,1.167,0,1.722,0,0,0,-0.053,187.8,0,0,-7999
101,2022,18,400,0,12.75,1.166,0.03,1.022,0,0,0,-0.053,187.8,0,0,-7999
101,2022,18,500,0,12.74,1.165,0.07,0.682,0,0,0,-0.052,178.8,0,0,-7999
101,2022,18,600,0,12.73,1.166,0,0.232,0,0,0,-0.052,179.8,0,0,-7999
101,2022,18,700,0,12.72,1.165,0.05,0.182,0,0,0,-0.052,177.8,0,0,-7999
101,2022,18,800,0,12.71,1.167,0,-0.048,0,0,0,-0.052,181.8,6.471,3.811,0.589
101,2022,18,900,0,12.83,1.166,0.03,-0.188,0,0,0,-0.051,183.8,20.13,11.81,0.587
101,2022,18,1000,0,13.62,1.168,0,0.502,0,0,0,-0.052,176.8,82.7,47.26,0.571
101,2022,18,1100,0,14.7,1.161,2.13,2.292,0,0,0,-0.046,182.8,141.2,79.22,0.561
101,2022,18,1200,0,14.71,1.155,0.37,1.172,0,0,0,-0.04,178.8,87.3,47.6,0.545
101,2022,18,1300,0,14.79,1.152,0.74,1.522,0,0,0,-0.038,177.8,62.18,35.43,0.57
101,2022,18,1400,0,14.72,1.148,5.22,1.942,0,0,0,-0.037,182.8,218.2,124.6,0.571
101,2022,18,1500,0,14.68,1.144,0.04,2.172,0,0,0,-0.033,189.8,154.5,87.6,0.567
101,2022,18,1600,0,14.72,1.142,2.63,1.282,0,0,0,-0.025,189.8,47.42,24.75,0.522
101,2022,18,1700,0,13.4,1.14,0,0.312,0,0,0,-0.027,199.8,1.078,0.762,0.707
101,2022,18,1800,0,13.16,1.141,0.23,0.462,0,0,0,-0.028,192.8,0,0,-7999
101,2022,18,1900,0,13.02,1.14,0,0.432,0,0,0,-0.029,190.8,0,0,-7999
101,2022,18,2000,0,12.93,1.139,0.28,0.282,0,0,0,-0.027,193.8,0,0,-7999
101,2022,18,2100,0,12.88,1.142,0,0.282,0,0,0,-0.031,199.8,0,0,-7999
101,2022,18,2200,0,12.85,1.139,0.21,0.212,0,0,0,-0.028,184.8,0,0,-7999
101,2022,18,2300,0,12.83,1.139,0.03,0.202,0,0,0,-0.029,181.8,0,0,-7999
101,2022,19,000,0,12.8,1.138,0.14,0.452,0,0,0,-0.031,185.8,0,0,-7999
101,2022,19,100,0,12.79,1.138,0.19,0.042,0,0,0,-0.029,185.8,0,0,-7999
101,2022,19,200,0,12.77,1.141,0.04,0.882,0,0,0,-0.03,191.8,0,0,-7999
101,2022,19,300,0,12.76,1.142,0.24,1.162,0,0,0,-0.031,189.8,0,0,-7999
101,2022,19,400,0,12.74,1.142,0.01,1.072,0,0,0,-0.032,189.8,0,0,-7999
101,2022,19,500,0,12.73,1.141,0.13,1.342,0,0,0,-0.032,186.8,0,0,-7999
101,2022,19,600,0,12.72,1.141,0.02,1.362,0,0,0,-0.03,166.8,0,0,-7999
101,2022,19,700,0,12.71,1.14,0.07,1.222,0,0,0,-0.031,183.8,0,0,-7999
101,2022,19,800,0,12.7,1.14,0.02,1.642,0,0,0,-0.029,184.8,5.033,2.668,0.53
101,2022,19,900,0,12.92,1.139,0.01,1.972,0,0,0,-0.026,186.8,37.75,19.44,0.515
101,2022,19,1000,0,14.76,1.138,0.8,2.262,0,0,0,-0.024,169.8,139.1,72.39,0.52
101,2022,19,1100,0,14.76,1.134,0.71,2.022,0,0,0,-0.022,193.8,90.2,45.33,0.503
101,2022,19,1200,0,14.7,1.131,2.41,3.192,0,0,0,-0.02,191.8,118.6,59.42,0.501
101,2022,19,1300,0,14.7,1.129,0,3.332,0,0,0,-0.021,181.8,63.23,31.61,0.5
101,2022,19,1400,0,14.72,1.128,0.35,2.642,0,0,0,-0.018,181.8,49.95,25.14,0.503
101,2022,19,1500,0,14.72,1.127,0.06,3.352,0,0,0,-0.016,171.8,50.67,25.52,0.504
101,2022,19,1600,0,14.27,1.125,0.25,2.832,0,0,0,-0.017,175.8,14.02,6.857,0.489
101,2022,19,1700,0,13.33,1.127,0.01,3.542,0,0,0,-0.012,211.8,1.438,0.762,0.53
101,2022,19,1800,0,13.12,1.125,0.21,1.862,0,0,0,-0.006,174.8,0,0,-7999
101,2022,19,1900,0,13,1.125,0.19,2.102,0,0,0,-0.008,167.8,0,0,-7999
101,2022,19,2000,0,12.92,1.123,0.05,0.972,0,0,0,-0.008,177.8,0,0,-7999
101,2022,19,2100,0,12.87,1.123,0.13,3.212,0,0,0,-0.012,199.8,0,0,-7999
101,2022,19,2200,0,12.84,1.123,0.05,4.112,0,0,0,-0.01,186.8,0,0,-7999
101,2022,19,2300,0,12.83,1.122,0.08,4.492,0,0,0,-0.004,166.8,0,0,-7999
101,2022,20,000,0,12.81,1.12,0.01,4.572,0,0,0,-0.005,185.8,0,0,-7999
101,2022,20,100,0,12.79,1.118,0.2,4.052,0,0,0,-0.003,186.8,0,0,-7999
101,2022,20,200,0,12.78,1.118,0.04,4.532,0,0,0,-0.004,174.8,0,0,-7999
101,2022,20,300,0,12.76,1.117,0.06,5.102,0,0,0,-0.001,166.8,0,0,-7999
101,2022,20,400,0,12.75,1.114,0.13,4.622,0,0,0,0.003,186.8,0,0,-7999
101,2022,20,500,0,12.74,1.111,0.03,4.552,0,0,0,0.007,189.8,0,0,-7999
101,2022,20,600,0,12.72,1.106,0.04,3.922,0,0,0,0.009,178.8,0,0,-7999
101,2022,20,700,0,12.72,1.104,0.06,4.152,0,0,0,0.009,185.8,0,0,-7999
101,2022,20,800,0,12.7,1.098,0.02,3.762,0,0,0,0.006,183.8,4.313,1.905,0.442
101,2022,20,900,0,12.85,1.093,0.12,3.862,0,0,0,0.007,180.8,51.39,23.24,0.452
101,2022,20,1000,0,14.73,1.089,0,4.202,0,0,0,0.006,175.8,109.6,45.33,0.414
101,2022,20,1100,0,14.73,1.079,2.73,4.202,0,0,0,0.002,176.8,244.3,98.6,0.404
101,2022,20,1200,0,14.64,1.071,0.36,5.352,0,0,0,-0.002,187.8,275.2,103.6,0.376
101,2022,20,1300,0,14.66,1.066,3.34,4.732,0,0,0,-0.007,187.8,203.3,65.5,0.322
101,2022,20,1400,0,14.67,1.069,0.8,4.562,0,0,0,-0.003,179.8,41.68,12.57,0.302
101,2022,20,1500,0,14.65,1.063,2.06,4.832,0,0,0,-0.001,180.8,148,43.8,0.296
101,2022,20,1600,0,14.11,1.063,0.23,3.192,0,0,0,0,173.8,9.7,2.666,0.275
101,2022,20,1700,0,13.3,1.058,0,2.132,0,0,0,0.002,167.8,1.797,0.381,0.212
101,2022,20,1800,0,13.08,1.057,0,1.562,0,0,0,0.001,179.8,0,0,-7999
101,2022,20,1900,0,12.97,1.058,0.08,1.012,0,0,0,0.001,176.8,0,0,-7999
101,2022,20,2000,0,12.9,1.058,0,0.192,0,0,0,-0.001,188.8,0,0,-7999
101,2022,20,2100,0,12.86,1.056,0.5,0.272,0,0,0,0,187.8,0,0,-7999
101,2022,20,2200,0,12.83,1.056,0,-0.538,0,0,0,0,184.8,0,0,-7999
101,2022,20,2300,0,12.81,1.056,0.31,-1.188,0,0,0,0,189.8,0,0,-7999
101,2022,21,000,0,12.79,1.056,0.26,-1.648,0,0,0,-0.001,187.8,0,0,-7999
101,2022,21,100,0,12.78,1.055,0,-1.908,0,0,0,0,189.8,0,0,-7999
101,2022,21,200,0,12.77,1.054,0.35,-4.508,0,0,0,0.001,187.8,0,0,-7999
101,2022,21,300,0,12.75,1.055,0.21,-5.908,0,0,0,0,187.8,0,0,-7999
101,2022,21,400,0,12.73,1.055,0,-5.838,0,0,0,-0.001,189.8,0,0,-7999
101,2022,21,500,0,12.71,1.055,0,-6.348,0,0,0,0,187.8,0,0,-7999
101,2022,21,600,0,12.7,1.056,0,-6.498,0,0,0,-0.001,187.8,0,0,-7999
101,2022,21,700,0,12.68,1.057,0.36,-5.208,0,0,0,-0.002,187.8,0,0,-7999
101,2022,21,800,0,12.72,1.058,0.56,-6.498,0,0,0,-0.002,186.8,14.76,4.578,0.31
101,2022,21,900,0,13.54,1.059,0,-2.438,0,0,0,-0.001,188.8,52.89,15.64,0.296
101,2022,21,1000,0,14.84,1.062,0,-0.768,0,0,0,0.002,187.8,201.8,52.99,0.263
101,2022,21,1100,0,14.74,1.063,2.21,0.362,0,0,0,0.001,187.8,199.8,50.29,0.252
101,2022,21,1200,0,14.58,1.064,0,4.822,0,0,0,0.006,186.8,153,35.41,0.231
101,2022,21,1300,0,14.52,1.066,2.07,6.192,0,0,0,0.007,186.8,236.6,54.04,0.228
101,2022,21,1400,0,14.47,1.067,0,7.042,0,0,0,0.006,187.8,203.2,44.9,0.221
101,2022,21,1500,0,14.48,1.065,1.68,6.772,0,0,0,0.004,186.8,147.5,31.96,0.217
101,2022,21,1600,0,14.51,1.064,0.22,6.972,0,0,0,0.004,187.8,92.6,19.79,0.214
101,2022,21,1700,0,13.56,1.063,1.57,2.452,0,0,0,0,186.8,3.95,0.761,0.193
101,2022,21,1800,0,13.14,1.06,0.05,-2.468,0,0,0,-0.005,189.8,0,0,-7999
101,2022,21,1900,0,13.01,1.058,0,-3.158,0,0,0,-0.005,186.8,0,0,-7999
101,2022,21,2000,0,12.92,1.056,0.03,-2.788,0,0,0,-0.003,186.8,0,0,-7999
101,2022,21,2100,0,12.86,1.057,0.07,-2.508,0,0,0,0,187.8,0,0,-7999
101,2022,21,2200,0,12.83,1.056,0,-2.788,0,0,0,-0.001,188.8,0,0,-7999
101,2022,21,2300,0,12.8,1.055,0,-2.718,0,0,0,0.003,187.8,0,0,-7999
101,2022,22,000,0,12.78,1.055,0.92,-2.328,0,0,0,0.01,187.8,0,0,-7999
101,2022,22,100,0,12.75,1.055,0.41,-2.328,0,0,0,0.01,188.8,0,0,-7999
101,2022,22,200,0,12.73,1.054,0,-3.648,0,0,0,0,187.8,0,0,-7999
101,2022,22,300,0,12.71,1.054,0,-3.608,0,0,0,0.003,187.8,0,0,-7999
101,2022,22,400,0,12.69,1.055,0,-3.328,0,0,0,0.003,187.8,0,0,-7999
101,2022,22,500,0,12.68,1.055,0.08,-3.648,0,0,0,0.002,188.8,0,0,-7999
101,2022,22,600,0,12.68,1.055,0.27,-4.158,0,0,0,0,187.8,0,0,-7999
101,2022,22,700,0,12.66,1.057,0.12,-3.888,0,0,0,0.002,187.8,0,0,-7999
101,2022,22,800,0,12.68,1.057,0,-2.848,0,0,0,0.001,189.8,6.478,1.526,0.236
101,2022,22,900,0,14.89,1.059,0,4.462,0,0,0,0.008,187.8,107.6,23.64,0.22
101,2022,22,1000,0,14.63,1.061,0.21,9.47,0,0,0,0.012,187.8,178.9,35.04,0.196
101,2022,22,1100,0,14.46,1.065,0,10.61,0,0,0,0.008,186.8,229.4,41.48,0.181
101,2022,22,1200,0,14.43,1.068,1.05,9.61,0,0,0,0.004,186.8,254.1,43.37,0.171
101,2022,22,1300,0,14.38,1.07,0,10.61,0,0,0,0.006,187.8,246.9,41.09,0.166
101,2022,22,1400,0,14.4,1.07,1.68,11.19,0,0,0,0.003,188.8,212.1,35,0.165
101,2022,22,1500,0,14.42,1.07,0.11,9.96,0,0,0,0.006,186.8,151.1,25.11,0.166
101,2022,22,1600,0,14.47,1.068,0.54,8.1,0,0,0,0.005,186.8,75.38,13.32,0.177
101,2022,22,1700,0,13.45,1.066,0.01,2.912,0,0,0,0.001,188.8,3.232,0.381,0.118
101,2022,22,1800,0,13.12,1.063,0.01,-1.198,0,0,0,0.002,187.8,0,0,-7999
101,2022,22,1900,0,12.99,1.06,0.03,-1.358,0,0,0,0.003,188.8,0,0,-7999
101,2022,22,2000,0,12.91,1.059,0,-2.198,0,0,0,0,187.8,0,0,-7999
101,2022,22,2100,0,12.86,1.058,0,-2.248,0,0,0,0.001,187.8,0,0,-7999
101,2022,22,2200,0,12.83,1.059,0.17,-2.458,0,0,0,0.003,187.8,0,0,-7999
101,2022,22,2300,0,12.8,1.057,0.61,-2.958,0,0,0,0.002,186.8,0,0,-7999
101,2022,23,000,0,12.78,1.057,0,-3.088,0,0,0,-0.002,186.8,0,0,-7999
101,2022,23,100,0,12.76,1.057,0,-3.608,0,0,0,0.003,188.8,0,0,-7999
101,2022,23,200,0,12.75,1.056,0,-3.308,0,0,0,0.002,189.8,0,0,-7999
101,2022,23,300,0,12.73,1.057,0,-0.318,0,0,0,0.021,187.8,0,0,-7999
101,2022,23,400,0,12.71,1.057,0,-1.018,0,0,0,0.023,187.8,0,0,-7999
101,2022,23,500,0,12.69,1.058,1.26,-2.138,0,0,0,0.012,187.8,0,0,-7999
101,2022,23,600,0,12.68,1.058,0.2,0.442,0,0,0,0.006,187.8,0,0,-7999
101,2022,23,700,0,12.67,1.059,0,-2.888,0,0,0,0.007,187.8,0,0,-7999
101,2022,23,800,0,12.68,1.059,0,-2.718,0,0,0,0.002,187.8,6.835,1.144,0.167
101,2022,23,900,0,14.87,1.06,0,3.622,0,0,0,0.017,187.8,107.6,17.16,0.16
101,2022,23,1000,0,14.68,1.063,0.07,2.702,0,0,0,0.006,187.8,178.2,25.52,0.143
101,2022,23,1100,0,14.52,1.065,0.41,9.29,0,0,0,0.011,187.8,230.9,30.83,0.134
101,2022,23,1200,0,14.43,1.069,0.12,9.75,0,0,0,0.005,187.8,254.1,32.72,0.129
101,2022,23,1300,0,14.42,1.071,0.52,10.07,0,0,0,0.001,186.8,248.7,31.2,0.125
101,2022,23,1400,0,14.44,1.07,0,10.78,0,0,0,-0.002,187.8,213.9,26.63,0.124
101,2022,23,1500,0,14.42,1.071,0.4,11.19,0,0,0,0.002,187.8,153.3,19.78,0.129
101,2022,23,1600,0,14.42,1.07,0.03,11.57,0,0,0,0.006,188.8,93.7,12.17,0.13
101,2022,23,1700,0,13.64,1.067,1.99,7.882,0,0,0,0.001,187.8,7.539,1.142,0.151
101,2022,23,1800,0,13.13,1.066,0.09,4.932,0,0,0,-0.001,187.8,0,0,-7999
101,2022,23,1900,0,13,1.063,0.25,3.792,0,0,0,0.004,187.8,0,0,-7999
101,2022,23,2000,0,12.91,1.062,0.13,3.432,0,0,0,0.003,187.8,0,0,-7999
101,2022,23,2100,0,12.87,1.061,0,3.222,0,0,0,0.001,188.8,0,0,-7999
101,2022,23,2200,0,12.83,1.061,0.4,2.622,0,0,0,0.006,186.8,0,0,-7999
101,2022,23,2300,0,12.81,1.061,0,2.592,0,0,0,0.005,187.8,0,0,-7999
101,2022,24,000,0,12.79,1.06,0.31,1.212,0,0,0,0.002,187.8,0,0,-7999
101,2022,24,100,0,12.77,1.06,0.25,6.752,0,0,0,0.013,187.8,0,0,-7999
101,2022,24,200,0,12.75,1.06,0.27,3.592,0,0,0,0.009,188.8,0,0,-7999
101,2022,24,300,0,12.74,1.06,0.35,4.232,0,0,0,0.011,187.8,0,0,-7999
101,2022,24,400,0,12.73,1.061,0,2.872,0,0,0,0.009,187.8,0,0,-7999
101,2022,24,500,0,12.71,1.06,0.32,0.402,0,0,0,0.012,186.8,0,0,-7999
101,2022,24,600,0,12.7,1.06,0.01,3.802,0,0,0,0.006,187.8,0,0,-7999
101,2022,24,700,0,12.69,1.06,0.69,5.772,0,0,0,0.008,188.8,0,0,-7999
101,2022,24,800,0,12.7,1.061,0.1,2.822,0,0,0,0.005,187.8,6.83,0.762,0.112
101,2022,24,900,0,14.68,1.062,0.4,6.992,0,0,0,0.006,187.8,108.5,12.95,0.119
101,2022,24,1000,0,14.59,1.064,0,8.28,0,0,0,0.005,186.8,179.6,19.04,0.106
101,2022,24,1100,0,14.52,1.064,0.92,8.75,0,0,0,0.004,186.8,231.2,23.22,0.1
101,2022,24,1200,0,14.48,1.065,0,9.13,0,0,0,0.004,187.8,257.4,25.88,0.101
101,2022,24,1300,0,14.42,1.067,0.37,9.95,0,0,0,0.003,187.8,251.3,25.11,0.1
101,2022,24,1400,0,14.36,1.067,0.27,10.58,0,0,0,0.003,186.8,216.1,22.07,0.102
101,2022,24,1500,0,14.41,1.066,0.56,10.45,0,0,0,0.003,187.8,155.1,17.12,0.11
101,2022,24,1600,0,14.42,1.066,0.26,9.89,0,0,0,0.006,186.8,78.62,9.51,0.121
101,2022,24,1700,0,13.51,1.064,1.06,4.002,0,0,0,0.005,187.8,3.591,0.381,0.106
101,2022,24,1800,0,13.12,1.062,0.1,0.872,0,0,0,0.002,187.8,0,0,-7999
101,2022,24,1900,0,12.99,1.059,0,0.012,0,0,0,0.002,187.8,0,0,-7999
101,2022,24,2000,0,12.9,1.058,0.25,-1.548,0,0,0,0.006,186.8,0,0,-7999
101,2022,24,2100,0,12.86,1.057,0.02,-2.268,0,0,0,0.004,187.8,0,0,-7999
101,2022,24,2200,0,12.83,1.056,0,-3.768,0,0,0,0.008,187.8,0,0,-7999
101,2022,24,2300,0,12.8,1.055,0,-5.058,0,0,0,0.005,186.8,0,0,-7999
101,2022,25,000,0,12.78,1.054,0.09,-5.078,0,0,0,0.005,187.8,0,0,-7999
101,2022,25,100,0,12.76,1.055,0.42,-4.668,0,0,0,0.014,187.8,0,0,-7999
101,2022,25,200,0,12.75,1.054,0.26,-6.178,0,0,0,0.005,186.8,0,0,-7999
101,2022,25,300,0,12.73,1.054,0.33,-5.968,0,0,0,0.008,188.8,0,0,-7999
101,2022,25,400,0,12.71,1.054,0,-7.478,0,0,0,0.007,187.8,0,0,-7999
101,2022,25,500,0,12.69,1.053,0,-7.708,0,0,0,0.007,188.8,0,0,-7999
101,2022,25,600,0,12.68,1.052,0,-7.578,0,0,0,0.01,187.8,0,0,-7999
101,2022,25,700,0,12.67,1.053,0.28,-9,0,0,0,0.006,188.8,0,0,-7999
101,2022,25,800,0,12.68,1.054,0.29,-8.89,0,0,0,0.005,187.8,7.56,0.763,0.101
101,2022,25,900,0,14.98,1.056,0.03,-3.218,0,0,0,0.014,187.8,124.2,14.88,0.12
101,2022,25,1000,0,14.79,1.059,0.37,-0.968,0,0,0,0.012,186.8,183.4,16.77,0.091
101,2022,25,1100,0,14.66,1.062,0,-0.238,0,0,0,0.008,187.8,235.7,20.95,0.089
101,2022,25,1200,0,14.56,1.064,0.39,1.242,0,0,0,0.006,187.8,255.3,22.84,0.089
101,2022,25,1300,0,14.55,1.066,1.1,1.772,0,0,0,0.005,186.8,242.4,22.08,0.091
101,2022,25,1400,0,14.55,1.066,0.06,2.572,0,0,0,0.002,187.8,219,20.94,0.096
101,2022,25,1500,0,14.54,1.065,1.15,3.872,0,0,0,0.005,186.8,153,15.61,0.102
101,2022,25,1600,0,14.53,1.065,0,3.782,0,0,0,0.006,187.8,84.7,9.9,0.117
101,2022,25,1700,0,13.64,1.062,1.03,0.952,0,0,0,0.009,189.8,4.669,0.381,0.082
101,2022,25,1800,0,13.2,1.06,0,-3.988,0,0,0,0,187.8,0,0,-7999
101,2022,25,1900,0,13.05,1.058,0.03,-4.708,0,0,0,0.001,187.8,0,0,-7999
101,2022,25,2000,0,12.94,1.057,0.27,-4.328,0,0,0,0.004,187.8,0,0,-7999
101,2022,25,2100,0,12.87,1.057,0.33,-5.468,0,0,0,0.003,187.8,0,0,-7999
101,2022,25,2200,0,12.83,1.057,0.02,-5.148,0,0,0,0.003,187.8,0,0,-7999
101,2022,25,2300,0,12.8,1.056,0,-5.228,0,0,0,0.003,187.8,0,0,-7999
101,2022,26,000,0,12.78,1.056,0,-6.138,0,0,0,0.004,187.8,0,0,-7999
101,2022,26,100,0,12.75,1.057,0,-7.568,0,0,0,0.004,188.8,0,0,-7999
101,2022,26,200,0,12.73,1.056,0,-6.368,0,0,0,0.001,188.8,0,0,-7999
101,2022,26,300,0,12.71,1.056,0,-7.498,0,0,0,0.004,186.8,0,0,-7999
101,2022,26,400,0,12.68,1.056,0,-7.228,0,0,0,0.004,187.8,0,0,-7999
101,2022,26,500,0,12.67,1.056,0.17,-7.658,0,0,0,0.004,186.8,0,0,-7999
101,2022,26,600,0,12.65,1.057,0.53,-8.25,0,0,0,0.002,189.8,0,0,-7999
101,2022,26,700,0,12.64,1.058,0.49,-7.648,0,0,0,0.003,187.8,0,0,-7999
101,2022,26,800,0,12.65,1.059,0.78,-8.01,0,0,0,0.003,186.8,7.56,1.145,0.151
101,2022,26,900,0,14.98,1.06,0.02,-2.258,0,0,0,0.016,187.8,112.7,16.41,0.146
101,2022,26,1000,0,14.77,1.064,0.27,-0.568,0,0,0,0.006,187.8,184.4,16.77,0.091
101,2022,26,1100,0,14.66,1.066,0,-0.078,0,0,0,0.004,186.8,235.3,20.18,0.086
101,2022,26,1200,0,14.53,1.068,0.62,1.982,0,0,0,0.008,186.8,261.8,22.84,0.087
101,2022,26,1300,0,14.52,1.07,0.39,1.272,0,0,0,0.005,186.8,257.4,22.84,0.089
