101,2022,83,1700,0,14.46,1.06,0,9.91,0,0,0,0.003,188.8,112,14.46,0.129
101,2022,83,1800,0,13.71,1.059,0,7.402,0,0,0,0.005,189.8,7.182,0.761,0.106
101,2022,83,1900,0,13.2,1.057,0,3.612,0,0,0,0.005,188.8,0,0,-7999
101,2022,83,2000,0,13.04,1.056,0,1.702,0,0,0,0.004,188.8,0,0,-7999
101,2022,83,2100,0,12.93,1.054,0,-0.448,0,0,0,0.001,184.8,0,0,-7999
101,2022,83,2200,0,12.85,1.054,0,-0.958,0,0,0,0.003,187.8,0,0,-7999
101,2022,83,2300,0,12.8,1.054,0,-1.598,0,0,0,0.004,189.8,0,0,-7999
101,2022,84,000,0,12.76,1.055,0,-2.048,0,0,0,0.004,184.8,0,0,-7999
101,2022,84,100,0,12.74,1.053,0,-2.218,0,0,0,0.004,189.8,0,0,-7999
101,2022,84,200,0,12.72,1.055,0,-2.048,0,0,0,0.003,188.8,0,0,-7999
101,2022,84,300,0,12.7,1.054,0,-1.998,0,0,0,0.008,186.8,0,0,-7999
101,2022,84,400,0,12.68,1.054,0,-2.428,0,0,0,0.008,188.8,0,0,-7999
101,2022,84,500,0,12.66,1.055,0,-2.998,0,0,0,0.006,189.8,0,0,-7999
101,2022,84,600,0,12.64,1.054,0,-1.538,0,0,0,0.006,188.8,1.079,0,0
101,2022,84,700,0,12.73,1.055,0,-1.398,0,0,0,0.009,187.8,25.54,3.05,0.119
101,2022,84,800,0,13.12,1.054,0,0.832,0,0,0,0.005,189.8,56.47,4.575,0.081
101,2022,84,900,0,14.75,1.055,0,6.612,0,0,0,0.005,187.8,278.3,27.06,0.097
101,2022,84,1000,0,14.53,1.056,0,9.84,0,0,0,0.006,188.8,358.1,36.93,0.103
101,2022,84,1100,0,14.45,1.061,0,10.26,0,0,0,0.003,187.8,398.2,42.62,0.107
101,2022,84,1200,0,14.41,1.064,0,13.24,0,0,0,0.003,184.8,482.8,54.03,0.112
101,2022,84,1300,0,14.41,1.066,0,12.03,0,0,0,-0.004,187.8,409.9,47.18,0.115
101,2022,84,1400,0,14.41,1.064,0,12.24,0,0,0,0.005,176.8,378.4,44.14,0.117
101,2022,84,1500,0,14.41,1.064,0,11.57,0,0,0,-0.001,184.8,320.2,37.67,0.118
101,2022,84,1600,0,14.44,1.063,0,11.32,0,0,0,0.005,179.8,198.2,23.59,0.119
101,2022,84,1700,0,14.5,1.061,0,9.74,0,0,0,0.005,183.8,72.52,8.75,0.121
101,2022,84,1800,0,14,1.059,0,7.632,0,0,0,0.004,183.8,15.44,1.904,0.123
101,2022,84,1900,0,13.26,1.058,0,6.082,0,0,0,0.006,188.8,0,0,-7999
101,2022,84,2000,0,13.09,1.057,0,4.712,0,0,0,0.006,184.8,0,0,-7999
101,2022,84,2100,0,12.97,1.057,0,5.002,0,0,0,0.005,188.8,0,0,-7999
101,2022,84,2200,0,12.87,1.057,0,4.682,0,0,0,0.006,189.8,0,0,-7999
101,2022,84,2300,0,12.81,1.056,0,4.182,0,0,0,0.004,187.8,0,0,-7999
101,2022,85,000,0,12.78,1.056,0,3.402,0,0,0,0.014,184.8,0,0,-7999
101,2022,85,100,0,12.75,1.056,0,3.662,0,0,0,0.006,179.8,0,0,-7999
101,2022,85,200,0,12.73,1.056,0,3.832,0,0,0,0.007,184.8,0,0,-7999
101,2022,85,300,0,12.71,1.057,0,3.962,0,0,0,0.005,175.8,0,0,-7999
101,2022,85,400,0,12.69,1.057,0,4.162,0,0,0,0.006,181.8,0,0,-7999
101,2022,85,500,0,12.67,1.056,0,2.162,0,0,0,0.005,184.8,0,0,-7999
101,2022,85,600,0,12.65,1.056,0,3.102,0,0,0,0.005,187.8,2.876,0.381,0.133
101,2022,85,700,0,12.85,1.057,0,5.602,0,0,0,0.004,180.8,59.31,6.858,0.116
101,2022,85,800,0,13.46,1.058,0,6.722,0,0,0,0.002,189.8,126.1,14.86,0.118
101,2022,85,900,0,14.58,1.058,0,7.912,0,0,0,0.005,184.8,163.8,17.52,0.107
101,2022,85,1000,0,14.48,1.058,0,10.18,0,0,0,0.009,187.8,311.7,33.11,0.106
101,2022,85,1100,0,14.39,1.061,0,11.01,0,0,0,0.006,188.8,298.3,32.72,0.11
101,2022,85,1200,0,14.37,1.064,0,11.71,0,0,0,0.006,189.8,381.2,43.37,0.114
101,2022,85,1300,0,14.3,1.065,0,13.17,0,0,0,0.005,187.8,320.9,36.52,0.114
101,2022,85,1400,0,14.28,1.065,0,14.39,0,0,0,0.004,189.8,378.6,44.13,0.117
101,2022,85,1500,0,14.25,1.065,0,14.26,0,0,0,0.006,188.8,244,28.15,0.115
101,2022,85,1600,0,14.36,1.064,0,13.84,0,0,0,0.003,188.8,84,9.13,0.109
101,2022,85,1700,0,14.45,1.061,0,12.5,0,0,0,0.004,175.8,53.85,6.47,0.12
101,2022,85,1800,0,13.64,1.06,0,10.5,0,0,0,0.004,179.8,12.93,1.523,0.118
101,2022,85,1900,0,13.18,1.058,0,7.942,0,0,0,0.003,171.8,0,0,-7999
101,2022,85,2000,0,13.03,1.058,0,6.472,0,0,0,0.007,175.8,0,0,-7999
101,2022,85,2100,0,12.91,1.057,0,5.302,0,0,0,0.005,184.8,0,0,-7999
101,2022,85,2200,0,12.84,1.056,0,4.702,0,0,0,0.006,167.8,0,0,-7999
101,2022,85,2300,0,12.79,1.056,0,2.802,0,0,0,0.004,176.8,0,0,-7999
101,2022,86,000,0,12.76,1.055,0,2.752,0,0,0,0.009,171.8,0,0,-7999
101,2022,86,100,0,12.75,1.056,0,3.392,0,0,0,0.006,168.8,0,0,-7999
101,2022,86,200,0,12.73,1.057,0,1.992,0,0,0,0.008,171.8,0,0,-7999
101,2022,86,300,0,12.71,1.056,0,1.272,0,0,0,0.004,175.8,0,0,-7999
101,2022,86,400,0,12.69,1.056,0,1.292,0,0,0,0.005,171.8,0,0,-7999
101,2022,86,500,0,12.67,1.057,0,1.492,0,0,0,0.008,171.8,0,0,-7999
101,2022,86,600,0,12.66,1.057,0,1.162,0,0,0,0.006,167.8,1.438,0,0
101,2022,86,700,0,12.78,1.056,0,1.782,0,0,0,0.003,167.8,36.32,3.43,0.094
101,2022,86,800,0,13.26,1.057,0,5.182,0,0,0,0.006,167.8,76.57,7.24,0.095
101,2022,86,900,0,14.44,1.058,0,6.642,0,0,0,0.003,175.8,121.1,12.57,0.104
101,2022,86,1000,0,14.59,1.057,0,8.01,0,0,0,0.007,171.8,111,11.42,0.103
101,2022,86,1100,0,14.58,1.058,0,7.582,0,0,0,0.004,176.8,132.6,14.09,0.106
101,2022,86,1200,0,14.55,1.059,0,8.96,0,0,0,0.005,179.8,213.7,23.23,0.109
101,2022,86,1300,0,14.51,1.059,0,10.23,0,0,0,0.007,179.8,267.5,29.69,0.111
101,2022,86,1400,0,14.43,1.06,0,12.21,0,0,0,0.007,175.8,174.5,19.03,0.109
101,2022,86,1500,0,14.45,1.06,0,12.25,0,0,0,0.005,175.8,122.8,12.94,0.105
101,2022,86,1600,0,14.47,1.061,0,12.78,0,0,0,0.005,184.8,102.3,11.04,0.108
101,2022,86,1700,0,14.49,1.06,0,10.86,0,0,0,0.005,167.8,45.24,4.948,0.109
101,2022,86,1800,0,13.53,1.059,0,9.07,0,0,0,0.005,167.8,10.77,1.523,0.141
101,2022,86,1900,0,13.2,1.059,0,6.652,0,0,0,0.005,168.8,0,0,-7999
101,2022,86,2000,0,13.05,1.058,0,6.022,0,0,0,0.007,167.8,0,0,-7999
101,2022,86,2100,0,12.93,1.057,0,5.832,0,0,0,0.005,171.8,0,0,-7999
101,2022,86,2200,0,12.85,1.058,0,6.782,0,0,0,0.002,167.8,0,0,-7999
101,2022,86,2300,0,12.8,1.057,0,5.592,0,0,0,0.005,167.8,0,0,-7999
101,2022,87,000,0,12.77,1.058,0,6.002,0,0,0,0.005,167.8,0,0,-7999
101,2022,87,100,0,12.74,1.057,0,6.372,0,0,0,0.008,168.8,0,0,-7999
101,2022,87,200,0,12.73,1.058,0.15,4.102,0,0,0,0.007,191.8,0,0,-7999
101,2022,87,300,0,12.71,1.057,0,2.752,0,0,0,0.008,191.8,0,0,-7999
101,2022,87,400,0,12.68,1.056,0,2.222,0,0,0,0.007,191.8,0,0,-7999
101,2022,87,500,0,12.67,1.056,0,2.482,0,0,0,0.004,191.8,0,0,-7999
101,2022,87,600,0,12.65,1.057,0,1.752,0,0,0,0.005,190.8,2.157,0,0
101,2022,87,700,0,12.8,1.057,0,2.402,0,0,0,0.004,191.8,35.59,2.667,0.075
101,2022,87,800,0,13.05,1.057,0,4.622,0,0,0,0.003,190.8,49.61,3.81,0.077
101,2022,87,900,0,13.56,1.058,0,6.162,0,0,0,0.005,186.8,77.26,6.095,0.079
101,2022,87,1000,0,14.65,1.058,0,7.042,0,0,0,0.006,186.8,114.3,9.14,0.08
101,2022,87,1100,0,14.55,1.058,0,8.79,0,0,0,0.008,172.8,242.8,20.94,0.086
101,2022,87,1200,0,14.58,1.06,0,7.922,0,0,0,0.005,167.8,226.2,19.79,0.087
101,2022,87,1300,0,14.55,1.058,0,7.702,0,0,0,0.002,167.8,271.9,27.79,0.102
101,2022,87,1400,0,14.47,1.06,0,7.312,0,0,0,0.006,179.8,111.3,12.18,0.109
101,2022,87,1500,0,14.6,1.06,0,6.192,0,0,0,0.002,171.8,69.32,7.234,0.104
101,2022,87,1600,0,14.65,1.058,0,5.272,0,0,0,0.004,168.8,43.83,4.189,0.096
101,2022,87,1700,0,14.66,1.058,0,4.862,0,0,0,0.004,167.8,48.51,4.952,0.102
101,2022,87,1800,0,13.94,1.057,0,4.622,0,0,0,0.005,167.8,16.53,1.904,0.115
101,2022,87,1900,0,13.33,1.057,0,2.062,0,0,0,0.007,167.8,0,0,-7999
101,2022,87,2000,0,13.16,1.055,0,1.012,0,0,0,0.002,167.8,0,0,-7999
101,2022,87,2100,0,13.02,1.055,0,0.122,0,0,0,0.005,167.8,0,0,-7999
101,2022,87,2200,0,12.91,1.056,0,-0.058,0,0,0,0.008,167.8,0,0,-7999
101,2022,87,2300,0,12.83,1.055,0,1.862,0,0,0,0.005,167.8,0,0,-7999
101,2022,88,000,0,12.78,1.055,0,-0.378,0,0,0,0.006,176.8,0,0,-7999
101,2022,88,100,0,12.75,1.054,0,-0.868,0,0,0,0.004,171.8,0,0,-7999
101,2022,88,200,0,12.73,1.055,0,0.172,0,0,0,0.005,168.8,0,0,-7999
101,2022,88,300,0,12.7,1.056,0,-1.058,0,0,0,0.009,176.8,0,0,-7999
101,2022,88,400,0,12.68,1.055,0,-0.748,0,0,0,0.007,171.8,0,0,-7999
101,2022,88,500,0,12.66,1.054,0,-2.498,0,0,0,0.01,167.8,0,0,-7999
101,2022,88,600,0,12.64,1.054,0,-2.238,0,0,0,0.01,167.8,5.036,0.763,0.151
101,2022,88,700,0,12.78,1.054,0,0.782,0,0,0,0.003,180.8,97.5,9.53,0.098
101,2022,88,800,0,13.05,1.057,0,4.542,0,0,0,0.006,179.8,192.3,22.48,0.117
101,2022,88,900,0,14.67,1.055,0,6.762,0,0,0,0.008,180.8,285.6,25.14,0.088
101,2022,88,1000,0,14.58,1.057,0,7.972,0,0,0,0.003,176.8,359.8,34.64,0.096
101,2022,88,1100,0,14.47,1.059,0,9.73,0,0,0,0,183.8,412.9,45.67,0.111
101,2022,88,1200,0,14.44,1.063,0,10.37,0,0,0,0,177.8,442.3,52.13,0.118
101,2022,88,1300,0,14.43,1.064,0,10.65,0,0,0,0.001,184.8,391.3,47.19,0.121
101,2022,88,1400,0,14.41,1.062,0,11.11,0,0,0,-0.006,184.8,412.8,49.85,0.121
101,2022,88,1500,0,14.43,1.063,0,9.71,0,0,0,-0.001,176.8,263.8,31.58,0.12
101,2022,88,1600,0,14.49,1.062,0,9.39,0,0,0,0,176.8,178.8,22.07,0.123
101,2022,88,1700,0,14.55,1.06,0,7.302,0,0,0,0.004,176.8,93.7,11.8,0.126
101,2022,88,1800,0,14.41,1.058,0,5.892,0,0,0,0.005,168.8,11.85,1.523,0.128
101,2022,88,1900,0,13.3,1.058,0,4.742,0,0,0,0.006,172.8,0,0,-7999
101,2022,88,2000,0,13.13,1.057,0,4.042,0,0,0,0.006,168.8,0,0,-7999
101,2022,88,2100,0,13,1.057,0,4.042,0,0,0,0.005,173.8,0,0,-7999
101,2022,88,2200,0,12.89,1.058,0,3.492,0,0,0,0.006,172.8,0,0,-7999
101,2022,88,2300,0,12.82,1.058,0,3.082,0,0,0,0.006,168.8,0,0,-7999
101,2022,89,000,0,12.78,1.058,0,3.432,0,0,0,0.007,167.8,0,0,-7999
101,2022,89,100,0,12.75,1.057,0,2.312,0,0,0,0.006,167.8,0,0,-7999
101,2022,89,200,0,12.73,1.058,0,1.752,0,0,0,0.007,167.8,0,0,-7999
101,2022,89,300,0,12.71,1.057,0,0.512,0,0,0,0.007,179.8,0,0,-7999
101,2022,89,400,0,12.68,1.056,0,-0.638,0,0,0,0.007,171.8,0,0,-7999
101,2022,89,500,0,12.66,1.056,0,-1.598,0,0,0,0.006,172.8,0,0,-7999
101,2022,89,600,0,12.64,1.055,0,-2.138,0,0,0,0.007,175.8,3.596,0.381,0.106
101,2022,89,700,0,12.73,1.056,0,-2.208,0,0,0,0.006,171.8,24.1,2.669,0.111
101,2022,89,800,0,13.06,1.056,0,-1.788,0,0,0,0.006,172.8,47.46,5.336,0.112
101,2022,89,900,0,14.09,1.057,0,-0.318,0,0,0,0.006,179.8,118.3,12.58,0.106
101,2022,89,1000,0,14.75,1.058,0,0.732,0,0,0,0.007,179.8,190.5,20.96,0.11
101,2022,89,1100,0,14.68,1.059,0,3.452,0,0,0,0.005,176.8,229.6,25.52,0.111
101,2022,89,1200,0,14.62,1.059,0,2.862,0,0,0,0.004,188.8,131.1,14.47,0.11
101,2022,89,1300,0,14.69,1.058,0,1.662,0,0,0,0,171.8,151.3,17.52,0.116
101,2022,89,1400,0,14.69,1.059,0,2.612,0,0,0,0.006,188.8,149.8,17.14,0.114
101,2022,89,1500,0,14.66,1.058,0,3.772,0,0,0,0.005,183.8,159.2,19.04,0.12
101,2022,89,1600,0,14.65,1.058,0,2.732,0,0,0,0.005,183.8,74.01,8.38,0.113
101,2022,89,1700,0,14.73,1.058,0,0.582,0,0,0,0.006,168.8,55.7,6.856,0.123
101,2022,89,1800,0,13.81,1.057,0,-0.368,0,0,0,0.004,188.8,15.82,1.905,0.12
101,2022,89,1900,0,13.37,1.056,0,-0.818,0,0,0,0.008,171.8,0,0,-7999
101,2022,89,2000,0,13.21,1.055,0,-1.018,0,0,0,0.004,180.8,0,0,-7999
101,2022,89,2100,0,13.07,1.055,0,-1.118,0,0,0,0.006,171.8,0,0,-7999
101,2022,89,2200,0,12.95,1.056,0,-1.788,0,0,0,0.007,171.8,0,0,-7999
101,2022,89,2300,0,12.86,1.056,0,-2.198,0,0,0,0.005,183.8,0,0,-7999
101,2022,90,000,0,12.8,1.054,0,-2.968,0,0,0,0.007,179.8,0,0,-7999
101,2022,90,100,0,12.75,1.054,0,-3.088,0,0,0,0.007,176.8,0,0,-7999
101,2022,90,200,0,12.72,1.054,0,-2.908,0,0,0,0.008,175.8,0,0,-7999
101,2022,90,300,0,12.69,1.055,0,-2.948,0,0,0,0.008,171.8,0,0,-7999
101,2022,90,400,0,12.67,1.054,0,-3.108,0,0,0,0.008,167.8,0,0,-7999
101,2022,90,500,0,12.65,1.054,0,-3.308,0,0,0,0.009,167.8,0,0,-7999
101,2022,90,600,0,12.63,1.054,0,-3.788,0,0,0,0.009,167.8,11.87,1.525,0.128
101,2022,90,700,0,12.91,1.054,0,-2.818,0,0,0,0.009,168.8,65.83,7.244,0.11
101,2022,90,800,0,13.57,1.056,0,-1.368,0,0,0,0.007,188.8,203.9,26.68,0.131
101,2022,90,900,0,14.75,1.056,0,-0.798,0,0,0,0.007,188.8,98.9,10.67,0.108
101,2022,90,1000,0,14.74,1.056,0,0.562,0,0,0,-0.007,171.8,392.2,43.06,0.11
101,2022,90,1100,0,14.67,1.058,0,1.802,0,0,0,0.01,193.8,486.9,54.09,0.111
101,2022,90,1200,0,14.61,1.059,0,2.432,0,0,0,0.008,176.8,417.8,47.98,0.115
101,2022,90,1300,0,14.55,1.059,0,3.912,0,0,0,0.014,185.8,303.4,35.4,0.117
101,2022,90,1400,0,14.52,1.059,0,4.912,0,0,0,0.003,186.8,458.9,55.58,0.121
101,2022,90,1500,0,14.51,1.061,0,4.282,0,0,0,0.006,173.8,112,12.94,0.116
101,2022,90,1600,0,14.52,1.061,0,4.552,0,0,0,0.013,178.8,220.1,27.02,0.123
101,2022,90,1700,0,14.59,1.059,0,3.412,0,0,0,0.009,178.8,106,13.32,0.126
101,2022,90,1800,0,14.68,1.058,0,1.422,0,0,0,0.009,186.8,17.96,2.285,0.127
101,2022,90,1900,0,13.38,1.056,0,-1.228,0,0,0,0.009,190.8,0,0,-7999
101,2022,90,2000,0,13.2,1.055,0,-2.638,0,0,0,0.012,174.8,0,0,-7999
101,2022,90,2100,0,13.06,1.054,0,-4.498,0,0,0,0.011,191.8,0,0,-7999
101,2022,90,2200,0,12.94,1.052,0,-4.448,0,0,0,0.012,183.8,0,0,-7999
101,2022,90,2300,0,12.85,1.052,0,-4.398,0,0,0,0.009,178.8,0,0,-7999
101,2022,91,000,0,12.79,1.052,0,-5.428,0,0,0,0.015,182.8,0,0,-7999
101,2022,91,100,0,12.74,1.052,0,-5.808,0,0,0,0.015,191.8,0,0,-7999
101,2022,91,200,0,12.71,1.052,0,-6.648,0,0,0,0.012,191.8,0,0,-7999
101,2022,91,300,0,12.69,1.052,0,-4.968,0,0,0,0.01,187.8,0,0,-7999
101,2022,91,400,0,12.66,1.052,0,-5.528,0,0,0,0.015,190.8,0,0,-7999
101,2022,91,500,0,12.64,1.054,0,-5.868,0,0,0,0.012,183.8,0,0,-7999
101,2022,91,600,0,12.62,1.053,0,-4.508,0,0,0,0.011,191.8,5.038,0.763,0.151
101,2022,91,700,0,12.89,1.054,0,-2.718,0,0,0,0.01,190.8,76.64,8.77,0.114
101,2022,91,800,0,13.71,1.056,0,-0.838,0,0,0,0.01,191.8,111.1,11.82,0.106
101,2022,91,900,0,14.75,1.054,0,1.402,0,0,0,0.011,191.8,271.4,28.58,0.105
101,2022,91,1000,0,14.64,1.056,0,4.672,0,0,0,0.009,182.8,351.8,37.71,0.107
101,2022,91,1100,0,14.54,1.058,0,6.102,0,0,0,0.011,177.8,421.6,47.59,0.113
101,2022,91,1200,0,14.47,1.061,0,8.37,0,0,0,0.001,186.8,438.7,52.14,0.119
101,2022,91,1300,0,14.42,1.064,0,10.02,0,0,0,0.012,187.8,427.5,52.89,0.124
101,2022,91,1400,0,14.38,1.065,0,11.24,0,0,0,0.009,177.8,425.7,52.12,0.122
101,2022,91,1500,0,14.4,1.064,0,10.91,0,0,0,0.005,187.8,408.5,48.7,0.119
101,2022,91,1600,0,14.41,1.065,0,9.7,0,0,0,0.008,182.8,146.4,17.5,0.12
101,2022,91,1700,0,14.53,1.061,0,8.08,0,0,0,0.008,177.8,63.92,7.232,0.113
101,2022,91,1800,0,13.54,1.059,0,5.762,0,0,0,0.009,178.8,10.06,1.142,0.114
101,2022,91,1900,0,13.23,1.059,0,3.272,0,0,0,0.009,183.8,0,0,-7999
101,2022,91,2000,0,13.08,1.058,0,2.352,0,0,0,0.01,170.8,0,0,-7999
101,2022,91,2100,0,12.96,1.057,0,0.842,0,0,0,0.01,176.8,0,0,-7999
101,2022,91,2200,0,12.86,1.056,0,0.232,0,0,0,0.01,170.8,0,0,-7999
101,2022,91,2300,0,12.8,1.058,0,-0.088,0,0,0,0.011,181.8,0,0,-7999
101,2022,92,000,0,12.76,1.058,0,-0.388,0,0,0,0.01,180.8,0,0,-7999
101,2022,92,100,0,12.73,1.056,0,-0.338,0,0,0,0.01,170.8,0,0,-7999
101,2022,92,200,0,12.71,1.056,0,-0.738,0,0,0,0.01,170.8,0,0,-7999
101,2022,92,300,0,12.68,1.056,0,-1.438,0,0,0,0.01,175.8,0,0,-7999
101,2022,92,400,0,12.66,1.055,0,-1.908,0,0,0,0.01,170.8,0,0,-7999
101,2022,92,500,0,12.64,1.055,0,-2.918,0,0,0,0.011,170.8,0,0,-7999
101,2022,92,600,0,12.64,1.055,0,-3.488,0,0,0,0.011,178.8,9.71,1.525,0.157
101,2022,92,700,0,12.81,1.055,0,-1.798,0,0,0,0.013,191.8,102.9,13.34,0.13
101,2022,92,800,0,13.14,1.058,0,-1.458,0,0,0,0.008,177.8,205,27.82,0.136
101,2022,92,900,0,14.79,1.054,0,0.622,0,0,0,0.011,174.8,299.5,33.15,0.111
101,2022,92,1000,0,14.66,1.056,0,2.272,0,0,0,0.015,182.8,375.5,42.28,0.113
101,2022,92,1100,0,14.56,1.058,0,3.742,0,0,0,0.008,186.8,427.5,49.5,0.116
101,2022,92,1200,0,14.53,1.062,0,4.862,0,0,0,-0.001,185.8,448.9,54.43,0.121
101,2022,92,1300,0,14.51,1.064,0,6.632,0,0,0,0.003,182.8,437.3,55.19,0.126
101,2022,92,1400,0,14.48,1.064,0,7.712,0,0,0,0.006,190.8,400.3,49.86,0.125
101,2022,92,1500,0,14.47,1.064,0,7.642,0,0,0,0.003,185.8,331,41.1,0.124
101,2022,92,1600,0,14.5,1.062,0,7.652,0,0,0,0.007,186.8,241.3,30.45,0.126
101,2022,92,1700,0,14.5,1.061,0,7.572,0,0,0,0.008,185.8,139.3,19.03,0.137
101,2022,92,1800,0,14.54,1.059,0,6.972,0,0,0,0.012,190.8,35.55,5.71,0.161
101,2022,92,1900,0,13.32,1.057,0,0.962,0,0,0,0.01,178.8,0,0,-7999
101,2022,92,2000,0,13.14,1.056,0,-1.068,0,0,0,0.008,178.8,0,0,-7999
101,2022,92,2100,0,13.01,1.054,0,-2.428,0,0,0,0.011,191.8,0,0,-7999
101,2022,92,2200,0,12.9,1.054,0,-3.228,0,0,0,0.012,170.8,0,0,-7999
101,2022,92,2300,0,12.83,1.053,0,-4.008,0,0,0,0.01,183.8,0,0,-7999
101,2022,93,000,0,12.77,1.052,0,-4.258,0,0,0,0.011,174.8,0,0,-7999
101,2022,93,100,0,12.74,1.053,0,-4.298,0,0,0,0.008,178.8,0,0,-7999
101,2022,93,200,0,12.71,1.054,0,-3.108,0,0,0,0.016,174.8,0,0,-7999
101,2022,93,300,0,12.69,1.054,0,-1.328,0,0,0,0.012,191.8,0,0,-7999
101,2022,93,400,0,12.66,1.054,0,-3.368,0,0,0,0.018,174.8,0,0,-7999
101,2022,93,500,0,12.65,1.055,0,0.932,0,0,0,0.01,170.8,0,0,-7999
101,2022,93,600,0,12.62,1.058,0,-0.008,0,0,0,0.01,178.8,5.035,0.762,0.151
101,2022,93,700,0,12.74,1.058,0,0.282,0,0,0,0.011,174.8,21.22,2.287,0.108
101,2022,93,800,0,13.26,1.058,0,1.242,0,0,0,0.008,170.8,136.3,17.15,0.126
101,2022,93,900,0,14.77,1.057,0,2.222,0,0,0,0.007,178.8,276.4,32.01,0.116
101,2022,93,1000,0,14.65,1.057,0,3.322,0,0,0,0.007,182.8,153.4,17.52,0.114
101,2022,93,1100,0,14.59,1.062,0,5.172,0,0,0,0.009,186.8,418.5,49.12,0.117
101,2022,93,1200,0,14.56,1.061,0,4.752,0,0,0,0.005,186.8,127.1,15.23,0.12
101,2022,93,1300,0,14.62,1.061,0,5.672,0,0,0,0.01,189.8,401.6,51.4,0.128
101,2022,93,1400,0,14.56,1.06,0,6.962,0,0,0,0.002,185.8,430.3,54.45,0.127
101,2022,93,1500,0,14.51,1.061,0,6.102,0,0,0,0.005,191.8,339.7,42.63,0.125
101,2022,93,1600,0,14.62,1.059,0,4.572,0,0,0,0.008,179.8,103.1,12.18,0.118
101,2022,93,1700,0,14.65,1.059,0,3.962,0,0,0,0.009,183.8,66.11,7.997,0.121
101,2022,93,1800,0,14.26,1.058,0,3.072,0,0,0,0.009,174.8,22.64,3.047,0.135
101,2022,93,1900,0,13.35,1.058,0,2.132,0,0,0,0.009,170.8,0,0,-7999
101,2022,93,2000,0,13.18,1.058,0,2.252,0,0,0,0.009,174.8,0,0,-7999
101,2022,93,2100,0,13.05,1.058,0,1.992,0,0,0,0.009,174.8,0,0,-7999
101,2022,93,2200,0,12.93,1.06,0,1.622,0,0,0,0.011,191.8,0,0,-7999
101,2022,93,2300,0,12.85,1.057,0,0.702,0,0,0,0.01,180.8,0,0,-7999
101,2022,94,000,0,12.79,1.057,0,0.522,0,0,0,0.008,180.8,0,0,-7999
101,2022,94,100,0,12.75,1.058,0.06,0.092,0,0,0,0.008,189.8,0,0,-7999
101,2022,94,200,0,12.72,1.058,0.03,0.132,0,0,0,0.007,187.8,0,0,-7999
101,2022,94,300,0,12.7,1.059,0,-0.138,0,0,0,0.008,182.8,0,0,-7999
101,2022,94,400,0,12.67,1.059,0.09,-0.318,0,0,0,0.007,183.8,0,0,-7999
101,2022,94,500,0,12.66,1.058,0.01,-0.288,0,0,0,0.008,188.8,0,0,-7999
101,2022,94,600,0,12.63,1.058,0.1,-0.858,0,0,0,0.011,180.8,1.079,0,0
101,2022,94,700,0,12.63,1.057,0.08,-0.318,0,0,0,0.009,192.8,7.551,0.762,0.101
101,2022,94,800,0,12.71,1.059,0,0.142,0,0,0,0.009,179.8,23.01,1.525,0.066
101,2022,94,900,0,12.76,1.06,0.21,-0.638,0,0,0,0.012,181.8,14.02,0.762,0.054
101,2022,94,1000,0,12.86,1.058,0.03,-1.268,0,0,0,0.006,177.8,29.85,3.812,0.128
101,2022,94,1100,0,13.25,1.059,0,-0.748,0,0,0,0.005,171.8,66.88,4.574,0.068
101,2022,94,1200,0,14.79,1.063,0.18,0.662,0,0,0,0.005,188.8,396.6,30.11,0.076
101,2022,94,1300,0,14.73,1.06,0,-1.688,0,0,0,0.005,182.8,80.2,11.05,0.138
101,2022,94,1400,0,14.8,1.058,0,-1.868,0,0,0,0.006,168.8,34.88,3.43,0.098
101,2022,94,1500,0,14.82,1.058,0,-2.158,0,0,0,0.006,182.8,79.47,6.48,0.082
101,2022,94,1600,0,14.11,1.058,0,-2.678,0,0,0,0.006,174.8,30.56,5.336,0.175
101,2022,94,1700,0,14.37,1.058,0.02,-2.848,0,0,0,0.007,190.8,78.75,17.91,0.227
101,2022,94,1800,0,13.56,1.059,0,-3.208,0,0,0,0.011,173.8,8.99,4.956,0.551
101,2022,94,1900,0,13.34,1.061,0,-3.788,0,0,0,0.013,194.8,0,0,-7999
101,2022,94,2000,0,13.19,1.064,0.04,-3.888,0,0,0,0.012,179.8,0,0,-7999
101,2022,94,2100,0,13.05,1.065,0,-4.158,0,0,0,0.013,184.8,0,0,-7999
101,2022,94,2200,0,12.94,1.066,0,-4.698,0,0,0,0.011,190.8,0,0,-7999
101,2022,94,2300,0,12.85,1.066,0,-4.638,0,0,0,0.012,178.8,0,0,-7999
101,2022,95,000,0,12.78,1.067,0.01,-5.078,0,0,0,0.012,194.8,0,0,-7999
101,2022,95,100,0,12.73,1.066,0,-5.038,0,0,0,0.011,191.8,0,0,-7999
101,2022,95,200,0,12.69,1.065,0,-5.698,0,0,0,0.014,192.8,0,0,-7999
101,2022,95,300,0,12.66,1.066,0,-5.568,0,0,0,0.012,197.8,0,0,-7999
101,2022,95,400,0,12.63,1.068,0,-5.528,0,0,0,0.013,193.8,0,0,-7999
101,2022,95,500,0,12.61,1.066,0,-5.458,0,0,0,0.012,190.8,0,0,-7999
101,2022,95,600,0,12.63,1.066,0,-5.428,0,0,0,0.012,188.8,22.67,19.45,0.858
101,2022,95,700,0,12.8,1.065,0,-4.648,0,0,0,0.012,191.8,19.42,15.63,0.805
101,2022,95,800,0,12.89,1.067,0,-4.748,0,0,0,0.011,191.8,28.06,23.26,0.829
101,2022,95,900,0,13.15,1.066,0,-4.158,0,0,0,0.012,190.8,71.58,59.86,0.836
101,2022,95,1000,0,14.71,1.068,0,-1.958,0,0,0,0.015,188.8,438.2,331.9,0.757
101,2022,95,1100,0,14.67,1.064,0,-1.808,0,0,0,0.01,187.8,194.4,116.2,0.598
101,2022,95,1200,0,14.7,1.06,0,-1.618,0,0,0,0.01,187.8,167.1,79.98,0.479
101,2022,95,1300,0,14.64,1.061,0,-0.148,0,0,0,0.009,187.8,407.1,149.7,0.368
101,2022,95,1400,0,14.68,1.06,0,-0.818,0,0,0,0.006,183.8,183.2,55.99,0.306
101,2022,95,1500,0,14.68,1.058,0,-0.308,0,0,0,0.003,184.8,184.7,48.75,0.264
101,2022,95,1600,0,14.73,1.059,0,-0.168,0,0,0,0.006,188.8,75.11,18.67,0.249
101,2022,95,1700,0,14.72,1.059,0,-0.058,0,0,0,0.007,188.8,36.3,8.76,0.241
101,2022,95,1800,0,14.73,1.058,0,-0.608,0,0,0,0.008,188.8,39.18,9.52,0.243
101,2022,95,1900,0,13.47,1.056,0,-2.468,0,0,0,0.006,171.8,0,0,-7999
101,2022,95,2000,0,13.29,1.054,0,-3.498,0,0,0,0.011,167.8,0,0,-7999
101,2022,95,2100,0,13.15,1.055,0,-4.848,0,0,0,0.009,167.8,0,0,-7999
101,2022,95,2200,0,13.01,1.053,0,-5.368,0,0,0,0.01,167.8,0,0,-7999
101,2022,95,2300,0,12.9,1.053,0,-5.468,0,0,0,0.01,171.8,0,0,-7999
101,2022,96,000,0,12.82,1.052,0,-5.638,0,0,0,0.011,168.8,0,0,-7999
101,2022,96,100,0,12.76,1.052,0,-6.408,0,0,0,0.011,168.8,0,0,-7999
101,2022,96,200,0,12.71,1.05,0,-7.168,0,0,0,0.017,167.8,0,0,-7999
101,2022,96,300,0,12.68,1.051,0,-7.828,0,0,0,0.01,167.8,0,0,-7999
101,2022,96,400,0,12.65,1.052,0,-7.978,0,0,0,0.011,167.8,0,0,-7999
101,2022,96,500,0,12.62,1.052,0,-8.21,0,0,0,0.01,167.8,0,0,-7999
101,2022,96,600,0,12.62,1.052,0,-7.818,0,0,0,0.012,168.8,11.88,3.815,0.321
101,2022,96,700,0,12.85,1.056,0,-2.368,0,0,0,0.015,168.8,122,28.99,0.238
101,2022,96,800,0,13.35,1.06,0,0.852,0,0,0,0.017,181.8,215.4,56.03,0.26
101,2022,96,900,0,14.72,1.062,0,0.652,0,0,0,0.013,171.8,309.5,68.96,0.223
101,2022,96,1000,0,14.64,1.063,0,1.712,0,0,0,0.008,184.8,367.2,71.59,0.195
101,2022,96,1100,0,14.57,1.064,0,3.022,0,0,0,0.001,179.8,419.9,66.63,0.159
101,2022,96,1200,0,14.52,1.065,0,4.922,0,0,0,0.005,187.8,428.4,57.48,0.134
101,2022,96,1300,0,14.46,1.066,0,7.082,0,0,0,0.005,189.8,467.1,54.8,0.117
101,2022,96,1400,0,14.44,1.066,0,8.27,0,0,0,0.004,179.8,407.1,43.38,0.107
101,2022,96,1500,0,14.38,1.064,0,9.73,0,0,0,0.002,189.8,330.6,34.24,0.104
101,2022,96,1600,0,14.4,1.063,0,9.57,0,0,0,0.004,188.8,238.3,25.11,0.105
101,2022,96,1700,0,14.46,1.06,0,8.85,0,0,0,0.005,184.8,134.6,15.22,0.113
101,2022,96,1800,0,14.54,1.06,0,7.112,0,0,0,0.007,187.8,38.42,4.948,0.129
101,2022,96,1900,0,13.35,1.058,0,1.932,0,0,0,0.007,176.8,0,0,-7999
101,2022,96,2000,0,13.16,1.056,0,-0.328,0,0,0,0.006,179.8,0,0,-7999
101,2022,96,2100,0,13.02,1.056,0,-0.238,0,0,0,0.008,167.8,0,0,-7999
101,2022,96,2200,0,12.92,1.055,0,-1.668,0,0,0,0.007,171.8,0,0,-7999
101,2022,96,2300,0,12.83,1.055,0,-2.028,0,0,0,0.007,167.8,0,0,-7999
101,2022,97,000,0,12.78,1.055,0,-2.528,0,0,0,0.005,168.8,0,0,-7999
101,2022,97,100,0,12.73,1.055,0,-3.268,0,0,0,0.005,175.8,0,0,-7999
101,2022,97,200,0,12.71,1.053,0,-3.748,0,0,0,0.004,167.8,0,0,-7999
101,2022,97,300,0,12.68,1.053,0,-3.598,0,0,0,0.005,168.8,0,0,-7999
101,2022,97,400,0,12.66,1.054,0,-3.718,0,0,0,0.006,168.8,0,0,-7999
101,2022,97,500,0,12.64,1.054,0,-4.318,0,0,0,0.008,168.8,0,0,-7999
101,2022,97,600,0,12.64,1.053,0,-4.268,0,0,0,0.006,167.8,15.47,1.907,0.123
101,2022,97,700,0,12.81,1.055,0,1.192,0,0,0,0.011,167.8,116.2,11.82,0.102
101,2022,97,800,0,13.08,1.057,0,4.082,0,0,0,0.008,176.8,216.8,22.48,0.104
101,2022,97,900,0,14.65,1.057,0,6.342,0,0,0,0.007,184.8,309.3,25.52,0.082
101,2022,97,1000,0,14.51,1.058,0,8.8,0,0,0,0.005,187.8,382.8,32.36,0.085
101,2022,97,1100,0,14.44,1.062,0,10.73,0,0,0,0.004,188.8,432.2,39.19,0.091
101,2022,97,1200,0,14.36,1.064,0,12.93,0,0,0,0.003,175.8,453,46.42,0.102
101,2022,97,1300,0,14.31,1.066,0,16.02,0,0,0,0.001,187.8,442.9,50.21,0.113
101,2022,97,1400,0,14.26,1.065,0,17.93,0,0,0,-0.001,176.8,400.1,46.4,0.116
101,2022,97,1500,0,14.2,1.065,0,19.06,0,0,0,0.006,184.8,348.7,41.07,0.118
101,2022,97,1600,0,14.27,1.066,0,17.89,0,0,0,0.008,167.8,230.3,27.38,0.119
101,2022,97,1700,0,14.29,1.063,0,16.36,0,0,0,0.007,171.8,149.3,19.02,0.127
101,2022,97,1800,0,14.39,1.061,0,13.12,0,0,0,0.007,168.8,32.66,4.185,0.128
101,2022,97,1900,0,13.21,1.06,0,8.32,0,0,0,0.009,168.8,0,0,-7999
101,2022,97,2000,0,13.05,1.058,0,6.072,0,0,0,0.005,173.8,0,0,-7999
101,2022,97,2100,0,12.92,1.057,0,6.692,0,0,0,0.002,168.8,0,0,-7999
101,2022,97,2200,0,12.84,1.057,0,11.39,0,0,0,0.006,176.8,0,0,-7999
101,2022,97,2300,0,12.8,1.058,0,10.57,0,0,0,0.006,169.8,0,0,-7999
101,2022,98,000,0,12.77,1.058,0,9.71,0,0,0,0.008,169.8,0,0,-7999
101,2022,98,100,0,12.75,1.059,0,8.71,0,0,0,0.007,176.8,0,0,-7999
101,2022,98,200,0,12.72,1.058,0,6.752,0,0,0,0.008,183.8,0,0,-7999
101,2022,98,300,0,12.7,1.058,0,5.372,0,0,0,0.008,186.8,0,0,-7999
101,2022,98,400,0,12.69,1.058,0,3.812,0,0,0,0.007,177.8,0,0,-7999
101,2022,98,500,0,12.67,1.057,0,4.082,0,0,0,0.007,176.8,0,0,-7999
101,2022,98,600,0,12.67,1.057,0,2.352,0,0,0,0.007,186.8,8.27,0.762,0.092
101,2022,98,700,0,12.8,1.057,0,2.092,0,0,0,0.007,186.8,42.06,4.191,0.1
101,2022,98,800,0,13.37,1.057,0,2.392,0,0,0,0.004,181.8,80.5,8,0.099
101,2022,98,900,0,14.7,1.057,0,2.292,0,0,0,0.004,177.8,108.5,11.05,0.102
101,2022,98,1000,0,14.71,1.058,0,1.892,0,0,0,0.007,168.8,135.2,13.72,0.101
101,2022,98,1100,0,14.69,1.057,0,2.072,0,0,0,0.004,168.8,402.2,41.91,0.104
101,2022,98,1200,0,14.64,1.06,0,3.942,0,0,0,0.005,167.8,505.2,60.56,0.12
101,2022,98,1300,0,14.62,1.061,0,3.022,0,0,0,0.005,176.8,346.7,46.08,0.133
101,2022,98,1400,0,14.65,1.059,0,2.822,0,0,0,0.003,167.8,517.7,63.6,0.123
101,2022,98,1500,0,14.7,1.058,0,1.392,0,0,0,0.006,176.8,62.17,6.857,0.11
101,2022,98,1600,0,13.98,1.059,0,-0.628,0,0,0,0.008,186.8,41.7,4.572,0.11
101,2022,98,1700,0,14.75,1.056,0,0.272,0,0,0,0.005,181.8,111.8,12.57,0.112
101,2022,98,1800,0,14.79,1.056,0,-2.328,0,0,0,0.007,168.8,53.57,6.86,0.128
101,2022,98,1900,0,13.42,1.055,0,-2.758,0,0,0,0.006,168.8,0,0,-7999
101,2022,98,2000,0,13.24,1.054,0,-2.488,0,0,0,0.008,173.8,0,0,-7999
101,2022,98,2100,0,13.1,1.054,0,-3.078,0,0,0,0.008,167.8,0,0,-7999
101,2022,98,2200,0,12.98,1.055,0,-3.028,0,0,0,0.007,168.8,0,0,-7999
101,2022,98,2300,0,12.87,1.055,0,-3.718,0,0,0,0.008,173.8,0,0,-7999
101,2022,99,000,0,12.8,1.055,0,-4.338,0,0,0,0.007,169.8,0,0,-7999
101,2022,99,100,0,12.75,1.053,0,-4.548,0,0,0,0.007,168.8,0,0,-7999
101,2022,99,200,0,12.72,1.055,0,-4.178,0,0,0,0.009,168.8,0,0,-7999
101,2022,99,300,0,12.7,1.054,0,-4.828,0,0,0,0.008,169.8,0,0,-7999
101,2022,99,400,0,12.67,1.054,0,-4.968,0,0,0,0.009,167.8,0,0,-7999
101,2022,99,500,0,12.65,1.053,0,-4.698,0,0,0,0.008,168.8,0,0,-7999
101,2022,99,600,0,12.65,1.053,0,-4.638,0,0,0,0.009,169.8,11.87,2.67,0.225
101,2022,99,700,0,12.95,1.054,0,-3.468,0,0,0,0.009,172.8,50.72,9.91,0.195
101,2022,99,800,0,13.4,1.055,0,-2.748,0,0,0,0.005,178.8,238.8,28.59,0.12
101,2022,99,900,0,14.76,1.054,0,-1.878,0,0,0,0.002,167.8,329,30.11,0.092
101,2022,99,1000,0,14.72,1.057,0,-0.648,0,0,0,0.009,176.8,405.1,39.63,0.098
101,2022,99,1100,0,14.69,1.058,0,-0.348,0,0,0,0.005,171.8,490.9,53.33,0.109
101,2022,99,1200,0,14.67,1.06,0,0.442,0,0,0,-0.001,171.8,550.5,65.51,0.119
101,2022,99,1300,0,14.7,1.058,0,-0.048,0,0,0,0.003,167.8,138.7,16,0.115
101,2022,99,1400,0,14.74,1.058,0,-1.218,0,0,0,0.006,169.8,106,11.43,0.108
101,2022,99,1500,0,14.69,1.058,0,0.442,0,0,0,0.006,168.8,328.8,40.76,0.124
101,2022,99,1600,0,14.7,1.058,0,-0.628,0,0,0,0.007,168.8,106,13.33,0.126
101,2022,99,1700,0,14.75,1.057,0,-1.678,0,0,0,0.008,167.8,32.71,3.81,0.116
101,2022,99,1800,0,13.84,1.056,0,-2.508,0,0,0,0.007,168.8,14.02,1.525,0.109
101,2022,99,1900,0,13.43,1.055,0,-3.468,0,0,0,0.007,172.8,0,0,-7999
101,2022,99,2000,0,13.26,1.055,0,-4.128,0,0,0,0.009,173.8,0,0,-7999
101,2022,99,2100,0,13.12,1.054,0,-4.248,0,0,0,0.009,176.8,0,0,-7999
101,2022,99,2200,0,12.99,1.055,0,-4.358,0,0,0,0.009,168.8,0,0,-7999
101,2022,99,2300,0,12.89,1.055,0,-4.538,0,0,0,0.009,172.8,0,0,-7999
101,2022,100,000,0,12.81,1.055,0,-4.438,0,0,0,0.009,185.8,0,0,-7999
101,2022,100,100,0,12.75,1.057,0,-4.198,0,0,0,0.01,185.8,0,0,-7999
101,2022,100,200,0,12.71,1.057,0,-4.908,0,0,0,0.01,191.8,0,0,-7999
101,2022,100,300,0,12.68,1.056,0,-4.908,0,0,0,0.01,191.8,0,0,-7999
101,2022,100,400,0,12.66,1.057,0,-4.758,0,0,0,0.01,186.8,0,0,-7999
101,2022,100,500,0,12.64,1.056,0,-4.708,0,0,0,0.011,178.8,0,0,-7999
101,2022,100,600,0,12.62,1.057,0,-4.498,0,0,0,0.01,191.8,8.27,6.863,0.83
101,2022,100,700,0,12.8,1.056,0.01,-4.518,0,0,0,0.011,191.8,32.73,24.02,0.734
101,2022,100,800,0,14.57,1.059,0,-4.508,0,0,0,0.011,191.8,154.3,97.2,0.63
101,2022,100,900,0,14.83,1.063,0,-4.238,0,0,0,0.007,172.8,280.9,181.9,0.647
101,2022,100,1000,0,14.8,1.064,0,-3.208,0,0,0,0.007,168.8,314.6,103.3,0.328
101,2022,100,1100,0,14.76,1.057,0,-3.308,0,0,0,0.007,171.8,403,77.73,0.193
101,2022,100,1200,0,14.76,1.058,0,-3.298,0,0,0,0.01,177.8,291.5,43.44,0.149
101,2022,100,1300,0,14.74,1.059,0,-2.148,0,0,0,0.007,172.8,322.1,39.25,0.122
101,2022,100,1400,0,14.76,1.059,0,-1.598,0,0,0,0.002,184.8,269.2,28.58,0.106
101,2022,100,1500,0,14.76,1.059,0,-2.448,0,0,0,0.003,177.8,183.7,18.29,0.1
101,2022,100,1600,0,14.78,1.059,0,-2.308,0,0,0,0.007,173.8,144.9,14.86,0.103
101,2022,100,1700,0,14.8,1.058,0,-2.548,0,0,0,0.007,177.8,54.65,5.717,0.105
101,2022,100,1800,0,14.4,1.057,0,-3.138,0,0,0,0.006,172.8,20.86,2.287,0.11
101,2022,100,1900,0,13.46,1.056,0,-2.538,0,0,0,0.007,168.8,0,0,-7999
101,2022,100,2000,0,13.28,1.057,0,-2.268,0,0,0,0.007,168.8,0,0,-7999
101,2022,100,2100,0,13.15,1.056,0,-2.918,0,0,0,0.008,191.8,0,0,-7999
101,2022,100,2200,0,13.02,1.057,0,-3.318,0,0,0,0.014,190.8,0,0,-7999
101,2022,100,2300,0,12.91,1.06,0.04,-3.368,0,0,0,0.039,188.8,0,0,-7999
101,2022,101,000,0,12.82,1.063,0,-2.918,0,0,0,0.04,189.8,0,0,-7999
101,2022,101,100,0,12.77,1.065,0,-2.948,0,0,0,0.039,207.8,0,0,-7999
101,2022,101,200,0,12.72,1.068,0.11,-2.868,0,0,0,0.042,197.8,0,0,-7999
101,2022,101,300,0,12.69,1.069,0,-2.348,0,0,0,0.029,204.8,0,0,-7999
101,2022,101,400,0,12.67,1.066,0,-3.358,0,0,0,0.007,176.8,0,0,-7999
101,2022,101,500,0,12.63,1.069,0,-5.278,0,0,0,0.009,190.8,0,0,-7999
101,2022,101,600,0,12.62,1.082,0,-6.418,0,0,0,-0.012,188.8,16.91,14.49,0.857
101,2022,101,700,0,12.65,1.076,0,-6.198,0,0,0,0.01,186.8,52.89,46.91,0.887
101,2022,101,800,0,12.8,1.073,0,-6.508,0,0,0,0.012,189.8,168,147.6,0.878
101,2022,101,900,0,13.52,1.074,0,-6.588,0,0,0,0.013,199.8,207.9,176.5,0.849
101,2022,101,1000,0,14.88,1.082,0,-6.358,0,0,0,0.014,167.8,173,141.1,0.815
101,2022,101,1100,0,14.89,1.082,0,-5.848,0,0,0,0.014,186.8,165.1,140.7,0.852
101,2022,101,1200,0,14.87,1.085,0,-5.228,0,0,0,0.008,187.8,211.9,178.8,0.844
101,2022,101,1300,0,14.84,1.089,0,-4.678,0,0,0,0.008,171.8,229.5,192.5,0.839
101,2022,101,1400,0,14.83,1.087,0,-4.848,0,0,0,0.007,188.8,285.1,237.5,0.833
101,2022,101,1500,0,14.84,1.087,0,-4.148,0,0,0,0.012,175.8,177.6,146.4,0.824
101,2022,101,1600,0,14.86,1.086,0,-4.368,0,0,0,0.011,166.8,56.46,46.89,0.83
101,2022,101,1700,0,14.88,1.087,0,-3.918,0,0,0,0.012,175.8,65.11,54.14,0.832
101,2022,101,1800,0,14.88,1.086,0,-4.838,0,0,0,0.013,183.8,36.69,30.12,0.821
101,2022,101,1900,0,13.6,1.086,0,-5.398,0,0,0,0.013,174.8,0.36,0,0
101,2022,101,2000,0,13.41,1.085,0,-6.038,0,0,0,0.014,186.8,0,0,-7999
101,2022,101,2100,0,13.26,1.088,0,-5.518,0,0,0,-0.01,184.8,0,0,-7999
101,2022,101,2200,0,13.12,1.091,0,-5.578,0,0,0,-0.003,185.8,0,0,-7999
101,2022,101,2300,0,13,1.087,0,-5.578,0,0,0,0.001,174.8,0,0,-7999
101,2022,102,000,0,12.89,1.087,0,-5.738,0,0,0,0.006,187.8,0,0,-7999
101,2022,102,100,0,12.81,1.085,0,-5.958,0,0,0,0.01,183.8,0,0,-7999
101,2022,102,200,0,12.74,1.084,0,-6.348,0,0,0,0.007,187.8,0,0,-7999
101,2022,102,300,0,12.7,1.085,0,-6.598,0,0,0,0.007,187.8,0,0,-7999
101,2022,102,400,0,12.66,1.085,0,-6.618,0,0,0,0.007,190.8,0,0,-7999
101,2022,102,500,0,12.64,1.087,0,-7.278,0,0,0,-0.001,186.8,0,0,-7999
101,2022,102,600,0,12.69,1.085,0,-6.668,0,0,0,0.005,176.8,15.83,14.11,0.891
101,2022,102,700,0,12.89,1.089,0,-6.528,0,0,0,-0.007,190.8,38.5,34.71,0.901
101,2022,102,800,0,13.45,1.091,0.07,-5.888,0,0,0,-0.029,189.8,275.9,254.3,0.922
101,2022,102,900,0,14.82,1.093,0,-4.638,0,0,0,-0.028,187.8,206.8,189.5,0.916
101,2022,102,1000,0,14.78,1.094,0,-4.208,0,0,0,-0.022,187.8,228,209.2,0.918
101,2022,102,1100,0,14.78,1.094,0,-4.358,0,0,0,-0.019,191.8,285.1,259.5,0.91
101,2022,102,1200,0,14.77,1.094,0,-4.408,0,0,0,-0.022,188.8,266,242,0.91
101,2022,102,1300,0,14.79,1.095,0,-3.978,0,0,0,-0.024,186.8,252.4,229.8,0.911
101,2022,102,1400,0,14.76,1.095,0,-4.168,0,0,0,-0.016,186.8,392.2,357.8,0.912
101,2022,102,1500,0,14.84,1.094,0,-4.398,0,0,0,-0.014,189.8,148.1,134.1,0.906
101,2022,102,1600,0,14.83,1.096,0,-5.058,0,0,0,-0.012,188.8,88.5,80.4,0.909
101,2022,102,1700,0,14.87,1.096,0,-4.948,0,0,0,-0.02,188.8,83.8,75.49,0.901
101,2022,102,1800,0,14.76,1.097,0,-5.668,0,0,0,-0.025,167.8,17.99,16.4,0.912
101,2022,102,1900,0,13.54,1.096,0,-6.378,0,0,0,-0.026,192.8,0.36,0.381,1.06
101,2022,102,2000,0,13.37,1.098,0,-6.168,0,0,0,-0.027,187.8,0,0,-7999
101,2022,102,2100,0,13.22,1.097,0,-6.398,0,0,0,-0.029,166.8,0,0,-7999
101,2022,102,2200,0,13.1,1.097,0.07,-6.388,0,0,0,-0.033,231.8,0,0,-7999
101,2022,102,2300,0,12.97,1.099,0.07,-6.468,0,0,0,-0.034,168.8,0,0,-7999
101,2022,103,000,0,12.87,1.101,0,-6.368,0,0,0,-0.045,188.8,0,0,-7999
101,2022,103,100,0,12.79,1.102,0,-6.388,0,0,0,-0.049,170.8,0,0,-7999
101,2022,103,200,0,12.74,1.105,0,-6.388,0,0,0,-0.06,194.8,0,0,-7999
101,2022,103,300,0,12.7,1.107,0,-6.408,0,0,0,-0.074,191.8,0,0,-7999
101,2022,103,400,0,12.66,1.108,0,-6.148,0,0,0,-0.082,211.8,0,0,-7999
101,2022,103,500,0,12.64,1.112,0,-6.308,0,0,0,-0.092,186.8,0,0,-7999
101,2022,103,600,0,12.6,1.111,0,-6.698,0,0,0,-0.083,191.8,32.02,30.13,0.941
101,2022,103,700,0,12.63,1.112,0,-7.138,0,0,0,-0.084,186.8,143.2,133.9,0.935
101,2022,103,800,0,12.67,1.11,0,-5.988,0,0,0,-0.066,186.8,261.9,245.9,0.939
101,2022,103,900,0,12.77,1.108,0,-5.078,0,0,0,-0.064,186.8,197.8,189.8,0.96
101,2022,103,1000,0,12.95,1.108,0,-3.808,0,0,0,-0.058,166.8,476.3,440.1,0.924
101,2022,103,1100,0,13.25,1.108,0,-4.528,0,0,0,-0.047,183.8,141.6,130.3,0.92
101,2022,103,1200,0,14.8,1.108,0,-2.488,0,0,0,-0.047,186.8,638,586.8,0.92
101,2022,103,1300,0,14.78,1.107,0,-3.068,0,0,0,-0.04,179.8,271.8,248,0.913
101,2022,103,1400,0,14.74,1.108,0,-1.818,0,0,0,-0.038,186.8,233.3,212.2,0.91
101,2022,103,1500,0,14.77,1.107,0,-2.958,0,0,0,-0.037,166.8,170.7,155.1,0.908
101,2022,103,1600,0,14.77,1.107,0,-2.868,0,0,0,-0.034,183.8,73.33,66.68,0.909
101,2022,103,1700,0,14.78,1.106,0,-2.438,0,0,0,-0.029,186.8,51.05,46.11,0.903
101,2022,103,1800,0,14.65,1.106,0,-3.658,0,0,0,-0.032,186.8,23.01,20.96,0.911
101,2022,103,1900,0,13.5,1.106,0,-4.648,0,0,0,-0.033,187.8,0,0,-7999
101,2022,103,2000,0,13.33,1.107,0,-4.998,0,0,0,-0.039,194.8,0,0,-7999
101,2022,103,2100,0,13.18,1.107,0.1,-5.288,0,0,0,-0.063,233.8,0,0,-7999
101,2022,103,2200,0,13.05,1.109,0.02,-5.468,0,0,0,-0.101,360.8,0,0,-7999
101,2022,103,2300,0,12.93,1.11,0,-5.628,0,0,0,-0.091,233.8,0,0,-7999
101,2022,104,000,0,12.84,1.111,0,-5.858,0,0,0,-0.102,198.8,0,0,-7999
101,2022,104,100,0,12.77,1.112,0.04,-5.918,0,0,0,-0.107,217.8,0,0,-7999
101,2022,104,200,0,12.73,1.114,0.03,-5.888,0,0,0,-0.116,193.8,0,0,-7999
101,2022,104,300,0,12.69,1.113,0,-6.228,0,0,0,-0.115,203.8,0,0,-7999
101,2022,104,400,0,12.65,1.114,0,-6.488,0,0,0,-0.14,203.8,0,0,-7999
101,2022,104,500,0,12.63,1.115,0,-7.978,0,0,0,-0.137,225.8,0,0,-7999
101,2022,104,600,0,12.61,1.113,0,-8.43,0,0,0,-0.126,209.8,29.16,30.9,1.06
101,2022,104,700,0,12.65,1.115,0,-6.358,0,0,0,-0.129,199.8,141.4,134.6,0.952
101,2022,104,800,0,12.78,1.113,0,-5.158,0,0,0,-0.124,184.8,289.6,264.6,0.914
101,2022,104,900,0,13.22,1.116,0,-5.058,0,0,0,-0.12,186.8,359.2,336.6,0.937
101,2022,104,1000,0,14.16,1.115,0,-3.868,0,0,0,-0.1,178.8,418.9,392.2,0.936
101,2022,104,1100,0,14.75,1.113,0,-3.278,0,0,0,-0.082,166.8,274.3,242,0.882
