101,2022,252,1300,0,14.15,1.073,0,18.56,0,0,0,0.006,176.8,415.8,67.74,0.163
101,2022,252,1400,0,14.24,1.072,0,19.32,0,0,0,0.009,167.8,375.5,63.18,0.168
101,2022,252,1500,0,14.28,1.071,0,19.32,0,0,0,0.005,172.8,308.1,54.8,0.178
101,2022,252,1600,0,14.26,1.071,0.01,19.44,0,0,0,0.01,173.8,216.1,43.39,0.201
101,2022,252,1700,0,14.32,1.067,0,18.32,0,0,0,0.012,167.8,114.5,26.64,0.233
101,2022,252,1800,0,13.64,1.067,0,16,0,0,0,0.011,173.8,20.83,4.188,0.201
101,2022,252,1900,0,12.97,1.065,0,13.44,0,0,0,0.012,171.8,0,0,-7999
101,2022,252,2000,0,12.75,1.063,0,12.06,0,0,0,0.009,176.8,0,0,-7999
101,2022,252,2100,0,12.67,1.062,0,11.15,0,0,0,0.012,181.8,0,0,-7999
101,2022,252,2200,0,12.6,1.062,0,10.53,0,0,0,0.012,176.8,0,0,-7999
101,2022,252,2300,0,12.62,1.062,0,9.5,0,0,0,0.012,176.8,0,0,-7999
101,2022,253,000,0,12.63,1.062,0,8.79,0,0,0,0.013,186.8,0,0,-7999
101,2022,253,100,0,12.64,1.062,0,8.76,0,0,0,0.003,190.8,0,0,-7999
101,2022,253,200,0,12.64,1.062,0,7.652,0,0,0,0.016,186.8,0,0,-7999
101,2022,253,300,0,12.63,1.061,0,5.732,0,0,0,0.017,186.8,0,0,-7999
101,2022,253,400,0,12.63,1.06,0,4.132,0,0,0,0.015,181.8,0,0,-7999
101,2022,253,500,0,12.63,1.06,0,3.572,0,0,0,0.014,181.8,0,0,-7999
101,2022,253,600,0,12.64,1.059,0,3.812,0,0,0,0.014,177.8,15.11,3.432,0.227
101,2022,253,700,0,12.75,1.06,0,8.84,0,0,0,0.016,189.8,95.3,20.97,0.22
101,2022,253,800,0,13.18,1.063,0,13.44,0,0,0,0.016,173.8,111.1,21.34,0.192
101,2022,253,900,0,13.54,1.066,0,13.23,0,0,0,0.012,172.8,140.9,26.66,0.189
101,2022,253,1000,0,14.13,1.065,0,14.88,0,0,0,0.015,176.8,214.1,38.84,0.181
101,2022,253,1100,0,14.35,1.068,0,16.83,0,0,0,0.014,167.8,303.2,52.92,0.175
101,2022,253,1200,0,14.35,1.068,0,17.3,0,0,0,0.016,168.8,216.2,39.97,0.185
101,2022,253,1300,0,14.37,1.069,0,18.32,0,0,0,0.01,173.8,183.9,33.88,0.184
101,2022,253,1400,0,14.34,1.069,0,18.1,0,0,0,0.013,171.8,115.3,21.7,0.188
101,2022,253,1500,0,13.47,1.068,0,17.62,0,0,0,0.011,168.8,53.87,10.66,0.198
101,2022,253,1600,0,13.4,1.067,0,17.41,0,0,0,0.012,168.8,44.18,8.76,0.198
101,2022,253,1700,0,13.24,1.067,0,16.3,0,0,0,0.01,172.8,31.97,6.473,0.202
101,2022,253,1800,0,12.91,1.066,0,13.68,0,0,0,0.015,173.8,6.108,1.142,0.187
101,2022,253,1900,0,12.8,1.064,0,12.57,0,0,0,0.015,186.8,0,0,-7999
101,2022,253,2000,0,12.78,1.063,0,10.62,0,0,0,0.015,186.8,0,0,-7999
101,2022,253,2100,0,12.76,1.063,0,10.07,0,0,0,0.012,189.8,0,0,-7999
101,2022,253,2200,0,12.74,1.062,0,9.78,0,0,0,0.012,190.8,0,0,-7999
101,2022,253,2300,0,12.71,1.062,0,9.15,0,0,0,0.014,190.8,0,0,-7999
101,2022,254,000,0,12.69,1.062,0,9.42,0,0,0,0.014,189.8,0,0,-7999
101,2022,254,100,0,12.68,1.062,0,10.48,0,0,0,0.02,168.8,0,0,-7999
101,2022,254,200,0,12.66,1.062,0,9.06,0,0,0,0.017,181.8,0,0,-7999
101,2022,254,300,0,12.65,1.062,0,8.78,0,0,0,0.017,190.8,0,0,-7999
101,2022,254,400,0,12.64,1.062,0,11.51,0,0,0,0.012,189.8,0,0,-7999
101,2022,254,500,0,12.64,1.063,0,10.5,0,0,0,0.019,190.8,0,0,-7999
101,2022,254,600,0,12.64,1.063,0,11.3,0,0,0,0.013,190.8,9.71,1.905,0.196
101,2022,254,700,0,12.75,1.063,0,12.45,0,0,0,0.015,190.8,72.98,15.62,0.214
101,2022,254,800,0,13.28,1.065,0,19.52,0,0,0,0.017,190.8,194.8,40.37,0.207
101,2022,254,900,0,13.76,1.066,0,20.43,0,0,0,0.013,168.8,254.6,44.92,0.176
101,2022,254,1000,0,14.27,1.069,0,23.3,0,0,0,0.018,168.8,299.1,50.24,0.168
101,2022,254,1100,0,14.24,1.072,0,24.67,0,0,0,0.014,171.8,364,60.12,0.165
101,2022,254,1200,0,14.2,1.076,0,25,0,0,0,0.012,176.8,373.3,61.64,0.165
101,2022,254,1300,0,14.1,1.078,0,26.21,0,0,0,0.009,185.8,310.1,52.5,0.169
101,2022,254,1400,0,14.08,1.076,0,25.79,0,0,0,0.007,168.8,178.7,31.2,0.175
101,2022,254,1500,0,14.23,1.073,0,23.51,0,0,0,0.007,177.8,100.9,17.51,0.174
101,2022,254,1600,0,14.28,1.072,0,22.52,0,0,0,0.009,186.8,81.5,13.7,0.168
101,2022,254,1700,0,13.21,1.07,0,21.04,0,0,0,0.009,190.8,26.58,4.949,0.186
101,2022,254,1800,0,12.88,1.068,0,19.8,0,0,0,0.01,189.8,3.233,0.381,0.118
101,2022,254,1900,0,12.83,1.066,0,19.2,0,0,0,0.011,181.8,0,0,-7999
101,2022,254,2000,0,12.81,1.065,0,18.33,0,0,0,0.013,190.8,0,0,-7999
101,2022,254,2100,0,12.79,1.066,0,16.06,0,0,0,0.014,191.8,0,0,-7999
101,2022,254,2200,0,12.78,1.064,0,16.96,0,0,0,0.01,191.8,0,0,-7999
101,2022,254,2300,0,12.77,1.065,0,16.19,0,0,0,0.009,191.8,0,0,-7999
101,2022,255,000,0,12.74,1.064,0,12.8,0,0,0,0.012,190.8,0,0,-7999
101,2022,255,100,0,12.73,1.063,0,13.17,0,0,0,0.012,190.8,0,0,-7999
101,2022,255,200,0,12.72,1.064,0,13.06,0,0,0,0.012,191.8,0,0,-7999
101,2022,255,300,0,12.71,1.064,0,13,0,0,0,0.009,190.8,0,0,-7999
101,2022,255,400,0,12.69,1.064,0,12.33,0,0,0,0.011,190.8,0,0,-7999
101,2022,255,500,0,12.69,1.063,0,11.98,0,0,0,0.013,190.8,0,0,-7999
101,2022,255,600,0,12.68,1.064,0,12.27,0,0,0,0.013,191.8,3.594,0.762,0.212
101,2022,255,700,0,12.72,1.064,0,14.55,0,0,0,0.012,190.8,25.16,4.572,0.182
101,2022,255,800,0,12.69,1.065,0,13.25,0,0,0,0.011,182.8,8.98,1.524,0.17
101,2022,255,900,0,13,1.065,0,12.62,0,0,0,0.01,191.8,117.5,16.76,0.143
101,2022,255,1000,0,13.86,1.066,0,17.1,0,0,0,0.015,185.8,358.6,59.41,0.166
101,2022,255,1100,0,14.23,1.07,0,19.24,0,0,0,0.016,182.8,328.9,54.05,0.164
101,2022,255,1200,0,14.23,1.071,0,20.7,0,0,0,0.017,176.8,336.4,55.18,0.164
101,2022,255,1300,0,14.18,1.074,0,21.5,0,0,0,0.011,173.8,342.9,56.33,0.164
101,2022,255,1400,0,14.19,1.074,0,21.15,0,0,0,0.006,190.8,191.7,31.21,0.163
101,2022,255,1500,0,14.23,1.072,0,20.77,0,0,0,0.007,187.8,188.1,32.73,0.174
101,2022,255,1600,0,14.29,1.072,0,20.09,0,0,0,0.009,190.8,135.7,25.12,0.185
101,2022,255,1700,0,14.34,1.07,0,19.86,0,0,0,0.01,186.8,80.1,16.37,0.204
101,2022,255,1800,0,13.33,1.067,0,16.98,0,0,0,0.009,190.8,14.73,2.665,0.181
101,2022,255,1900,0,12.89,1.064,0,14.89,0,0,0,0.01,190.8,0,0,-7999
101,2022,255,2000,0,12.83,1.064,0,13.11,0,0,0,0.01,191.8,0,0,-7999
101,2022,255,2100,0,12.8,1.062,0,8.79,0,0,0,0.012,191.8,0,0,-7999
101,2022,255,2200,0,12.79,1.062,0,7.672,0,0,0,0.015,192.8,0,0,-7999
101,2022,255,2300,0,12.78,1.061,0,8.69,0,0,0,0.016,191.8,0,0,-7999
101,2022,256,000,0,12.76,1.06,0,6.912,0,0,0,0.012,191.8,0,0,-7999
101,2022,256,100,0,12.74,1.061,0,6.582,0,0,0,0.016,175.8,0,0,-7999
101,2022,256,200,0,12.72,1.061,0,7.012,0,0,0,0.013,191.8,0,0,-7999
101,2022,256,300,0,12.71,1.061,0,6.342,0,0,0,0.014,182.8,0,0,-7999
101,2022,256,400,0,12.7,1.06,0,6.072,0,0,0,0.016,191.8,0,0,-7999
101,2022,256,500,0,12.68,1.061,0,6.142,0,0,0,0.015,191.8,0,0,-7999
101,2022,256,600,0,12.67,1.06,0,5.792,0,0,0,0.011,187.8,6.834,1.144,0.167
101,2022,256,700,0,12.78,1.062,0,8.95,0,0,0,0.011,191.8,72.29,15.63,0.216
101,2022,256,800,0,13.1,1.063,0,11.18,0,0,0,0.008,190.8,147.7,30.1,0.204
101,2022,256,900,0,13.89,1.064,0,12.53,0,0,0,0.012,190.8,253,43.04,0.17
101,2022,256,1000,0,14.43,1.066,0,14.45,0,0,0,0.007,186.8,325.8,52.54,0.161
101,2022,256,1100,0,14.31,1.069,0,15.87,0,0,0,0.01,182.8,376.7,59.38,0.158
101,2022,256,1200,0,14.26,1.072,0,17.3,0,0,0,0.01,177.8,389.6,61.65,0.158
101,2022,256,1300,0,14.23,1.075,0,17.47,0,0,0,0.011,174.8,377.7,61.27,0.162
101,2022,256,1400,0,14.25,1.074,0,17.08,0,0,0,0,168.8,331.7,56.33,0.17
101,2022,256,1500,0,14.29,1.074,0,17.36,0,0,0,0.009,181.8,257.1,47.19,0.184
101,2022,256,1600,0,14.39,1.074,0,15.03,0,0,0,0.007,178.8,198.9,39.21,0.197
101,2022,256,1700,0,14.43,1.067,0,13.29,0,0,0,0.011,178.8,87.6,20.18,0.23
101,2022,256,1800,0,13.43,1.064,0,11.36,0,0,0,0.011,183.8,8.62,1.523,0.177
101,2022,256,1900,0,12.92,1.063,0,10.41,0,0,0,0.01,186.8,0,0,-7999
101,2022,256,2000,0,12.81,1.062,0,9.86,0,0,0,0.013,175.8,0,0,-7999
101,2022,256,2100,0,12.79,1.062,0,9.3,0,0,0,0.013,186.8,0,0,-7999
101,2022,256,2200,0,12.78,1.062,0,8.51,0,0,0,0.011,191.8,0,0,-7999
101,2022,256,2300,0,12.77,1.062,0,8.13,0,0,0,0.012,186.8,0,0,-7999
101,2022,257,000,0,12.75,1.061,0,7.092,0,0,0,0.01,187.8,0,0,-7999
101,2022,257,100,0,12.73,1.062,0,6.762,0,0,0,0.012,191.8,0,0,-7999
101,2022,257,200,0,12.71,1.062,0,6.722,0,0,0,0.011,187.8,0,0,-7999
101,2022,257,300,0,12.7,1.062,0,5.752,0,0,0,0.014,191.8,0,0,-7999
101,2022,257,400,0,12.68,1.062,0,5.102,0,0,0,0.014,191.8,0,0,-7999
101,2022,257,500,0,12.66,1.061,0,5.152,0,0,0,0.012,191.8,0,0,-7999
101,2022,257,600,0,12.65,1.06,0,2.052,0,0,0,0.014,191.8,7.913,1.525,0.193
101,2022,257,700,0,12.77,1.06,0,7.292,0,0,0,0.013,191.8,96.8,20.97,0.217
101,2022,257,800,0,13.11,1.064,0,8.94,0,0,0,0.012,191.8,184.1,38.87,0.211
101,2022,257,900,0,14.13,1.064,0,11.67,0,0,0,0.015,186.8,305.8,52.18,0.171
101,2022,257,1000,0,14.4,1.064,0,13.1,0,0,0,0.002,177.8,349.5,56.73,0.162
101,2022,257,1100,0,14.32,1.068,0,14.87,0,0,0,0.013,169.8,416.6,66.24,0.159
101,2022,257,1200,0,14.33,1.07,0,16.48,0,0,0,0.006,179.8,426.5,68.89,0.161
101,2022,257,1300,0,14.41,1.073,0,16.54,0,0,0,0.006,177.8,380.9,62.8,0.165
101,2022,257,1400,0,14.32,1.072,0,16.09,0,0,0,0.005,171.8,327.1,56.72,0.173
101,2022,257,1500,0,14.33,1.072,0,16.28,0,0,0,0.005,177.8,262.1,47.96,0.183
101,2022,257,1600,0,14.4,1.07,0,15.47,0,0,0,0.008,183.8,167.4,33.12,0.198
101,2022,257,1700,0,14.41,1.067,0,14.64,0,0,0,0.007,190.8,111,24.37,0.22
101,2022,257,1800,0,13.43,1.064,0,12.59,0,0,0,0.01,191.8,9.34,1.904,0.204
101,2022,257,1900,0,12.92,1.064,0,10.94,0,0,0,0.011,178.8,0,0,-7999
101,2022,257,2000,0,12.81,1.064,0,10.02,0,0,0,0.011,186.8,0,0,-7999
101,2022,257,2100,0,12.79,1.062,0,9.31,0,0,0,0.012,174.8,0,0,-7999
101,2022,257,2200,0,12.78,1.062,0.02,8.82,0,0,0,0.011,186.8,0,0,-7999
101,2022,257,2300,0,12.77,1.063,0,8.39,0,0,0,0.011,190.8,0,0,-7999
101,2022,258,000,0,12.75,1.062,0,8.3,0,0,0,0.013,186.8,0,0,-7999
101,2022,258,100,0,12.74,1.062,0,8.21,0,0,0,0.011,186.8,0,0,-7999
101,2022,258,200,0,12.72,1.062,0,7.742,0,0,0,0.011,186.8,0,0,-7999
101,2022,258,300,0,12.7,1.062,0,7.722,0,0,0,0.012,187.8,0,0,-7999
101,2022,258,400,0,12.68,1.062,0,7.222,0,0,0,0.014,191.8,0,0,-7999
101,2022,258,500,0,12.65,1.062,0,5.122,0,0,0,0.017,190.8,0,0,-7999
101,2022,258,600,0,12.65,1.06,0,4.562,0,0,0,0.015,191.8,11.15,2.288,0.205
101,2022,258,700,0,12.75,1.061,0,8.59,0,0,0,0.013,191.8,93.9,20.21,0.215
101,2022,258,800,0,12.95,1.064,0,10.09,0,0,0,0.012,182.8,189.8,40.01,0.211
101,2022,258,900,0,13.89,1.064,0,10.92,0,0,0,0.009,185.8,267.3,44.95,0.168
101,2022,258,1000,0,14.41,1.064,0,12.56,0,0,0,0.009,176.8,349.2,56.36,0.161
101,2022,258,1100,0,14.37,1.067,0,14.08,0,0,0,0.009,188.8,364.2,57.49,0.158
101,2022,258,1200,0,14.2,1.072,0,14.81,0,0,0,0.005,177.8,388.6,62.05,0.16
101,2022,258,1300,0,14.31,1.073,0,14.9,0,0,0,0.009,173.8,383.1,62.42,0.163
101,2022,258,1400,0,14.31,1.074,0,14.79,0,0,0,-0.002,181.8,363.3,61.27,0.169
101,2022,258,1500,0,14.29,1.074,0,14.63,0,0,0,0.01,186.8,278.6,50.23,0.18
101,2022,258,1600,0,14.39,1.071,0,13.77,0,0,0,0.006,181.8,189.6,38.06,0.201
101,2022,258,1700,0,14.48,1.066,0,12.37,0,0,0,0.01,191.8,73.99,16.37,0.221
101,2022,258,1800,0,13.42,1.064,0,10.73,0,0,0,0.01,190.8,8.26,1.523,0.184
101,2022,258,1900,0,12.88,1.062,0,9.66,0,0,0,0.011,191.8,0,0,-7999
101,2022,258,2000,0,12.8,1.061,0,8.8,0,0,0,0.01,182.8,0,0,-7999
101,2022,258,2100,0,12.79,1.062,0,8.7,0,0,0,0.011,187.8,0,0,-7999
101,2022,258,2200,0,12.78,1.063,0.08,8.53,0,0,0,0.013,178.8,0,0,-7999
101,2022,258,2300,0,12.76,1.063,0,8.23,0,0,0,0.011,186.8,0,0,-7999
101,2022,259,000,0,12.74,1.063,0,7.512,0,0,0,0.013,183.8,0,0,-7999
101,2022,259,100,0,12.72,1.062,0,7.382,0,0,0,0.012,179.8,0,0,-7999
101,2022,259,200,0,12.7,1.062,0,7.102,0,0,0,0.012,186.8,0,0,-7999
101,2022,259,300,0,12.66,1.062,0,6.522,0,0,0,0.013,191.8,0,0,-7999
101,2022,259,400,0,12.64,1.062,0,5.762,0,0,0,0.011,190.8,0,0,-7999
101,2022,259,500,0,12.62,1.06,0,4.222,0,0,0,0.013,186.8,0,0,-7999
101,2022,259,600,0,12.62,1.06,0,2.602,0,0,0,0.017,191.8,5.035,0.763,0.151
101,2022,259,700,0,12.69,1.06,0,7.352,0,0,0,0.013,191.8,78.05,16.78,0.215
101,2022,259,800,0,12.9,1.063,0,9.5,0,0,0,0.011,182.8,177.2,37.34,0.211
101,2022,259,900,0,13.84,1.064,0,10.21,0,0,0,0.007,186.8,281.3,47.61,0.169
101,2022,259,1000,0,14.39,1.064,0,11.92,0,0,0,0.01,172.8,349.5,56.73,0.162
101,2022,259,1100,0,14.49,1.068,0,12.79,0,0,0,-0.001,172.8,394.3,62.43,0.158
101,2022,259,1200,0,14.34,1.07,0,13.85,0,0,0,0.008,168.8,405.8,65.09,0.16
101,2022,259,1300,0,14.33,1.074,0,13.51,0,0,0,0.009,167.8,392.5,63.94,0.163
101,2022,259,1400,0,14.33,1.075,0,13.99,0,0,0,0.005,173.8,349.7,59.38,0.17
101,2022,259,1500,0,14.34,1.071,0,13.63,0,0,0,0.008,174.8,281.2,51,0.181
101,2022,259,1600,0,14.4,1.07,0,13.1,0,0,0,0.012,172.8,191.1,38.83,0.203
101,2022,259,1700,0,14.45,1.065,0,11.1,0,0,0,0.01,185.8,92.7,21.32,0.23
101,2022,259,1800,0,13.46,1.063,0,8.81,0,0,0,0.011,190.8,6.467,1.143,0.177
101,2022,259,1900,0,12.9,1.062,0,7.172,0,0,0,0.011,190.8,0,0,-7999
101,2022,259,2000,0,12.81,1.062,0,6.232,0,0,0,0.009,191.8,0,0,-7999
101,2022,259,2100,0,12.79,1.062,0,4.652,0,0,0,0.013,191.8,0,0,-7999
101,2022,259,2200,0,12.78,1.06,0,3.952,0,0,0,0.021,191.8,0,0,-7999
101,2022,259,2300,0,12.76,1.06,0,2.372,0,0,0,0.02,191.8,0,0,-7999
101,2022,260,000,0,12.75,1.059,0,0.962,0,0,0,0.018,190.8,0,0,-7999
101,2022,260,100,0,12.72,1.058,0,-0.898,0,0,0,0.026,190.8,0,0,-7999
101,2022,260,200,0,12.7,1.056,0,-1.478,0,0,0,0.014,190.8,0,0,-7999
101,2022,260,300,0,12.68,1.057,0,-0.808,0,0,0,0.019,191.8,0,0,-7999
101,2022,260,400,0,12.65,1.056,0,-0.888,0,0,0,0.017,186.8,0,0,-7999
101,2022,260,500,0,12.62,1.058,0,-0.438,0,0,0,0.014,184.8,0,0,-7999
101,2022,260,600,0,12.6,1.059,0,-0.608,0,0,0,0.014,192.8,10.44,2.289,0.219
101,2022,260,700,0,12.71,1.058,0,2.312,0,0,0,0.013,175.8,56.85,10.3,0.181
101,2022,260,800,0,13.13,1.062,0,5.872,0,0,0,0.01,191.8,114,20.59,0.181
101,2022,260,900,0,14.19,1.063,0,8.05,0,0,0,0.01,177.8,278.6,47.63,0.171
101,2022,260,1000,0,14.51,1.066,0,9.75,0,0,0,0.015,177.8,221.3,36.94,0.167
101,2022,260,1100,0,14.4,1.066,0,10.7,0,0,0,0.017,168.8,316.8,51.4,0.162
101,2022,260,1200,0,14.5,1.068,0,11.62,0,0,0,0.018,171.8,366.3,59.77,0.163
101,2022,260,1300,0,14.36,1.068,0,12.69,0,0,0,0.012,168.8,231.6,38.07,0.164
101,2022,260,1400,0,14.37,1.068,0,12.86,0,0,0,0.004,179.8,354.8,59.77,0.168
101,2022,260,1500,0,14.39,1.069,0,13.05,0,0,0,0.009,173.8,248.5,44.92,0.181
101,2022,260,1600,0,13.61,1.067,0,11.8,0,0,0,0.008,187.8,52.07,8.37,0.161
101,2022,260,1700,0,12.96,1.066,0,7.682,0,0,0,0.013,183.8,7.545,1.143,0.151
101,2022,260,1800,0,12.83,1.064,0.04,7.042,0,0,0,0.01,193.8,0.359,0,0
101,2022,260,1900,0,12.82,1.065,0.17,6.222,0,0,0,0.011,191.8,0,0,-7999
101,2022,260,2000,0,12.8,1.062,0.04,6.082,0,0,0,0.011,192.8,0,0,-7999
101,2022,260,2100,0,12.79,1.062,0,5.062,0,0,0,0.011,192.8,0,0,-7999
101,2022,260,2200,0,12.77,1.063,0,5.522,0,0,0,0.012,188.8,0,0,-7999
101,2022,260,2300,0,12.75,1.063,0,5.262,0,0,0,0.012,193.8,0,0,-7999
101,2022,261,000,0,12.73,1.064,0.07,4.702,0,0,0,0.012,191.8,0,0,-7999
101,2022,261,100,0,12.71,1.063,0,4.772,0,0,0,0.012,192.8,0,0,-7999
101,2022,261,200,0,12.68,1.064,0,4.702,0,0,0,0.013,189.8,0,0,-7999
101,2022,261,300,0,12.65,1.064,0,4.492,0,0,0,0.012,191.8,0,0,-7999
101,2022,261,400,0,12.63,1.063,0,4.382,0,0,0,0.012,193.8,0,0,-7999
101,2022,261,500,0,12.62,1.063,0,4.372,0,0,0,0.013,189.8,0,0,-7999
101,2022,261,600,0,12.61,1.062,0,4.432,0,0,0,0.014,184.8,0.719,0,0
101,2022,261,700,0,12.61,1.063,0,4.482,0,0,0,0.013,192.8,6.831,0.762,0.112
101,2022,261,800,0,12.65,1.063,0,4.682,0,0,0,0.012,192.8,17.98,2.287,0.127
101,2022,261,900,0,12.84,1.064,0,5.462,0,0,0,0.014,187.8,48.18,6.098,0.127
101,2022,261,1000,0,12.88,1.064,0,6.112,0,0,0,0.015,178.8,52.85,6.478,0.123
101,2022,261,1100,0,12.88,1.065,0,6.532,0,0,0,0.014,191.8,76.56,8.76,0.114
101,2022,261,1200,0,13.07,1.064,0,6.912,0,0,0,0.013,191.8,27.32,3.81,0.139
101,2022,261,1300,0,13.75,1.064,0,8.88,0,0,0,0.017,186.8,162.8,20.95,0.129
101,2022,261,1400,0,13.36,1.066,0,8.43,0,0,0,0.013,186.8,34.85,4.57,0.131
101,2022,261,1500,0,13.46,1.064,0,9.1,0,0,0,0.013,191.8,76.53,10.28,0.134
101,2022,261,1600,0,13.36,1.064,0,9.2,0,0,0,0.013,191.8,59.65,7.998,0.134
101,2022,261,1700,0,13.83,1.065,0,9.95,0,0,0,0.017,191.8,70.8,13.33,0.188
101,2022,261,1800,0,13.16,1.064,0,7.532,0,0,0,0.016,191.8,4.671,0.762,0.163
101,2022,261,1900,0,12.95,1.062,0,4.672,0,0,0,0.016,191.8,0,0,-7999
101,2022,261,2000,0,12.88,1.062,0,3.642,0,0,0,0.016,187.8,0,0,-7999
101,2022,261,2100,0,12.83,1.061,0,3.342,0,0,0,0.017,187.8,0,0,-7999
101,2022,261,2200,0,12.8,1.06,0,2.802,0,0,0,0.015,191.8,0,0,-7999
101,2022,261,2300,0,12.76,1.061,0,2.672,0,0,0,0.018,179.8,0,0,-7999
101,2022,262,000,0,12.73,1.06,0,2.572,0,0,0,0.021,187.8,0,0,-7999
101,2022,262,100,0,12.68,1.061,0,2.642,0,0,0,0.021,172.8,0,0,-7999
101,2022,262,200,0,12.64,1.061,0,3.312,0,0,0,0.021,176.8,0,0,-7999
101,2022,262,300,0,12.61,1.061,0,3.312,0,0,0,0.02,175.8,0,0,-7999
101,2022,262,400,0,12.58,1.062,0,3.602,0,0,0,0.024,197.8,0,0,-7999
101,2022,262,500,0,12.58,1.062,0,2.652,0,0,0,0.022,197.8,0,0,-7999
101,2022,262,600,0,12.58,1.061,0,4.092,0,0,0,0.021,216.8,5.755,0.763,0.133
101,2022,262,700,0,12.62,1.062,0,3.982,0,0,0,0.021,229.8,27.69,4.194,0.151
101,2022,262,800,0,12.92,1.065,0,7.992,0,0,0,0.016,179.8,82.7,14.1,0.171
101,2022,262,900,0,13.68,1.064,0,9.16,0,0,0,0.015,191.8,94.5,12.57,0.133
101,2022,262,1000,0,14.47,1.066,0,10.82,0,0,0,0.014,193.8,421.8,57.51,0.136
101,2022,262,1100,0,14.5,1.068,0,14.97,0,0,0,0.016,186.8,393.6,54.06,0.137
101,2022,262,1200,0,14.29,1.071,0,16.09,0,0,0,0.017,185.8,120.6,17.51,0.145
101,2022,262,1300,0,14.27,1.073,0,16.52,0,0,0,0.011,186.8,487.5,71.54,0.147
101,2022,262,1400,0,14.39,1.069,0,16.54,0,0,0,0.012,184.8,147.9,21.32,0.144
101,2022,262,1500,0,14.23,1.069,0,17.5,0,0,0,0.013,190.8,53.15,7.994,0.15
101,2022,262,1600,0,14.19,1.068,0,17,0,0,0,0.012,190.8,57.1,8.37,0.147
101,2022,262,1700,0,13.44,1.067,0,16.59,0,0,0,0.012,191.8,25.86,4.568,0.177
101,2022,262,1800,0,13.03,1.065,0,14.18,0,0,0,0.012,190.8,2.874,0.381,0.133
101,2022,262,1900,0,12.87,1.066,0,10.26,0,0,0,0.013,186.8,0,0,-7999
101,2022,262,2000,0,12.84,1.064,0,8.83,0,0,0,0.013,179.8,0,0,-7999
101,2022,262,2100,0,12.82,1.064,0,10.93,0,0,0,0.013,169.8,0,0,-7999
101,2022,262,2200,0,12.81,1.063,0,9.82,0,0,0,0.017,178.8,0,0,-7999
101,2022,262,2300,0,12.8,1.063,0,10.78,0,0,0,0.017,178.8,0,0,-7999
101,2022,263,000,0,12.78,1.063,0,10.6,0,0,0,0.016,177.8,0,0,-7999
101,2022,263,100,0,12.77,1.063,0,8.67,0,0,0,0.015,191.8,0,0,-7999
101,2022,263,200,0,12.76,1.063,0,8.97,0,0,0,0.016,187.8,0,0,-7999
101,2022,263,300,0,12.75,1.063,0,9.28,0,0,0,0.01,175.8,0,0,-7999
101,2022,263,400,0,12.73,1.063,0,8.94,0,0,0,0.013,169.8,0,0,-7999
101,2022,263,500,0,12.72,1.063,0,8.16,0,0,0,0.013,169.8,0,0,-7999
101,2022,263,600,0,12.7,1.063,0,7.862,0,0,0,0.013,178.8,2.157,0,0
101,2022,263,700,0,12.79,1.064,0,7.402,0,0,0,0.012,191.8,33.43,4.573,0.137
101,2022,263,800,0,12.96,1.063,0,7.802,0,0,0,0.013,191.8,50.33,6.859,0.136
101,2022,263,900,0,13.14,1.063,0,8.2,0,0,0,0.012,190.8,75.12,10.67,0.142
101,2022,263,1000,0,13.59,1.064,0,9.47,0,0,0,0.011,190.8,115.4,17.53,0.152
101,2022,263,1100,0,13.95,1.064,0,11.29,0,0,0,0.012,190.8,194,28.57,0.147
101,2022,263,1200,0,14.49,1.065,0,11.9,0,0,0,0.01,173.8,184.3,27.8,0.151
101,2022,263,1300,0,14.11,1.066,0,12,0,0,0,0.013,168.8,131.5,19.42,0.148
101,2022,263,1400,0,14.52,1.065,0,12.63,0,0,0,0.01,168.8,165.6,24.75,0.149
101,2022,263,1500,0,14.38,1.067,0,13.39,0,0,0,0.011,167.8,143.3,22.46,0.157
101,2022,263,1600,0,14.48,1.066,0,12.38,0,0,0,0.012,172.8,62.86,9.9,0.157
101,2022,263,1700,0,14.5,1.066,0,11.9,0,0,0,0.011,182.8,59.64,9.52,0.16
101,2022,263,1800,0,13.13,1.065,0,10.47,0,0,0,0.013,190.8,2.156,0.381,0.177
101,2022,263,1900,0,12.88,1.063,0,8.62,0,0,0,0.012,191.8,0,0,-7999
101,2022,263,2000,0,12.85,1.063,0,8.89,0,0,0,0.012,191.8,0,0,-7999
101,2022,263,2100,0,12.83,1.063,0,9.41,0,0,0,0.013,191.8,0,0,-7999
101,2022,263,2200,0,12.82,1.063,0,9.56,0,0,0,0.011,190.8,0,0,-7999
101,2022,263,2300,0,12.8,1.063,0,7.492,0,0,0,0.011,190.8,0,0,-7999
101,2022,264,000,0,12.79,1.063,0,7.242,0,0,0,0.012,191.8,0,0,-7999
101,2022,264,100,0,12.77,1.064,0,6.802,0,0,0,0.013,191.8,0,0,-7999
101,2022,264,200,0,12.75,1.062,0,5.702,0,0,0,0.016,191.8,0,0,-7999
101,2022,264,300,0,12.73,1.062,0,5.292,0,0,0,0.014,190.8,0,0,-7999
101,2022,264,400,0,12.71,1.062,0,6.582,0,0,0,0.017,191.8,0,0,-7999
101,2022,264,500,0,12.69,1.062,0,6.912,0,0,0,0.015,190.8,0,0,-7999
101,2022,264,600,0,12.66,1.062,0,6.922,0,0,0,0.014,191.8,0.719,0,0
101,2022,264,700,0,12.72,1.063,0,7.842,0,0,0,0.01,191.8,31.64,4.955,0.157
101,2022,264,800,0,12.86,1.063,0,8.91,0,0,0,0.012,191.8,47.81,7.239,0.151
101,2022,264,900,0,13.11,1.063,0,9.71,0,0,0,0.012,190.8,105.3,15.62,0.148
101,2022,264,1000,0,13.41,1.064,0,10.27,0,0,0,0.013,189.8,84.1,12.57,0.149
101,2022,264,1100,0,13.54,1.064,0,10.32,0,0,0,0.013,191.8,121.4,17.9,0.147
101,2022,264,1200,0,13.63,1.066,0,11.32,0,0,0,0.014,182.8,109.6,16.38,0.149
101,2022,264,1300,0,13.32,1.064,0,9.18,0,0,0,0.012,191.8,36.29,4.951,0.136
101,2022,264,1400,0,13.08,1.064,0,7.702,0,0,0,0.011,192.8,30.55,4.191,0.137
101,2022,264,1500,0,12.98,1.063,0,8.23,0,0,0,0.012,192.8,10.42,1.524,0.146
101,2022,264,1600,0,12.9,1.064,0,7.292,0,0,0,0.013,187.8,11.5,1.524,0.132
101,2022,264,1700,0,12.81,1.063,0,6.872,0,0,0,0.013,187.8,6.83,0.762,0.112
101,2022,264,1800,0,12.73,1.063,0,7.092,0,0,0,0.012,192.8,0.359,0,0
101,2022,264,1900,0,12.69,1.063,0,7.432,0,0,0,0.012,193.8,0,0,-7999
101,2022,264,2000,0,12.66,1.063,0,7.462,0,0,0,0.012,191.8,0,0,-7999
101,2022,264,2100,0,12.65,1.063,0,7.362,0,0,0,0.013,191.8,0,0,-7999
101,2022,264,2200,0,12.65,1.063,0,7.212,0,0,0,0.014,191.8,0,0,-7999
101,2022,264,2300,0,12.64,1.063,0,7.232,0,0,0,0.013,191.8,0,0,-7999
101,2022,265,000,0,12.63,1.063,0,6.102,0,0,0,0.012,184.8,0,0,-7999
101,2022,265,100,0,12.62,1.064,0,6.022,0,0,0,0.013,185.8,0,0,-7999
101,2022,265,200,0,12.62,1.062,0,6.222,0,0,0,0.014,181.8,0,0,-7999
101,2022,265,300,0,12.61,1.065,0,6.402,0,0,0,0.014,184.8,0,0,-7999
101,2022,265,400,0,12.61,1.064,0,6.542,0,0,0,0.014,186.8,0,0,-7999
101,2022,265,500,0,12.61,1.063,0,6.662,0,0,0,0.015,177.8,0,0,-7999
101,2022,265,600,0,12.61,1.064,0,6.622,0,0,0,0.015,186.8,2.516,0.381,0.151
101,2022,265,700,0,12.72,1.062,0,7.352,0,0,0,0.015,185.8,91,16.39,0.18
101,2022,265,800,0,12.94,1.064,0,8.33,0,0,0,0.014,183.8,177.2,33.15,0.187
101,2022,265,900,0,14.04,1.064,0,9.46,0,0,0,0.012,175.8,266.3,40.38,0.152
101,2022,265,1000,0,13.84,1.065,0,10.5,0,0,0,0.014,182.8,87.3,12.57,0.144
101,2022,265,1100,0,14.55,1.067,0,11.04,0,0,0,0.005,186.8,379.3,56.35,0.149
101,2022,265,1200,0,14.42,1.067,0,11.64,0,0,0,0.004,183.8,425.3,65.11,0.153
101,2022,265,1300,0,14.42,1.069,0,12.11,0,0,0,0.007,185.8,383.6,60.16,0.157
101,2022,265,1400,0,14.58,1.07,0,12.53,0,0,0,0.007,191.8,336.9,54.82,0.163
101,2022,265,1500,0,14.41,1.068,0,12.18,0,0,0,0.007,191.8,266.1,46.45,0.175
101,2022,265,1600,0,14.47,1.066,0,12.18,0,0,0,0.007,191.8,177.1,34.65,0.196
101,2022,265,1700,0,14.48,1.064,0,11.46,0,0,0,0.012,191.8,80.8,17.89,0.221
101,2022,265,1800,0,13.34,1.063,0,9.37,0,0,0,0.011,190.8,3.234,0.381,0.118
101,2022,265,1900,0,12.92,1.062,0,8.44,0,0,0,0.012,183.8,0,0,-7999
101,2022,265,2000,0,12.85,1.063,0,7.862,0,0,0,0.011,191.8,0,0,-7999
101,2022,265,2100,0,12.83,1.062,0,8.01,0,0,0,0.013,179.8,0,0,-7999
101,2022,265,2200,0,12.81,1.062,0,7.332,0,0,0,0.014,191.8,0,0,-7999
101,2022,265,2300,0,12.8,1.062,0,7.682,0,0,0,0.013,184.8,0,0,-7999
101,2022,266,000,0,12.79,1.062,0,7.142,0,0,0,0.012,187.8,0,0,-7999
101,2022,266,100,0,12.78,1.061,0,5.582,0,0,0,0.013,178.8,0,0,-7999
101,2022,266,200,0,12.77,1.062,0,5.832,0,0,0,0.015,191.8,0,0,-7999
101,2022,266,300,0,12.75,1.062,0,7.672,0,0,0,0.016,191.8,0,0,-7999
101,2022,266,400,0,12.74,1.062,0,7.142,0,0,0,0.014,182.8,0,0,-7999
101,2022,266,500,0,12.73,1.062,0,7.332,0,0,0,0.013,177.8,0,0,-7999
101,2022,266,600,0,12.72,1.062,0,4.582,0,0,0,0.018,187.8,3.596,0.762,0.212
101,2022,266,700,0,12.85,1.062,0,9.86,0,0,0,0.015,191.8,87.7,17.91,0.204
101,2022,266,800,0,13.17,1.064,0,10.9,0,0,0,0.014,190.8,181.9,37.72,0.207
101,2022,266,900,0,14.08,1.063,0,14.22,0,0,0,0.013,186.8,269.1,43.41,0.161
101,2022,266,1000,0,14.44,1.066,0,16.57,0,0,0,0.013,178.8,337.6,51.77,0.153
101,2022,266,1100,0,14.33,1.069,0,17.97,0,0,0,0.011,168.8,378.8,57.08,0.151
101,2022,266,1200,0,14.24,1.072,0,18.91,0,0,0,0.012,180.8,393.1,59.37,0.151
101,2022,266,1300,0,14.17,1.075,0,20.36,0,0,0,0.012,179.8,376.2,57.83,0.154
101,2022,266,1400,0,14.18,1.075,0,20.82,0,0,0,0.006,179.8,334.5,54.03,0.162
101,2022,266,1500,0,14.17,1.074,0,20.96,0,0,0,0.014,167.8,263.5,45.66,0.173
101,2022,266,1600,0,14.19,1.072,0,20.53,0,0,0,0.012,167.8,174.5,33.49,0.192
101,2022,266,1700,0,14.28,1.068,0,19.59,0,0,0,0.014,171.8,79.7,17.51,0.22
101,2022,266,1800,0,13.2,1.068,0,15.66,0,0,0,0.014,186.8,2.514,0.381,0.151
101,2022,266,1900,0,12.89,1.064,0,14.23,0,0,0,0.018,191.8,0,0,-7999
101,2022,266,2000,0,12.85,1.063,0,10.12,0,0,0,0.009,191.8,0,0,-7999
101,2022,266,2100,0,12.83,1.061,0,7.662,0,0,0,0.014,174.8,0,0,-7999
101,2022,266,2200,0,12.81,1.061,0,6.602,0,0,0,0.015,187.8,0,0,-7999
101,2022,266,2300,0,12.79,1.06,0,6.632,0,0,0,0.016,191.8,0,0,-7999
101,2022,267,000,0,12.77,1.061,0,5.832,0,0,0,0.02,178.8,0,0,-7999
101,2022,267,100,0,12.75,1.06,0,4.762,0,0,0,0.012,190.8,0,0,-7999
101,2022,267,200,0,12.73,1.06,0,4.732,0,0,0,0.015,179.8,0,0,-7999
101,2022,267,300,0,12.71,1.06,0,5.222,0,0,0,0.013,187.8,0,0,-7999
101,2022,267,400,0,12.7,1.061,0,4.732,0,0,0,0.012,190.8,0,0,-7999
101,2022,267,500,0,12.69,1.061,0,3.772,0,0,0,0.015,191.8,0,0,-7999
101,2022,267,600,0,12.68,1.06,0,2.962,0,0,0,0.016,191.8,3.238,0.763,0.236
101,2022,267,700,0,12.76,1.06,0,9.28,0,0,0,0.021,191.8,84.5,17.92,0.212
101,2022,267,800,0,13.01,1.063,0,15.56,0,0,0,0.02,190.8,178.6,37.34,0.209
101,2022,267,900,0,14.18,1.064,0,16.82,0,0,0,0.015,177.8,265.5,43.41,0.164
101,2022,267,1000,0,14.26,1.066,0,18.05,0,0,0,0.016,168.8,334.3,51.76,0.155
101,2022,267,1100,0,14.2,1.07,0,19.89,0,0,0,0.008,168.8,377.3,57.08,0.151
101,2022,267,1200,0,14.17,1.075,0,20.62,0,0,0,0.014,167.8,391.6,59.36,0.152
101,2022,267,1300,0,14.12,1.076,0,21.94,0,0,0,0.017,168.8,374.4,57.83,0.154
101,2022,267,1400,0,14.13,1.076,0,22.86,0,0,0,0.006,176.8,330.9,53.27,0.161
101,2022,267,1500,0,14.12,1.075,0,23.11,0,0,0,0.008,168.8,258.4,44.89,0.174
101,2022,267,1600,0,14.15,1.072,0,22.38,0,0,0,0.011,167.8,169.4,32.72,0.193
101,2022,267,1700,0,14.25,1.07,0,21.49,0,0,0,0.015,177.8,75.39,16.74,0.222
101,2022,267,1800,0,13.19,1.067,0,15.98,0,0,0,0.014,190.8,2.514,0.381,0.151
101,2022,267,1900,0,12.88,1.063,0,12.54,0,0,0,0.015,181.8,0,0,-7999
101,2022,267,2000,0,12.83,1.064,0,11.94,0,0,0,0.009,189.8,0,0,-7999
101,2022,267,2100,0,12.8,1.063,0,10.64,0,0,0,0.015,182.8,0,0,-7999
101,2022,267,2200,0,12.78,1.063,0,9.26,0,0,0,0.012,191.8,0,0,-7999
101,2022,267,2300,0,12.77,1.062,0,9.61,0,0,0,0.013,186.8,0,0,-7999
101,2022,268,000,0,12.75,1.062,0,8.72,0,0,0,0.015,186.8,0,0,-7999
101,2022,268,100,0,12.73,1.062,0,8.13,0,0,0,0.017,183.8,0,0,-7999
101,2022,268,200,0,12.72,1.062,0,7.042,0,0,0,0.018,191.8,0,0,-7999
101,2022,268,300,0,12.69,1.061,0,5.912,0,0,0,0.017,182.8,0,0,-7999
101,2022,268,400,0,12.68,1.061,0,4.892,0,0,0,0.016,178.8,0,0,-7999
101,2022,268,500,0,12.67,1.06,0,4.892,0,0,0,0.013,183.8,0,0,-7999
101,2022,268,600,0,12.66,1.061,0,5.172,0,0,0,0.018,187.8,3.597,0.763,0.212
101,2022,268,700,0,12.75,1.062,0,10.24,0,0,0,0.018,191.8,80.2,16.77,0.209
101,2022,268,800,0,13.01,1.064,0,14.72,0,0,0,0.017,191.8,173.6,36.19,0.208
101,2022,268,900,0,14.13,1.065,0,16.98,0,0,0,0.018,178.8,260.8,42.65,0.164
101,2022,268,1000,0,14.25,1.066,0,18.48,0,0,0,0.016,173.8,329.6,51,0.155
101,2022,268,1100,0,14.2,1.071,0,20.29,0,0,0,0.014,171.8,372.3,56.32,0.151
101,2022,268,1200,0,14.16,1.076,0,21.83,0,0,0,0.005,176.8,387.7,58.98,0.152
101,2022,268,1300,0,14.14,1.077,0,22.68,0,0,0,0.017,167.8,373.3,57.83,0.155
101,2022,268,1400,0,14.27,1.078,0,22.83,0,0,0,0.01,181.8,327.7,52.89,0.161
101,2022,268,1500,0,14.1,1.075,0,21.93,0,0,0,0.01,172.8,255.6,44.14,0.173
101,2022,268,1600,0,14.22,1.072,0,21.65,0,0,0,0.01,168.8,165.8,31.96,0.193
101,2022,268,1700,0,14.33,1.071,0,20.91,0,0,0,0.014,177.8,70.37,15.22,0.216
101,2022,268,1800,0,13.16,1.066,0,15.82,0,0,0,0.018,186.8,1.436,0.381,0.265
101,2022,268,1900,0,12.88,1.065,0,14.08,0,0,0,0.014,191.8,0,0,-7999
101,2022,268,2000,0,12.83,1.064,0,13.97,0,0,0,0.013,190.8,0,0,-7999
101,2022,268,2100,0,12.81,1.063,0,11.09,0,0,0,0.018,191.8,0,0,-7999
101,2022,268,2200,0,12.79,1.062,0,8.37,0,0,0,0.012,191.8,0,0,-7999
101,2022,268,2300,0,12.78,1.064,0,8.4,0,0,0,0.014,189.8,0,0,-7999
101,2022,269,000,0,12.76,1.062,0,10.71,0,0,0,0.017,191.8,0,0,-7999
101,2022,269,100,0,12.74,1.062,0,8.73,0,0,0,0.016,191.8,0,0,-7999
101,2022,269,200,0,12.72,1.062,0,7.522,0,0,0,0.015,191.8,0,0,-7999
101,2022,269,300,0,12.7,1.063,0,7.432,0,0,0,0.014,187.8,0,0,-7999
101,2022,269,400,0,12.68,1.062,0,7.012,0,0,0,0.021,190.8,0,0,-7999
101,2022,269,500,0,12.67,1.061,0,5.622,0,0,0,0.016,191.8,0,0,-7999
101,2022,269,600,0,12.65,1.06,0,4.802,0,0,0,0.014,186.8,2.877,0.763,0.265
101,2022,269,700,0,12.75,1.06,0,9.81,0,0,0,0.019,190.8,78.05,16.39,0.21
101,2022,269,800,0,13.04,1.064,0,16.37,0,0,0,0.016,181.8,170,35.81,0.211
101,2022,269,900,0,14.15,1.065,0,17.83,0,0,0,0.012,176.8,255.4,41.88,0.164
101,2022,269,1000,0,14.34,1.068,0,18.88,0,0,0,0.015,167.8,323.1,50.24,0.155
101,2022,269,1100,0,14.17,1.072,0,21.34,0,0,0,0.009,172.8,367.6,55.94,0.152
101,2022,269,1200,0,14.12,1.076,0,22.9,0,0,0,0.004,167.8,382.6,58.59,0.153
101,2022,269,1300,0,14.09,1.079,0,24.72,0,0,0,0.011,167.8,366.4,57.06,0.156
101,2022,269,1400,0,14.07,1.079,0,25.57,0,0,0,0.009,171.8,320.8,51.74,0.161
101,2022,269,1500,0,14.07,1.076,0,26.22,0,0,0,0.008,167.8,248.3,43.37,0.175
101,2022,269,1600,0,14.15,1.074,0,24.14,0,0,0,0.012,168.8,155,30.43,0.196
101,2022,269,1700,0,14.22,1.07,0,22.58,0,0,0,0.013,186.8,63.18,13.7,0.217
101,2022,269,1800,0,13.14,1.068,0,17.45,0,0,0,0.016,190.8,1.795,0.381,0.212
101,2022,269,1900,0,12.86,1.066,0,16.1,0,0,0,0.012,190.8,0,0,-7999
101,2022,269,2000,0,12.79,1.066,0,14.05,0,0,0,0.017,191.8,0,0,-7999
101,2022,269,2100,0,12.76,1.064,0,12.74,0,0,0,0.014,191.8,0,0,-7999
101,2022,269,2200,0,12.73,1.063,0,12.48,0,0,0,0.015,191.8,0,0,-7999
101,2022,269,2300,0,12.71,1.063,0,11.07,0,0,0,0.013,187.8,0,0,-7999
101,2022,270,000,0,12.7,1.062,0,9.69,0,0,0,0.014,191.8,0,0,-7999
101,2022,270,100,0,12.69,1.062,0,8.5,0,0,0,0.014,190.8,0,0,-7999
101,2022,270,200,0,12.68,1.062,0,8.76,0,0,0,0.017,191.8,0,0,-7999
101,2022,270,300,0,12.66,1.062,0,8.4,0,0,0,0.016,190.8,0,0,-7999
101,2022,270,400,0,12.65,1.062,0,7.142,0,0,0,0.012,178.8,0,0,-7999
101,2022,270,500,0,12.64,1.062,0,7.102,0,0,0,0.015,191.8,0,0,-7999
101,2022,270,600,0,12.63,1.061,0,6.742,0,0,0,0.018,178.8,2.518,0.381,0.151
101,2022,270,700,0,12.76,1.061,0,11.46,0,0,0,0.017,191.8,78.41,16.78,0.214
101,2022,270,800,0,13.13,1.064,0,18.8,0,0,0,0.016,186.8,172.1,36.57,0.212
101,2022,270,900,0,14.15,1.066,0,21,0,0,0,0.013,186.8,256.4,42.64,0.166
101,2022,270,1000,0,14.19,1.069,0,22.31,0,0,0,0.007,173.8,323.5,51,0.158
101,2022,270,1100,0,14.13,1.073,0,23.3,0,0,0,0.002,176.8,364.7,55.94,0.153
101,2022,270,1200,0,14.09,1.078,0,24.28,0,0,0,0.012,176.8,379.8,59.36,0.156
101,2022,270,1300,0,14.09,1.081,0,24.62,0,0,0,0.01,171.8,353.9,56.31,0.159
101,2022,270,1400,0,14.09,1.078,0,24.99,0,0,0,0.009,167.8,341,57.83,0.17
101,2022,270,1500,0,14.12,1.078,0,24.24,0,0,0,0.007,181.8,203.2,34.24,0.169
101,2022,270,1600,0,14.21,1.074,0,22.56,0,0,0,0.01,186.8,150.8,28.92,0.192
101,2022,270,1700,0,14.28,1.071,0,20.95,0,0,0,0.01,190.8,56.37,12.18,0.216
101,2022,270,1800,0,13.08,1.068,0,17.91,0,0,0,0.01,190.8,0.718,0.381,0.53
101,2022,270,1900,0,12.88,1.066,0,16.74,0,0,0,0.01,191.8,0,0,-7999
101,2022,270,2000,0,12.85,1.064,0,14.25,0,0,0,0.02,191.8,0,0,-7999
101,2022,270,2100,0,12.83,1.064,0,14.74,0,0,0,0.011,182.8,0,0,-7999
101,2022,270,2200,0,12.82,1.064,0,14.09,0,0,0,0.01,191.8,0,0,-7999
101,2022,270,2300,0,12.8,1.064,0,13.05,0,0,0,0.012,190.8,0,0,-7999
101,2022,271,000,0,12.78,1.064,0,12.12,0,0,0,0.014,191.8,0,0,-7999
101,2022,271,100,0,12.76,1.064,0,10.63,0,0,0,0.014,186.8,0,0,-7999
101,2022,271,200,0,12.75,1.062,0,9.12,0,0,0,0.014,191.8,0,0,-7999
101,2022,271,300,0,12.73,1.062,0,7.822,0,0,0,0.014,183.8,0,0,-7999
101,2022,271,400,0,12.71,1.061,0,8.23,0,0,0,0.012,191.8,0,0,-7999
101,2022,271,500,0,12.69,1.063,0,11.59,0,0,0,0.014,169.8,0,0,-7999
101,2022,271,600,0,12.67,1.064,0,11.59,0,0,0,0.012,183.8,0.719,0,0
101,2022,271,700,0,12.69,1.064,0,11.95,0,0,0,0.012,190.8,11.86,2.286,0.193
101,2022,271,800,0,12.69,1.064,0,12.03,0,0,0,0.012,191.8,14.37,2.286,0.159
101,2022,271,900,0,12.82,1.065,0,11.89,0,0,0,0.011,191.8,66.48,10.29,0.155
101,2022,271,1000,0,13.59,1.065,0,12.89,0,0,0,0.008,191.8,142.3,22.09,0.155
101,2022,271,1100,0,13.59,1.066,0,14.08,0,0,0,0.008,190.8,139.4,21.71,0.156
101,2022,271,1200,0,14.52,1.067,0,14.01,0,0,0,0.008,177.8,377.1,59.78,0.158
101,2022,271,1300,0,14.2,1.069,0,14.02,0,0,0,0.01,182.8,112.8,17.51,0.155
101,2022,271,1400,0,14.39,1.068,0,15.27,0,0,0,0,177.8,321.5,55.21,0.172
101,2022,271,1500,0,14.56,1.068,0,12.94,0,0,0,0.011,190.8,157,28.56,0.182
101,2022,271,1600,0,14.29,1.068,0,12.11,0,0,0,0.011,186.8,42.02,6.853,0.163
101,2022,271,1700,0,13.59,1.066,0,12.3,0,0,0,0.011,190.8,21.2,3.808,0.18
101,2022,271,1800,0,13.1,1.064,0,10.21,0,0,0,0.011,178.8,1.078,0,0
101,2022,271,1900,0,12.86,1.063,0,8.97,0,0,0,0.011,182.8,0,0,-7999
101,2022,271,2000,0,12.83,1.063,0,8.92,0,0,0,0.011,183.8,0,0,-7999
101,2022,271,2100,0,12.81,1.063,0,8.62,0,0,0,0.012,178.8,0,0,-7999
101,2022,271,2200,0,12.79,1.062,0,8.32,0,0,0,0.01,187.8,0,0,-7999
101,2022,271,2300,0,12.78,1.064,0.05,7.832,0,0,0,0.012,190.8,0,0,-7999
101,2022,272,000,0,12.76,1.062,0,6.992,0,0,0,0.012,182.8,0,0,-7999
101,2022,272,100,0,12.75,1.062,0,7.032,0,0,0,0.012,190.8,0,0,-7999
101,2022,272,200,0,12.73,1.063,0,7.312,0,0,0,0.013,179.8,0,0,-7999
101,2022,272,300,0,12.71,1.064,0,7.272,0,0,0,0.012,175.8,0,0,-7999
101,2022,272,400,0,12.69,1.062,0,7.252,0,0,0,0.011,191.8,0,0,-7999
101,2022,272,500,0,12.67,1.063,0,7.222,0,0,0,0.012,183.8,0,0,-7999
101,2022,272,600,0,12.64,1.063,0,7.212,0,0,0,0.013,170.8,0.719,0,0
101,2022,272,700,0,12.69,1.063,0,7.242,0,0,0,0.012,182.8,11.14,1.905,0.171
101,2022,272,800,0,12.85,1.065,0,8.04,0,0,0,0.012,184.8,30.91,5.335,0.173
101,2022,272,900,0,13.14,1.065,0,8.99,0,0,0,0.011,186.8,57.87,9.14,0.158
101,2022,272,1000,0,13.42,1.066,0,9.5,0,0,0,0.012,182.8,76.55,12.57,0.164
101,2022,272,1100,0,13.9,1.065,0,9.98,0,0,0,0.012,182.8,193,30.09,0.156
101,2022,272,1200,0,13.64,1.066,0,10.16,0,0,0,0.011,186.8,154.1,23.99,0.156
101,2022,272,1300,0,13.82,1.065,0,10.81,0,0,0,0.005,186.8,149.8,23.23,0.155
101,2022,272,1400,0,14.42,1.068,0,11.97,0,0,0,0.005,185.8,343.1,58.64,0.171
101,2022,272,1500,0,14.39,1.069,0,11.6,0,0,0,0.011,183.8,258.6,47.2,0.183
101,2022,272,1600,0,14.13,1.068,0,10.23,0,0,0,0.012,191.8,32.69,5.711,0.175
101,2022,272,1700,0,13.41,1.064,0,9.18,0,0,0,0.011,187.8,8.62,1.143,0.133
101,2022,272,1800,0,12.95,1.062,0,8.16,0,0,0,0.012,183.8,0.719,0,0
101,2022,272,1900,0,12.88,1.063,0,7.872,0,0,0,0.012,191.8,0,0,-7999
101,2022,272,2000,0,12.85,1.062,0,7.992,0,0,0,0.01,187.8,0,0,-7999
101,2022,272,2100,0,12.83,1.062,0,4.902,0,0,0,0.015,191.8,0,0,-7999
101,2022,272,2200,0,12.81,1.06,0,3.422,0,0,0,0.014,187.8,0,0,-7999
101,2022,272,2300,0,12.79,1.06,0,3.232,0,0,0,0.016,174.8,0,0,-7999
101,2022,273,000,0,12.76,1.061,0,3.142,0,0,0,0.021,187.8,0,0,-7999
101,2022,273,100,0,12.74,1.059,0,2.282,0,0,0,0.018,192.8,0,0,-7999
101,2022,273,200,0,12.71,1.06,0,1.872,0,0,0,0.019,191.8,0,0,-7999
101,2022,273,300,0,12.68,1.059,0,1.642,0,0,0,0.018,175.8,0,0,-7999
101,2022,273,400,0,12.65,1.06,0,1.782,0,0,0,0.019,171.8,0,0,-7999
101,2022,273,500,0,12.62,1.06,0,1.292,0,0,0,0.018,185.8,0,0,-7999
101,2022,273,600,0,12.6,1.059,0,3.492,0,0,0,0.022,203.8,1.799,0.381,0.212
101,2022,273,700,0,12.65,1.059,0,3.752,0,0,0,0.019,199.8,76.63,15.25,0.199
101,2022,273,800,0,12.95,1.062,0,7.922,0,0,0,0.011,179.8,162.1,34.3,0.212
101,2022,273,900,0,14.45,1.064,0,10.31,0,0,0,0.014,190.8,245,41.13,0.168
101,2022,273,1000,0,14.5,1.065,0,12.6,0,0,0,0.015,175.8,308.9,49.49,0.16
101,2022,273,1100,0,14.44,1.07,0,15.29,0,0,0,0.01,177.8,350.4,55.18,0.157
101,2022,273,1200,0,14.26,1.074,0,16.22,0,0,0,0.015,176.8,363.3,57.07,0.157
101,2022,273,1300,0,14.26,1.075,0,17.24,0,0,0,0.019,168.8,348.9,55.55,0.159
101,2022,273,1400,0,14.26,1.074,0,16.45,0,0,0,0.011,172.8,301.5,50.23,0.167
101,2022,273,1500,0,14.4,1.073,0,16.43,0,0,0,0.014,169.8,219,39.19,0.179
101,2022,273,1600,0,14.38,1.07,0,16.55,0,0,0,0.006,185.8,135,27.02,0.2
101,2022,273,1700,0,14.39,1.068,0,15.57,0,0,0,0.014,191.8,54.58,12.18,0.223
101,2022,273,1800,0,13.14,1.065,0,12.65,0,0,0,0.01,191.8,0.718,0.381,0.53
101,2022,273,1900,0,12.89,1.064,0,10.75,0,0,0,0.013,190.8,0,0,-7999
101,2022,273,2000,0,12.86,1.063,0,9.42,0,0,0,0.014,186.8,0,0,-7999
101,2022,273,2100,0,12.84,1.063,0,8.24,0,0,0,0.012,191.8,0,0,-7999
101,2022,273,2200,0,12.82,1.063,0,9.12,0,0,0,0.014,191.8,0,0,-7999
101,2022,273,2300,0,12.81,1.062,0,8.4,0,0,0,0.012,186.8,0,0,-7999
101,2022,274,000,0,12.79,1.062,0,7.862,0,0,0,0.012,191.8,0,0,-7999
101,2022,274,100,0,12.77,1.062,0,5.232,0,0,0,0.017,187.8,0,0,-7999
101,2022,274,200,0,12.75,1.062,0,5.692,0,0,0,0.01,187.8,0,0,-7999
101,2022,274,300,0,12.73,1.062,0,5.812,0,0,0,0.011,187.8,0,0,-7999
101,2022,274,400,0,12.71,1.061,0,5.052,0,0,0,0.016,191.8,0,0,-7999
101,2022,274,500,0,12.69,1.06,0,3.262,0,0,0,0.016,191.8,0,0,-7999
101,2022,274,600,0,12.65,1.06,0,2.602,0,0,0,0.018,187.8,1.439,0,0
101,2022,274,700,0,12.71,1.061,0,3.552,0,0,0,0.014,192.8,32.01,5.338,0.167
101,2022,274,800,0,13.03,1.062,0,9.14,0,0,0,0.012,191.8,157.1,33.54,0.213
101,2022,274,900,0,14.3,1.066,0,11.03,0,0,0,0.009,191.8,242.9,41.52,0.171
101,2022,274,1000,0,14.42,1.066,0,12.23,0,0,0,0.012,185.8,313.9,50.26,0.16
101,2022,274,1100,0,14.36,1.069,0,13.77,0,0,0,0.008,177.8,355.1,55.95,0.158
101,2022,274,1200,0,14.5,1.072,0,15.07,0,0,0,0.009,186.8,369.1,57.85,0.157
101,2022,274,1300,0,14.27,1.074,0,15.8,0,0,0,0.007,172.8,350.7,56.31,0.161
101,2022,274,1400,0,14.25,1.074,0,16.71,0,0,0,0.006,177.8,303.7,50.99,0.168
101,2022,274,1500,0,14.26,1.072,0,16.86,0,0,0,0.012,172.8,231.9,41.85,0.18
101,2022,274,1600,0,14.29,1.071,0,17.02,0,0,0,0.01,173.8,145,29.3,0.202
101,2022,274,1700,0,14.42,1.067,0,16.23,0,0,0,0.015,190.8,53.85,11.8,0.219
101,2022,274,1800,0,13.1,1.065,0,12.12,0,0,0,0.012,190.8,0.359,0.381,1.06
101,2022,274,1900,0,12.88,1.064,0,10.9,0,0,0,0.009,191.8,0,0,-7999
101,2022,274,2000,0,12.85,1.064,0,9.46,0,0,0,0.012,186.8,0,0,-7999
101,2022,274,2100,0,12.83,1.063,0,8.42,0,0,0,0.013,187.8,0,0,-7999
101,2022,274,2200,0,12.82,1.062,0,7.542,0,0,0,0.015,186.8,0,0,-7999
101,2022,274,2300,0,12.8,1.062,0,7.412,0,0,0,0.011,187.8,0,0,-7999
101,2022,275,000,0,12.78,1.06,0,4.382,0,0,0,0.012,191.8,0,0,-7999
101,2022,275,100,0,12.76,1.06,0,4.322,0,0,0,0.013,191.8,0,0,-7999
101,2022,275,200,0,12.73,1.061,0,4.182,0,0,0,0.016,186.8,0,0,-7999
101,2022,275,300,0,12.71,1.06,0,3.872,0,0,0,0.014,186.8,0,0,-7999
101,2022,275,400,0,12.69,1.061,0,3.502,0,0,0,0.014,170.8,0,0,-7999
101,2022,275,500,0,12.66,1.062,0,3.552,0,0,0,0.013,184.8,0,0,-7999
101,2022,275,600,0,12.63,1.06,0,2.602,0,0,0,0.016,191.8,1.438,0.381,0.265
101,2022,275,700,0,12.69,1.06,0,5.592,0,0,0,0.016,170.8,74.45,14.49,0.195
101,2022,275,800,0,13,1.063,0,13.54,0,0,0,0.019,185.8,157.4,33.91,0.215
101,2022,275,900,0,14.31,1.064,0,15.61,0,0,0,0.015,184.8,241.4,41.12,0.17
101,2022,275,1000,0,14.3,1.066,0,16.1,0,0,0,0.004,185.8,308.1,49.48,0.161
101,2022,275,1100,0,14.25,1.072,0,16.88,0,0,0,0.011,177.8,351.8,55.55,0.158
101,2022,275,1200,0,14.22,1.074,0,18.63,0,0,0,0.005,173.8,366.1,57.84,0.158
101,2022,275,1300,0,14.19,1.077,0,19.98,0,0,0,0.01,177.8,347.5,55.55,0.16
101,2022,275,1400,0,14.17,1.078,0,19.91,0,0,0,0.008,173.8,300.8,50.22,0.167
101,2022,275,1500,0,14.16,1.075,0,20.36,0,0,0,0.01,181.8,230.1,41.85,0.182
101,2022,275,1600,0,14.21,1.072,0,20.09,0,0,0,0.012,176.8,142.9,29.3,0.205
101,2022,275,1700,0,14.3,1.068,0,18.72,0,0,0,0.014,190.8,51.69,11.41,0.221
101,2022,275,1800,0,13.07,1.066,0,12.28,0,0,0,0.015,186.8,0.359,0,0
101,2022,275,1900,0,12.88,1.064,0,9.73,0,0,0,0.011,185.8,0,0,-7999
101,2022,275,2000,0,12.85,1.063,0,8.33,0,0,0,0.013,190.8,0,0,-7999
101,2022,275,2100,0,12.83,1.063,0,8.64,0,0,0,0.014,187.8,0,0,-7999
101,2022,275,2200,0,12.81,1.062,0,9.33,0,0,0,0.019,187.8,0,0,-7999
101,2022,275,2300,0,12.8,1.062,0,8.67,0,0,0,0.017,191.8,0,0,-7999
101,2022,276,000,0,12.77,1.062,0,7.782,0,0,0,0.014,174.8,0,0,-7999
101,2022,276,100,0,12.76,1.062,0,6.542,0,0,0,0.022,174.8,0,0,-7999
101,2022,276,200,0,12.74,1.061,0,5.762,0,0,0,0.014,190.8,0,0,-7999
101,2022,276,300,0,12.71,1.06,0,5.542,0,0,0,0.014,191.8,0,0,-7999
101,2022,276,400,0,12.69,1.061,0,5.492,0,0,0,0.014,187.8,0,0,-7999
101,2022,276,500,0,12.67,1.061,0,5.592,0,0,0,0.015,186.8,0,0,-7999
101,2022,276,600,0,12.63,1.061,0,4.322,0,0,0,0.018,183.8,1.798,0.381,0.212
101,2022,276,700,0,12.72,1.062,0,8.24,0,0,0,0.014,191.8,67.25,13.72,0.204
101,2022,276,800,0,12.99,1.063,0,14.25,0,0,0,0.012,191.8,151.3,32.76,0.217
101,2022,276,900,0,14.23,1.066,0,16.25,0,0,0,0.017,190.8,239.2,40.74,0.17
101,2022,276,1000,0,14.26,1.068,0,18.33,0,0,0,0.006,176.8,305.9,49.48,0.162
101,2022,276,1100,0,14.18,1.072,0,20.83,0,0,0,0.015,181.8,351.8,55.55,0.158
101,2022,276,1200,0,14.13,1.078,0,22.02,0,0,0,0.01,176.8,370,58.59,0.158
101,2022,276,1300,0,14.12,1.078,0,22.42,0,0,0,0.011,176.8,350.3,57.06,0.163
101,2022,276,1400,0,14.12,1.078,0,22.38,0,0,0,0.01,171.8,287.1,48.69,0.17
101,2022,276,1500,0,14.11,1.078,0,22.76,0,0,0,0.006,167.8,225,41.08,0.183
101,2022,276,1600,0,14.14,1.074,0,22.82,0,0,0,0.011,172.8,137.8,28.15,0.204
101,2022,276,1700,0,14.27,1.07,0,21.18,0,0,0,0.015,190.8,45.95,10.65,0.232
101,2022,276,1800,0,13.03,1.067,0,14.36,0,0,0,0.013,189.8,0.359,0,0
101,2022,276,1900,0,12.88,1.064,0,13.23,0,0,0,0.013,191.8,0,0,-7999
101,2022,276,2000,0,12.85,1.064,0,12.52,0,0,0,0.018,191.8,0,0,-7999
101,2022,276,2100,0,12.83,1.063,0,11.66,0,0,0,0.016,190.8,0,0,-7999
101,2022,276,2200,0,12.8,1.063,0,10.01,0,0,0,0.012,190.8,0,0,-7999
101,2022,276,2300,0,12.79,1.062,0,9.15,0,0,0,0.014,190.8,0,0,-7999
101,2022,277,000,0,12.77,1.064,0,9.36,0,0,0,0.015,187.8,0,0,-7999
101,2022,277,100,0,12.75,1.062,0,7.902,0,0,0,0.015,187.8,0,0,-7999
101,2022,277,200,0,12.73,1.062,0,6.802,0,0,0,0.014,191.8,0,0,-7999
101,2022,277,300,0,12.71,1.061,0,6.812,0,0,0,0.012,182.8,0,0,-7999
101,2022,277,400,0,12.69,1.062,0,6.342,0,0,0,0.013,190.8,0,0,-7999
101,2022,277,500,0,12.66,1.062,0,5.882,0,0,0,0.016,186.8,0,0,-7999
101,2022,277,600,0,12.62,1.06,0,5.332,0,0,0,0.016,183.8,1.079,0,0
101,2022,277,700,0,12.7,1.061,0,8.55,0,0,0,0.016,189.8,64.37,13.34,0.207
101,2022,277,800,0,13.01,1.062,0,16.55,0,0,0,0.015,186.8,154.9,33.53,0.216
101,2022,277,900,0,14.26,1.065,0,18.43,0,0,0,0.012,186.8,238.1,40.73,0.171
101,2022,277,1000,0,14.3,1.069,0,19.53,0,0,0,0.008,172.8,306.6,49.85,0.163
101,2022,277,1100,0,14.15,1.074,0,21.39,0,0,0,0.009,176.8,349.6,55.55,0.159
101,2022,277,1200,0,14.37,1.078,0,22.63,0,0,0,0.009,171.8,369.7,58.59,0.158
101,2022,277,1300,0,14.11,1.08,0,23.36,0,0,0,0.008,177.8,358.5,58.58,0.163
101,2022,277,1400,0,14.08,1.08,0,24.06,0,0,0,0.012,181.8,296,50.21,0.17
101,2022,277,1500,0,14.1,1.079,0,24.07,0,0,0,0.012,168.8,255.5,45.64,0.179
101,2022,277,1600,0,14.13,1.076,0,23.08,0,0,0,0.011,168.8,146.4,29.67,0.203
101,2022,277,1700,0,14.3,1.07,0,22.4,0,0,0,0.016,189.8,50.25,11.03,0.22
101,2022,277,1800,0,13.02,1.068,0,17.69,0,0,0,0.013,190.8,0.359,0.381,1.06
101,2022,277,1900,0,12.86,1.066,0,13.58,0,0,0,0.007,191.8,0,0,-7999
101,2022,277,2000,0,12.84,1.064,0,12.14,0,0,0,0.012,178.8,0,0,-7999
101,2022,277,2100,0,12.81,1.064,0,11.26,0,0,0,0.017,191.8,0,0,-7999
101,2022,277,2200,0,12.79,1.063,0,10.26,0,0,0,0.012,191.8,0,0,-7999
101,2022,277,2300,0,12.77,1.063,0,9.72,0,0,0,0.013,190.8,0,0,-7999
101,2022,278,000,0,12.76,1.062,0,9.09,0,0,0,0.013,192.8,0,0,-7999
101,2022,278,100,0,12.74,1.063,0,9.22,0,0,0,0.014,183.8,0,0,-7999
101,2022,278,200,0,12.71,1.063,0,8.56,0,0,0,0.014,186.8,0,0,-7999
101,2022,278,300,0,12.7,1.062,0,8.46,0,0,0,0.015,175.8,0,0,-7999
101,2022,278,400,0,12.68,1.063,0,7.662,0,0,0,0.013,185.8,0,0,-7999
101,2022,278,500,0,12.66,1.062,0,6.552,0,0,0,0.016,190.8,0,0,-7999
101,2022,278,600,0,12.62,1.062,0,6.532,0,0,0,0.015,186.8,1.079,0,0
101,2022,278,700,0,12.71,1.062,0,9.3,0,0,0,0.017,190.8,59.33,12.2,0.206
101,2022,278,800,0,13.04,1.064,0,17.29,0,0,0,0.018,190.8,148.1,32,0.216
101,2022,278,900,0,14.22,1.066,0,18.4,0,0,0,0.013,186.8,234.2,40.35,0.172
101,2022,278,1000,0,14.23,1.07,0,19.24,0,0,0,0.017,181.8,300.8,49.47,0.164
101,2022,278,1100,0,14.16,1.074,0,20.81,0,0,0,0.002,182.8,343.5,54.79,0.159
101,2022,278,1200,0,14.13,1.079,0,23.07,0,0,0,0.011,167.8,356,57.06,0.16
101,2022,278,1300,0,14.08,1.08,0,23.91,0,0,0,0.012,167.8,337.3,55.54,0.165
101,2022,278,1400,0,13.99,1.08,0,24.27,0,0,0,0.012,168.8,289.2,49.45,0.171
101,2022,278,1500,0,13.9,1.077,0,24.91,0,0,0,0.013,168.8,217.1,40.32,0.186
101,2022,278,1600,0,13.94,1.075,0,23.85,0,0,0,0.016,168.8,131.3,27.39,0.209
101,2022,278,1700,0,14.27,1.071,0,21.72,0,0,0,0.015,189.8,31.95,8.75,0.274
101,2022,278,1800,0,13,1.068,0,16.53,0,0,0,0.013,182.8,0,0,-7999
101,2022,278,1900,0,12.87,1.067,0,14.4,0,0,0,0.014,191.8,0,0,-7999
101,2022,278,2000,0,12.85,1.064,0,12.45,0,0,0,0.019,187.8,0,0,-7999
101,2022,278,2100,0,12.83,1.063,0,12.51,0,0,0,0.012,191.8,0,0,-7999
101,2022,278,2200,0,12.8,1.064,0,10.38,0,0,0,0.017,186.8,0,0,-7999
101,2022,278,2300,0,12.79,1.063,0,9.93,0,0,0,0.02,183.8,0,0,-7999
101,2022,279,000,0,12.77,1.062,0,10.21,0,0,0,0.021,187.8,0,0,-7999
101,2022,279,100,0,12.74,1.061,0,7.752,0,0,0,0.014,191.8,0,0,-7999
101,2022,279,200,0,12.72,1.062,0,7.322,0,0,0,0.015,191.8,0,0,-7999
101,2022,279,300,0,12.71,1.062,0,7.202,0,0,0,0.014,174.8,0,0,-7999
101,2022,279,400,0,12.68,1.062,0,7.432,0,0,0,0.018,178.8,0,0,-7999
101,2022,279,500,0,12.66,1.062,0,6.212,0,0,0,0.017,175.8,0,0,-7999
101,2022,279,600,0,12.62,1.061,0,6.252,0,0,0,0.017,191.8,1.079,0,0
101,2022,279,700,0,12.7,1.062,0,8.52,0,0,0,0.02,174.8,59.34,12.58,0.212
101,2022,279,800,0,13.06,1.063,0,15.06,0,0,0,0.018,190.8,153.5,33.15,0.216
101,2022,279,900,0,14.31,1.066,0,16.72,0,0,0,0.014,190.8,231.3,40.36,0.174
101,2022,279,1000,0,14.39,1.069,0,18.56,0,0,0,0.014,186.8,300.9,49.48,0.164
101,2022,279,1100,0,14.19,1.073,0,20.17,0,0,0,0.015,182.8,338.9,54.79,0.162
101,2022,279,1200,0,14.16,1.077,0,22.3,0,0,0,0.013,173.8,355.7,57.07,0.16
101,2022,279,1300,0,14.11,1.08,0,22.79,0,0,0,0.014,173.8,338.8,55.55,0.164
101,2022,279,1400,0,14.26,1.079,0,23.17,0,0,0,0.009,172.8,289.3,49.84,0.172
101,2022,279,1500,0,14.12,1.078,0,22.33,0,0,0,0.009,168.8,221.8,41.09,0.185
101,2022,279,1600,0,14.18,1.073,0,21.41,0,0,0,0.012,181.8,130.7,27.4,0.21
101,2022,279,1700,0,14.29,1.07,0,19.79,0,0,0,0.015,190.8,24.41,7.991,0.327
101,2022,279,1800,0,13.02,1.066,0,14.05,0,0,0,0.011,191.8,0,0,-7999
101,2022,279,1900,0,12.88,1.065,0,14.08,0,0,0,0.006,191.8,0,0,-7999
101,2022,279,2000,0,12.85,1.065,0,13.13,0,0,0,0.011,186.8,0,0,-7999
101,2022,279,2100,0,12.83,1.064,0,10.82,0,0,0,0.02,191.8,0,0,-7999
101,2022,279,2200,0,12.81,1.063,0,8.45,0,0,0,0.013,183.8,0,0,-7999
101,2022,279,2300,0,12.79,1.062,0,8.45,0,0,0,0.017,191.8,0,0,-7999
101,2022,280,000,0,12.77,1.062,0,7.312,0,0,0,0.019,191.8,0,0,-7999
101,2022,280,100,0,12.75,1.062,0,7.342,0,0,0,0.018,174.8,0,0,-7999
101,2022,280,200,0,12.73,1.062,0,8.59,0,0,0,0.019,187.8,0,0,-7999
101,2022,280,300,0,12.71,1.062,0,7.862,0,0,0,0.019,186.8,0,0,-7999
101,2022,280,400,0,12.69,1.063,0,6.892,0,0,0,0.017,182.8,0,0,-7999
101,2022,280,500,0,12.66,1.062,0,5.812,0,0,0,0.018,179.8,0,0,-7999
101,2022,280,600,0,12.64,1.062,0,7.732,0,0,0,0.014,183.8,1.438,0.381,0.265
101,2022,280,700,0,12.69,1.063,0,8.52,0,0,0,0.017,170.8,52.5,10.29,0.196
101,2022,280,800,0,13.11,1.064,0,15.39,0,0,0,0.015,190.8,146.3,32,0.219
101,2022,280,900,0,14.46,1.066,0,16.32,0,0,0,0.011,190.8,238.9,41.88,0.175
101,2022,280,1000,0,14.39,1.069,0,17.61,0,0,0,0.014,181.8,270.7,44.91,0.166
101,2022,280,1100,0,14.22,1.073,0,19.15,0,0,0,0.015,171.8,317.3,51.75,0.163
101,2022,280,1200,0,14.2,1.074,0,20.34,0,0,0,0.004,177.8,338.1,54.79,0.162
101,2022,280,1300,0,14.2,1.076,0,20.7,0,0,0,0.006,168.8,301.5,50.23,0.167
101,2022,280,1400,0,14.16,1.077,0,21.34,0,0,0,0.013,177.8,297.2,51.75,0.174
101,2022,280,1500,0,14.17,1.075,0,20.85,0,0,0,0.013,186.8,185.2,34.24,0.185
101,2022,280,1600,0,14.22,1.072,0,20.04,0,0,0,0.01,186.8,102.7,20.55,0.2
101,2022,280,1700,0,14.33,1.068,0,19.18,0,0,0,0.016,189.8,35.54,8.75,0.246
101,2022,280,1800,0,13.02,1.066,0,14.83,0,0,0,0.012,186.8,0,0,-7999
101,2022,280,1900,0,12.88,1.065,0,13.18,0,0,0,0.011,189.8,0,0,-7999
101,2022,280,2000,0,12.85,1.063,0,11.88,0,0,0,0.014,187.8,0,0,-7999
101,2022,280,2100,0,12.83,1.064,0,10.61,0,0,0,0.016,182.8,0,0,-7999
101,2022,280,2200,0,12.81,1.062,0,10.23,0,0,0,0.016,192.8,0,0,-7999
101,2022,280,2300,0,12.8,1.062,0,9.01,0,0,0,0.016,170.8,0,0,-7999
101,2022,281,000,0,12.77,1.062,0,9.31,0,0,0,0.021,186.8,0,0,-7999
101,2022,281,100,0,12.75,1.062,0,6.922,0,0,0,0.02,183.8,0,0,-7999
101,2022,281,200,0,12.73,1.06,0,6.102,0,0,0,0.013,183.8,0,0,-7999
101,2022,281,300,0,12.71,1.062,0,7.222,0,0,0,0.021,178.8,0,0,-7999
101,2022,281,400,0,12.69,1.061,0,5.082,0,0,0,0.018,183.8,0,0,-7999
101,2022,281,500,0,12.66,1.062,0,5.892,0,0,0,0.016,174.8,0,0,-7999
101,2022,281,600,0,12.63,1.062,0,4.972,0,0,0,0.017,183.8,0.36,0,0
101,2022,281,700,0,12.67,1.062,0,6.752,0,0,0,0.018,170.8,51.43,9.53,0.185
101,2022,281,800,0,13.11,1.063,0,14.48,0,0,0,0.018,182.8,143.1,31.63,0.221
101,2022,281,900,0,14.46,1.066,0,16.72,0,0,0,0.016,190.8,229.2,40.36,0.176
101,2022,281,1000,0,14.3,1.07,0,17.67,0,0,0,0.01,177.8,295.5,49.48,0.167
101,2022,281,1100,0,14.38,1.073,0,18.58,0,0,0,0.015,173.8,335.3,54.79,0.163
101,2022,281,1200,0,14.19,1.077,0,19.6,0,0,0,0.007,171.8,348.5,57.07,0.164
101,2022,281,1300,0,14.17,1.078,0,19.75,0,0,0,0.012,168.8,330.2,55.55,0.168
101,2022,281,1400,0,14.17,1.077,0,20.33,0,0,0,0.007,172.8,286.4,50.23,0.175
101,2022,281,1500,0,14.3,1.074,0,19.7,0,0,0,0.01,167.8,212.9,40.33,0.189
101,2022,281,1600,0,14.23,1.072,0,19.83,0,0,0,0.013,168.8,124.9,26.63,0.213
101,2022,281,1700,0,14.35,1.069,0,18.67,0,0,0,0.016,191.8,30.87,7.61,0.247
101,2022,281,1800,0,12.99,1.066,0,12.67,0,0,0,0.018,190.8,0,0,-7999
101,2022,281,1900,0,12.88,1.064,0,11.56,0,0,0,0.014,182.8,0,0,-7999
101,2022,281,2000,0,12.85,1.062,0,8.64,0,0,0,0.013,190.8,0,0,-7999
101,2022,281,2100,0,12.83,1.062,0,7.592,0,0,0,0.018,186.8,0,0,-7999
101,2022,281,2200,0,12.81,1.062,0,8.54,0,0,0,0.016,191.8,0,0,-7999
101,2022,281,2300,0,12.79,1.061,0,6.202,0,0,0,0.015,189.8,0,0,-7999
101,2022,282,000,0,12.77,1.062,0,9.69,0,0,0,0.018,186.8,0,0,-7999
101,2022,282,100,0,12.75,1.062,0,6.992,0,0,0,0.016,187.8,0,0,-7999
101,2022,282,200,0,12.73,1.062,0,5.482,0,0,0,0.017,191.8,0,0,-7999
101,2022,282,300,0,12.7,1.06,0,4.392,0,0,0,0.014,190.8,0,0,-7999
101,2022,282,400,0,12.68,1.061,0,6.442,0,0,0,0.018,182.8,0,0,-7999
101,2022,282,500,0,12.65,1.061,0,5.192,0,0,0,0.016,175.8,0,0,-7999
101,2022,282,600,0,12.62,1.062,0,5.182,0,0,0,0.018,174.8,0.719,0,0
101,2022,282,700,0,12.66,1.062,0,6.582,0,0,0,0.017,178.8,47.11,8.39,0.178
101,2022,282,800,0,13.11,1.064,0,15.24,0,0,0,0.019,191.8,136.2,29.72,0.218
101,2022,282,900,0,14.46,1.066,0,16.55,0,0,0,0.019,191.8,221.6,39.22,0.177
101,2022,282,1000,0,14.28,1.069,0,18.02,0,0,0,0.016,182.8,287.3,48.34,0.168
101,2022,282,1100,0,14.19,1.073,0,18.49,0,0,0,0.006,171.8,330.6,54.41,0.165
101,2022,282,1200,0,14.28,1.077,0,19.43,0,0,0,0.018,172.8,339.9,56.31,0.166
101,2022,282,1300,0,14.19,1.077,0,19.63,0,0,0,0.014,172.8,323.1,54.79,0.17
101,2022,282,1400,0,14.31,1.076,0,19.16,0,0,0,0.003,171.8,282.9,50.23,0.178
101,2022,282,1500,0,14.22,1.074,0,19.76,0,0,0,0.014,168.8,209.6,40.33,0.192
101,2022,282,1600,0,14.25,1.071,0,19.13,0,0,0,0.013,171.8,118.5,25.87,0.218
101,2022,282,1700,0,14.36,1.068,0,18.04,0,0,0,0.018,189.8,27.64,6.85,0.248
101,2022,282,1800,0,12.98,1.065,0,10.37,0,0,0,0.014,182.8,0,0,-7999
101,2022,282,1900,0,12.87,1.063,0,7.972,0,0,0,0.014,190.8,0,0,-7999
101,2022,282,2000,0,12.84,1.062,0,7.202,0,0,0,0.014,191.8,0,0,-7999
101,2022,282,2100,0,12.82,1.062,0,6.712,0,0,0,0.013,191.8,0,0,-7999
101,2022,282,2200,0,12.8,1.062,0,6.512,0,0,0,0.015,191.8,0,0,-7999
101,2022,282,2300,0,12.78,1.062,0,6.402,0,0,0,0.014,187.8,0,0,-7999
101,2022,283,000,0,12.76,1.061,0,5.562,0,0,0,0.016,182.8,0,0,-7999
101,2022,283,100,0,12.74,1.062,0,5.162,0,0,0,0.015,175.8,0,0,-7999
101,2022,283,200,0,12.71,1.06,0,5.072,0,0,0,0.014,187.8,0,0,-7999
101,2022,283,300,0,12.69,1.06,0,5.342,0,0,0,0.017,174.8,0,0,-7999
101,2022,283,400,0,12.67,1.06,0,4.842,0,0,0,0.017,178.8,0,0,-7999
101,2022,283,500,0,12.64,1.061,0,4.542,0,0,0,0.013,178.8,0,0,-7999
101,2022,283,600,0,12.61,1.06,0,5.152,0,0,0,0.016,170.8,0.719,0,0
101,2022,283,700,0,12.65,1.061,0,6.652,0,0,0,0.017,191.8,39.2,7.244,0.185
101,2022,283,800,0,13.12,1.064,0,15.82,0,0,0,0.015,186.8,140.6,30.87,0.22
101,2022,283,900,0,14.45,1.067,0,17.62,0,0,0,0.011,190.8,224.8,39.98,0.178
101,2022,283,1000,0,14.3,1.071,0,18.31,0,0,0,0.01,185.8,292.3,49.1,0.168
101,2022,283,1100,0,14.23,1.075,0,19.94,0,0,0,0.013,177.8,332.8,54.79,0.165
101,2022,283,1200,0,14.2,1.078,0,19.89,0,0,0,0.014,168.8,355.7,58.6,0.165
101,2022,283,1300,0,14.16,1.08,0,20.57,0,0,0,0.011,177.8,337.8,57.45,0.17
101,2022,283,1400,0,14.19,1.08,0,19.57,0,0,0,0.01,168.8,78.25,12.94,0.165
101,2022,283,1500,0,14.31,1074,0,535,0,0,0,53.89,4316,168.8,31.97,0.189
101,2022,283,1600,0,14.28,1073,0,524.6,0,0,0,53.99,4925,166.6,34.25,0.206
101,2022,283,1700,0,13.39,1069,0,450.9,0,0,0,53.94,4925,17.24,3.426,0.199
101,2022,283,1800,0,12.94,1066,0,397.6,0,0,0,53.91,4697,0,0,-7999
101,2022,283,1900,0,12.88,1065,0,369.2,0,0,0,53.94,4595,0,0,-7999
101,2022,283,2000,0,12.85,1066,0,346.8,0,0,0,53.96,4392,0,0,-7999
101,2022,283,2100,0,12.83,1066,0,321.7,0,0,0,53.96,4392,0,0,-7999
101,2022,283,2200,0,12.81,1064,0,312.8,0,0,0,53.96,4519,0,0,-7999
101,2022,283,2300,0,12.79,1064,0,306.9,0,0,0,53.94,4722,0,0,-7999
101,2022,284,000,0,12.78,1064,0,304.6,0,0,0,54.01,4392,0,0,-7999
101,2022,284,100,0,12.76,1064,0,287.6,0,0,0,53.96,4595,0,0,-7999
101,2022,284,200,0,12.74,1064,0,274.9,0,0,0,53.99,4494,0,0,-7999
101,2022,284,300,0,12.72,1063,0,260.9,0,0,0,54.01,4392,0,0,-7999
101,2022,284,400,0,12.69,1063,0,206.1,0,0,0,53.96,4722,0,0,-7999
101,2022,284,500,0,12.67,1063,0,223.6,0,0,0,54.06,4392,0,0,-7999
101,2022,284,600,0,12.63,1062,0,155,0,0,0,54.04,4494,0,0,-7999
101,2022,284,700,0,12.66,1061,0,187,0,0,0,54.04,4392,48.56,6.1,0.126
101,2022,284,800,0,13.08,1062,0,341,0,0,0,54.16,4824,142.7,31.63,0.222
101,2022,284,900,0,14.43,1066,0,394,0,0,0,54.06,4798,227.1,40.75,0.179
101,2022,284,1000,0,14.33,1068,0,421.7,0,0,0,54.04,4697,290.9,48.73,0.168
101,2022,284,1100,0,14.28,1072,0,446.4,0,0,0,53.91,4671,331.4,54.8,0.165
101,2022,284,1200,0,14.19,1076,0,493.4,0,0,0,54.09,4621,345.4,57.08,0.165
101,2022,284,1300,0,14.17,1079,0,529.7,0,0,0,53.89,4544,326.7,55.56,0.17
101,2022,284,1400,0,14.17,1078,0,538.6,0,0,0,53.89,4443,279.7,49.47,0.177
101,2022,284,1500,0,14.18,1075,0,534.3,0,0,0,53.99,4417,208.6,40.34,0.193
101,2022,284,1600,0,14.33,1072,0,540.1,0,0,0,54.04,4544,120.6,26.64,0.221
101,2022,284,1700,0,14.34,1070,0,495.1,0,0,0,54.16,4900,26.57,7.231,0.272
101,2022,284,1800,0,12.96,1066,0,296.5,0,0,0,54.09,4900,0,0,-7999
101,2022,284,1900,0,12.88,1065,0,237.8,0,0,0,53.99,4925,0,0,-7999
101,2022,284,2000,0,12.85,1064,0,212.7,0,0,0,53.99,4925,0,0,-7999
101,2022,284,2100,0,12.82,1062,0,200.5,0,0,0,53.99,4875,0,0,-7999
101,2022,284,2200,0,12.8,1062,0,188.8,0,0,0,54.01,4798,0,0,-7999
101,2022,284,2300,0,12.78,1061,0,170,0,0,0,54.04,4595,0,0,-7999
101,2022,285,000,0,12.76,1060,0,165.7,0,0,0,54.01,4925,0,0,-7999
101,2022,285,100,0,12.74,1060,0,155.5,0,0,0,54.09,4925,0,0,-7999
101,2022,285,200,0,12.72,1061,0,141.3,0,0,0,53.96,4925,0,0,-7999
101,2022,285,300,0,12.69,1061,0,155.5,0,0,0,54.11,4722,0,0,-7999
101,2022,285,400,0,12.67,1060,0,156.8,0,0,0,54.14,4595,0,0,-7999
101,2022,285,500,0,12.65,1060,0,129.4,0,0,0,54.09,4595,0,0,-7999
101,2022,285,600,0,12.62,1060,0,145.6,0,0,0,54.19,4595,0.36,0,0
101,2022,285,700,0,12.63,1060,0,174.3,0,0,0,54.09,4925,48.57,4.577,0.094
101,2022,285,800,0,13.11,1062,0,414.6,0,0,0,54.14,4875,140.6,30.87,0.22
101,2022,285,900,0,14.4,1066,0,514.9,0,0,0,54.22,4900,225.3,40.37,0.179
101,2022,285,1000,0,14.28,1070,0,508.9,0,0,0,53.96,4671,291.6,48.72,0.167
101,2022,285,1100,0,14.38,1075,0,542.4,0,0,0,54.01,4443,333.2,55.56,0.167
101,2022,285,1200,0,14.16,1078,0,594.2,0,0,0,53.99,4341,345.3,57.08,0.165
101,2022,285,1300,0,14.14,1080,0,583.3,0,0,0,53.89,4519,325.2,55.55,0.171
101,2022,285,1400,0,14.13,1080,0,597,0,0,0,53.89,4341,279.6,49.46,0.177
101,2022,285,1500,0,14.33,1076,0,564.5,0,0,0,53.86,4341,207.1,40.33,0.195
101,2022,285,1600,0,14.23,1072,0,545.7,0,0,0,54.01,4316,117.8,25.88,0.22
101,2022,285,1700,0,13.8,1067,0,516.5,0,0,0,54.44,4697,22.98,6.85,0.298
101,2022,285,1800,0,12.96,1066,0,350.6,0,0,0,54.32,4824,0,0,-7999
101,2022,285,1900,0,12.69,1065,0,325.5,0,0,0,54.37,5129,0,0,-7999
101,2022,285,2000,0,12.82,1063,0,268.3,0,0,0,54.34,4875,0,0,-7999
101,2022,285,2100,0,12.79,1062,0,252.3,0,0,0,54.32,4976,0,0,-7999
101,2022,285,2200,0,12.78,1062,0,230.5,0,0,0,54.39,5078,0,0,-7999
101,2022,285,2300,0,12.75,1062,0,223.1,0,0,0,54.44,4951,0,0,-7999
101,2022,286,000,0,12.71,1062,0,203.5,0,0,0,54.37,4976,0,0,-7999
101,2022,286,100,0,12.7,1062,0,202.8,0,0,0,54.42,4976,0,0,-7999
101,2022,286,200,0,12.68,1062,0,173.1,0,0,0,54.32,5002,0,0,-7999
101,2022,286,300,0,12.66,1062,0,185.8,0,0,0,54.42,5002,0,0,-7999
101,2022,286,400,0,12.64,1061,0,157.3,0,0,0,54.42,4951,0,0,-7999
101,2022,286,500,0,12.57,1061,0,154.5,0,0,0,54.55,5052,0,0,-7999
101,2022,286,600,0,12.57,1061,0,117.9,0,0,0,54.27,4976,0,0,-7999
101,2022,286,700,0,12.57,1060,0,142.8,0,0,0,54.32,4951,33.1,3.432,0.104
101,2022,286,800,0,13.02,1064,0,360,0,0,0,54.47,5103,135.6,29.73,0.219
101,2022,286,900,0,14.31,1066,0,408.3,0,0,0,54.42,5179,219.2,39.61,0.181
101,2022,286,1000,0,14.28,1069,0,462.1,0,0,0,54.42,4900,285.2,48.73,0.171
101,2022,286,1100,0,14.14,1074,0,492.6,0,0,0,54.49,4925,324.6,54.04,0.167
101,2022,286,1200,0,14.15,1078,0,532.5,0,0,0,54.37,4976,337.5,56.32,0.167
101,2022,286,1300,0,13.99,1080,0,556.6,0,0,0,54.16,4875,320.2,54.79,0.171
101,2022,286,1400,0,14.1,1079,0,578.4,0,0,0,54.27,5256,273.5,49.08,0.179
101,2022,286,1500,0,14.16,1077,0,567,0,0,0,54.37,4976,199.6,38.81,0.194
101,2022,286,1600,0,14.05,1073,0,535,0,0,0,54.42,5002,112,25.12,0.224
101,2022,286,1700,0,13.6,1068,0,486.8,0,0,0,54.47,4468,19.75,5.709,0.289
101,2022,286,1800,0,12.88,1067,0,335.1,0,0,0,54.34,4925,0,0,-7999
101,2022,286,1900,0,12.79,1064,0,280,0,0,0,54.32,5078,0,0,-7999
101,2022,286,2000,0,12.74,1064,0,269.8,0,0,0,54.37,5103,0,0,-7999
101,2022,286,2100,0,12.73,1063,0,235.3,0,0,0,54.24,4976,0,0,-7999
101,2022,286,2200,0,12.73,1063,0,223.9,0,0,0,54.29,4951,0,0,-7999
101,2022,286,2300,0,12.67,1062,0,209.6,0,0,0,54.29,4951,0,0,-7999
101,2022,287,000,0,12.57,1061,0,168.2,0,0,0,54.29,4976,0,0,-7999
101,2022,287,100,0,12.68,1060,0,182.5,0,0,0,54.32,4951,0,0,-7999
101,2022,287,200,0,12.66,1061,0,165.7,0,0,0,54.34,4976,0,0,-7999
101,2022,287,300,0,12.63,1060,0,149.4,0,0,0,54.34,4951,0,0,-7999
101,2022,287,400,0,12.62,1060,0,147.7,0,0,0,54.34,5002,0,0,-7999
101,2022,287,500,0,12.59,1060,0,133.4,0,0,0,54.32,4976,0,0,-7999
101,2022,287,600,0,12.57,1060,0,125.3,0,0,0,54.34,5002,0,0,-7999
101,2022,287,700,0,12.58,1060,0,136.5,0,0,0,54.29,4976,13.31,2.67,0.201
101,2022,287,800,0,13.07,1062,0,438.5,0,0,0,54.57,5103,135.9,30.11,0.222
101,2022,287,900,0,14.32,1067,0,437,0,0,0,54.37,4875,219.9,39.99,0.182
101,2022,287,1000,0,14.09,1069,0,509.6,0,0,0,54.34,5052,287.3,48.73,0.17
101,2022,287,1100,0,14.07,1074,0,561.4,0,0,0,54.49,5027,328.1,54.8,0.167
101,2022,287,1200,0,14.06,1080,0,575.1,0,0,0,54.42,5129,338.1,56.31,0.167
101,2022,287,1300,0,13.97,1081,0,586.6,0,0,0,54.42,4875,320.9,55.55,0.173
101,2022,287,1400,0,14.12,1079,0,594.7,0,0,0,54.42,4824,270.6,48.7,0.18
101,2022,287,1500,0,14.06,1078,0,581.2,0,0,0,54.37,5027,201.7,39.57,0.196
101,2022,287,1600,0,13.96,1074,0,550.5,0,0,0,54.42,4900,112.7,25.12,0.223
101,2022,287,1700,0,13.43,1070,0,502,0,0,0,54.55,4621,17.95,5.708,0.318
101,2022,287,1800,0,12.86,1067,0,311.2,0,0,0,54.37,4900,0,0,-7999
101,2022,287,1900,0,12.82,1065,0,266.3,0,0,0,54.29,4925,0,0,-7999
101,2022,287,2000,0,12.79,1064,0,324.7,0,0,0,54.44,5002,0,0,-7999
101,2022,287,2100,0,12.75,1064,0,247.5,0,0,0,54.39,4875,0,0,-7999
101,2022,287,2200,0,12.72,1062,0,234.8,0,0,0,54.39,4951,0,0,-7999
101,2022,287,2300,0,12.68,1062,0,213.7,0,0,0,54.34,4951,0,0,-7999
101,2022,288,000,0,12.7,1061,0,198.5,0,0,0,54.34,4976,0,0,-7999
101,2022,288,100,0,12.69,1062,0,265.8,0,0,0,54.29,5002,0,0,-7999
101,2022,288,200,0,12.65,1063,0,243.9,0,0,0,54.8,4748,0,0,-7999
101,2022,288,300,0,12.65,1062,0,169.3,0,0,0,54.39,4849,0,0,-7999
101,2022,288,400,0,12.63,1062,0,208.9,0,0,0,54.37,5027,0,0,-7999
101,2022,288,500,0,12.61,1063,0,189.3,0,0,0,54.42,5027,0,0,-7999
101,2022,288,600,0,12.58,1062,0,128.1,0,0,0,54.57,4976,0,0,-7999
101,2022,288,700,0,12.59,1063,0,194.4,0,0,0,54.29,5002,11.51,2.669,0.232
101,2022,288,800,0,13.02,1065,0,329.8,0,0,0,54.42,4849,121.2,26.68,0.22
101,2022,288,900,0,14.51,1066,0,349.3,0,0,0,54.37,5281,208.8,38.09,0.182
101,2022,288,1000,0,14.29,1068,0,406.5,0,0,0,54.32,5129,278.7,47.97,0.172
101,2022,288,1100,0,14.22,1073,0,431.9,0,0,0,54.11,5027,318.9,54.05,0.17
101,2022,288,1200,0,14.35,1074,0,463.6,0,0,0,54.19,5154,329.2,55.56,0.169
101,2022,288,1300,0,14.39,1076,0,457.3,0,0,0,54.32,4976,310.6,54.04,0.174
101,2022,288,1400,0,14.26,1074,0,470,0,0,0,54.39,4900,263.5,47.95,0.182
101,2022,288,1500,0,14.24,1073,0,495.4,0,0,0,54.32,5052,191.7,38.05,0.199
101,2022,288,1600,0,14.25,1072,0,481.4,0,0,0,54.39,5078,103.4,23.21,0.225
101,2022,288,1700,0,13.43,1068,0,444.1,0,0,0,54.42,4798,15.44,4.187,0.271
101,2022,288,1800,0,12.93,1066,0,348.1,0,0,0,54.27,5306,0,0,-7999
101,2022,288,1900,0,12.86,1065,0,302.6,0,0,0,54.29,5027,0,0,-7999
101,2022,288,2000,0,12.83,1065,0,268.6,0,0,0,54.27,5230,0,0,-7999
101,2022,288,2100,0,12.8,1063,0,201,0,0,0,54.37,4925,0,0,-7999
101,2022,288,2200,0,12.78,1063,0,200,0,0,0,54.37,5129,0,0,-7999
101,2022,288,2300,0,12.76,1062,0,212.2,0,0,0,54.29,4925,0,0,-7999
101,2022,289,000,0,12.75,1062,0,164.7,0,0,0,54.42,4951,0,0,-7999
101,2022,289,100,0,12.72,1061,0,141.1,0,0,0,54.29,4976,0,0,-7999
101,2022,289,200,0,12.7,1062,0,165.4,0,0,0,54.37,5103,0,0,-7999
101,2022,289,300,0,12.67,1061,0,129.6,0,0,0,54.32,4976,0,0,-7999
101,2022,289,400,0,12.65,1062,0,131.7,0,0,0,54.32,4976,0,0,-7999
101,2022,289,500,0,12.62,1062,0,155,0,0,0,54.37,4976,0,0,-7999
101,2022,289,600,0,12.58,1062,0,110.1,0,0,0,54.32,5002,0,0,-7999
101,2022,289,700,0,12.6,1062,0,104.5,0,0,0,54.37,4849,11.15,2.288,0.205
101,2022,289,800,0,13.11,1062,0,325,0,0,0,54.39,4951,127.3,28.21,0.222
101,2022,289,900,0,14.43,1066,0,381.9,0,0,0,54.39,4925,210.9,38.85,0.184
101,2022,289,1000,0,14.31,1067,0,440.8,0,0,0,54.32,5078,278.7,48.35,0.173
101,2022,289,1100,0,14.24,1072,0,472.8,0,0,0,54.24,4798,318.1,54.42,0.171
101,2022,289,1200,0,14.15,1077,0,503.3,0,0,0,54.16,4773,329.2,55.94,0.17
101,2022,289,1300,0,14.23,1077,0,530.2,0,0,0,54.16,4925,311.3,54.04,0.174
101,2022,289,1400,0,14.15,1078,0,565.7,0,0,0,54.42,4671,264.9,47.95,0.181
101,2022,289,1500,0,14.22,1076,0,547.5,0,0,0,54.34,5052,188.8,37.67,0.2
101,2022,289,1600,0,14.23,1072,0,524.3,0,0,0,54.34,4925,101.6,22.83,0.225
101,2022,289,1700,0,13.37,1068,0,464.7,0,0,0,54.52,4392,13.28,4.187,0.315
101,2022,289,1800,0,12.92,1066,0,305.4,0,0,0,54.42,4900,0,0,-7999
101,2022,289,1900,0,12.85,1064,0,298.8,0,0,0,54.32,4951,0,0,-7999
101,2022,289,2000,0,12.82,1064,0,215.5,0,0,0,54.32,5052,0,0,-7999
101,2022,289,2100,0,12.8,1062,0,195.9,0,0,0,54.39,4951,0,0,-7999
101,2022,289,2200,0,12.78,1062,0,178.9,0,0,0,54.39,4925,0,0,-7999
101,2022,289,2300,0,12.76,1062,0,195.4,0,0,0,54.49,4976,0,0,-7999
101,2022,290,000,0,12.74,1062,0,178.7,0,0,0,54.44,4951,0,0,-7999
101,2022,290,100,0,12.71,1061,0,148.2,0,0,0,54.34,5052,0,0,-7999
101,2022,290,200,0,12.69,1062,0,133.2,0,0,0,54.49,4951,0,0,-7999
101,2022,290,300,0,12.67,1061,0,120.5,0,0,0,54.42,4976,0,0,-7999
101,2022,290,400,0,12.64,1061,0,108,0,0,0,54.29,4976,0,0,-7999
101,2022,290,500,0,12.61,1060,0,107.8,0,0,0,54.32,4849,0,0,-7999
101,2022,290,600,0,12.57,1060,0,84.7,0,0,0,54.34,5002,0,0,-7999
101,2022,290,700,0,12.58,1059,0,98.6,0,0,0,54.34,4900,10.43,1.907,0.183
101,2022,290,800,0,13.08,1061,0,372.5,0,0,0,54.37,4925,127.7,28.21,0.221
101,2022,290,900,0,14.49,1067,0,413.3,0,0,0,54.44,4875,210.2,38.47,0.183
101,2022,290,1000,0,14.29,1069,0,472.3,0,0,0,54.29,4748,276.5,47.97,0.173
101,2022,290,1100,0,14.21,1074,0,501.7,0,0,0,54.47,4748,315.9,54.04,0.171
101,2022,290,1200,0,14.17,1078,0,526.6,0,0,0,54.42,4798,327.1,55.56,0.17
101,2022,290,1300,0,14.21,1079,0,555.1,0,0,0,54.27,4748,308,54.03,0.175
101,2022,290,1400,0,14.16,1080,0,566.3,0,0,0,54.34,4646,259.9,47.94,0.184
101,2022,290,1500,0,14.17,1077,0,580.5,0,0,0,54.44,4976,187.4,37.29,0.199
101,2022,290,1600,0,14.29,1074,0,539.8,0,0,0,54.39,4798,99.1,22.83,0.23
101,2022,290,1700,0,13.3,1069,0,437.5,0,0,0,54.44,4773,6.104,1.142,0.187
101,2022,290,1800,0,12.91,1066,0,302.3,0,0,0,54.34,4798,0,0,-7999
101,2022,290,1900,0,12.85,1065,0,253.1,0,0,0,54.27,4951,0,0,-7999
101,2022,290,2000,0,12.82,1064,0,294.5,0,0,0,54.47,4925,0,0,-7999
101,2022,290,2100,0,12.8,1063,0,223.6,0,0,0,54.39,5027,0,0,-7999
101,2022,290,2200,0,12.78,1063,0,213.4,0,0,0,54.34,4951,0,0,-7999
101,2022,290,2300,0,12.76,1062,0,188.3,0,0,0,54.39,4976,0,0,-7999
101,2022,291,000,0,12.73,1062,0,166.7,0,0,0,54.39,4976,0,0,-7999
101,2022,291,100,0,12.71,1062,0,158.1,0,0,0,54.32,5002,0,0,-7999
101,2022,291,200,0,12.69,1060,0,143.1,0,0,0,54.37,4951,0,0,-7999
101,2022,291,300,0,12.67,1061,0,132.4,0,0,0,54.39,4900,0,0,-7999
101,2022,291,400,0,12.64,1060,0,118.5,0,0,0,54.37,4976,0,0,-7999
101,2022,291,500,0,12.61,1060,0,107,0,0,0,54.32,5002,0,0,-7999
101,2022,291,600,0,12.57,1060,0,94.6,0,0,0,54.32,5002,0,0,-7999
101,2022,291,700,0,12.58,1060,0,119.7,0,0,0,54.34,5027,13.31,1.526,0.115
101,2022,291,800,0,13.07,1061,0,369.4,0,0,0,54.39,4951,123.4,27.07,0.219
101,2022,291,900,0,14.49,1067,0,415.1,0,0,0,54.44,5078,205.9,38.09,0.185
101,2022,291,1000,0,14.3,1069,0,473.5,0,0,0,54.39,4824,270.8,47.21,0.174
101,2022,291,1100,0,14.34,1074,0,522.6,0,0,0,54.24,5332,310.9,53.28,0.171
101,2022,291,1200,0,14.15,1079,0,557.9,0,0,0,54.27,4976,322.7,55.56,0.172
